-811
20
-1
451
151
-626
-229
-209
315
289
237
327
316
589
395
-458
300
-14
-1085
454
-599
-992
-1106
-217
476
274
-105
-542
-219
87
344
831
-238
357
-1150
876
-294
437
-810
604
-858
444
-301
-1075
404
-605
-734
29
624
719
451
751
128
418
-871
661
-907
195
533
30
-626
750
-823
169
158
-462
403
922
-314
-308
464
531
367
660
-498
599
-1167
-919
262
915
405
-48
702
-570
681
591
146
-73
478
232
552
-353
-639
-603
45
-1022
-571
651
171
311
-761
181
856
822
264
698
-1026
312
-378
92
182
494
-1085
552
-947
428
333
-208
277
127
-806
663
734
591
-274
264
115
253
-291
432
-601
-243
-197
664
105
-73
-805
640
-474
490
504
391
-667
-646
154
504
75
307
-234
-162
266
630
-85
308
859
372
307
-159
432
545
-53
-157
310
810
-639
-28
-546
-68
367
420
254
277
576
104
-180
-937
-1065
-85
-1092
826
588
-623
862
453
-1007
172
426
896
220
425
-969
-117
-943
840
-131
456
207
454
333
545
342
-320
522
-570
650
-469
-216
-708
676
260
673
322
114
-85
371
-713
652
-536
-959
-721
8
523
-997
-201
356
387
409
229
555
493
-964
208
582
226
-160
-944
-349
51
322
530
310
264
404
-475
589
-115
-268
567
101
265
270
418
-316
-40
126
697
-1002
-912
229
-268
574
334
230
-456
470
605
599
339
171
501
-399
758
336
-202
-48
-748
-844
-70
699
276
475
-171
205
599
-207
116
249
-1013
231
-403
-141
650
661
668
563
293
-154
407
125
12
525
-1055
483
-282
342
-172
-824
-723
331
303
-57
232
637
798
200
-228
611
-422
395
593
199
-927
32
-1139
83
259
-1016
267
-764
-861
561
703
127
-1056
114
323
540
-163
-147
-208
-49
-396
-997
-949
-802
-363
-1183
523
426
417
405
89
2
499
-315
205
716
-1130
121
-589
-987
-131
245
-943
296
-605
187
-583
58
-258
530
446
-418
162
-1031
-50
223
692
-21
-159
-127
-461
-1098
641
-581
-217
-385
-773
-337
-1101
312
559
768
-85
192
552
412
-589
-1107
182
916
735
464
390
-134
-364
321
-471
-231
212
-636
173
-41
537
521
427
-42
84
337
-843
410
414
217
-780
582
698
358
721
-70
749
188
-491
-148
704
730
-166
-106
93
-193
-941
-405
-558
448
-1002
-628
313
642
319
429
849
-732
-444
831
551
-902
-430
112
-935
872
-696
703
552
351
-942
-793
-119
348
325
297
-1167
-466
496
-82
-295
547
123
-1032
-125
144
525
-1016
-380
112
-573
-1130
-1057
360
96
536
-990
-1097
-646
-606
310
-130
349
-533
408
-315
-42
774
-976
-775
546
385
-660
391
-296
-74
380
-267
-649
-804
800
275
610
-1070
510
446
573
383
-176
651
695
536
-165
-456
629
-33
-97
262
500
-308
420
-971
423
-129
-1137
311
-327
-703
160
-712
-399
-410
281
372
385
476
-694
-115
699
-77
249
338
568
8
-584
708
833
-1063
-864
40
-1029
739
-238
-811
448
922
-276
285
-940
61
-664
199
293
413
-863
477
-380
701
640
498
313
164
-478
-169
203
-724
-1137
553
-753
530
768
429
-584
559
-398
-515
-391
650
463
-79
445
780
310
117
-737
575
642
393
-442
106
-432
4
359
524
577
-7
67
-181
678
692
-548
311
-220
462
741
490
-712
683
-393
-306
-1087
332
321
213
-1185
-468
-536
-318
442
-365
454
-274
-374
158
-753
363
501
211
693
408
-217
840
210
408
-519
-1022
644
82
-1123
-899
-253
-819
310
733
-120
-300
-806
-829
717
6
220
-1025
545
256
-1142
561
606
-26
-53
-718
291
-451
-494
724
-357
291
171
-754
458
620
729
147
254
337
458
803
-1270
585
318
508
-647
-178
-475
-96
384
252
201
197
-795
290
-1122
-503
510
-840
-900
310
-386
-553
-128
17
530
119
-716
366
641
600
800
-1008
-91
285
-1
499
-354
-404
-621
-780
-182
730
-701
-685
508
-627
-493
-547
592
690
692
-765
-1122
171
176
-378
486
824
255
-794
589
-552
-986
-522
-959
576
256
932
441
-978
-290
505
-510
870
-897
-539
264
302
-406
363
585
91
196
370
655
-1060
-1050
720
-1099
-399
38
-36
-1092
-429
94
698
-61
659
330
-1107
7
440
-975
-856
-436
-41
119
-775
595
-949
-1187
742
245
775
-739
126
36
-217
-201
234
-45
-264
125
596
680
74
373
-1112
722
492
-606
597
-458
348
-495
367
310
56
-958
201
446
477
-582
712
346
681
17
198
707
603
112
376
-268
267
272
364
551
-118
-292
-123
-149
-663
624
-628
-1054
631
-63
754
-694
-334
948
722
443
-1071
-301
-874
-1071
-324
295
-612
-356
613
-922
-392
177
430
231
315
-587
0
-606
61
434
-42
823
521
-12
-719
282
-39
-325
308
732
360
-941
-306
480
-441
203
-606
836
344
-245
12
-254
-642
232
511
-52
-603
-25
-845
76
-14
434
603
-290
217
826
646
-318
648
546
-1166
-164
-912
392
279
150
-986
575
18
-1063
-914
707
498
188
726
476
50
434
326
-209
200
-203
209
174
683
-856
707
-660
-44
694
607
-1164
593
-968
307
-3
-342
266
476
697
-173
210
428
-492
-202
667
-305
229
-626
721
210
522
669
-549
242
-637
367
-106
390
-347
576
246
-430
416
-1151
658
-75
582
517
-387
71
322
-40
-275
-334
350
368
191
-325
177
152
904
297
-83
-76
-998
-929
63
-943
463
298
-274
299
359
766
251
147
-601
171
699
598
280
403
-32
877
-859
659
217
33
688
-677
-535
665
-947
-649
-615
-984
-712
-816
102
272
273
659
-945
-964
-1043
576
531
365
445
213
-993
607
-947
371
540
471
-92
-527
427
44
249
-183
-910
366
-254
-236
446
-616
-100
-714
-343
430
785
36
162
140
-1171
-25
-613
301
-1158
-784
692
574
353
-512
138
312
657
44
441
-253
-29
138
246
-1214
-1052
670
-722
-722
751
-155
-268
55
-291
-71
356
130
190
522
-18
61
635
723
439
-430
-213
500
-127
148
32
-320
428
149
-195
-951
667
692
382
-379
410
199
780
453
667
688
-990
766
681
119
-322
411
-100
-45
160
-502
209
673
-776
-117
-718
156
108
374
128
441
-266
789
-1002
399
-893
481
100
734
-331
689
599
-510
-4
511
450
59
-643
-97
-759
331
249
60
524
173
269
-453
-171
-387
-552
-1026
-716
516
-134
-305
-100
747
-1107
-92
227
463
-104
367
164
-717
-528
-487
229
368
682
389
505
777
392
-324
391
-441
441
576
12
-141
437
-843
532
574
-129
-142
379
469
406
-157
639
389
-451
-689
-1085
-876
448
477
-220
713
756
572
-378
657
-807
-1098
-1003
-759
-183
-1137
-946
220
806
655
61
44
157
-744
275
719
595
-885
637
-388
-222
-348
-50
492
-32
-512
427
-197
-119
-513
182
-960
3
140
434
-130
149
-982
-511
595
-431
308
356
-990
709
-1056
591
83
326
219
560
663
-760
-110
774
624
328
-10
799
-639
738
-1165
614
205
540
736
382
458
342
450
-265
-15
-813
-1082
131
160
-570
-1106
-115
534
640
596
-1049
640
645
-680
350
-759
192
778
-1133
-1
-680
514
148
416
-885
-199
-96
668
307
-1177
124
589
-462
124
384
-1119
-870
232
-695
226
428
-228
-660
-550
128
-960
89
281
355
594
-112
154
-1121
152
411
219
756
-1129
-593
736
128
787
-331
216
379
-764
-269
-1082
-260
333
-749
-37
574
-962
-173
438
-150
347
229
187
649
-378
699
-702
229
633
78
28
-403
569
303
-376
853
686
-447
211
86
493
321
-639
-186
39
240
-885
526
116
208
-440
-820
-223
-868
-748
-316
-1072
-37
-1238
447
-552
-711
217
-732
-813
583
-170
60
411
419
604
140
277
527
-1119
615
556
-736
-1156
12
396
-826
-1062
-149
-361
499
916
-237
615
714
509
442
-1055
333
468
-987
806
576
570
-974
715
431
-134
-216
211
747
524
1
171
273
330
107
392
588
452
172
-191
749
547
564
455
406
-431
-116
-1050
277
337
-977
169
145
462
475
-843
-617
-268
-513
284
692
342
-191
488
404
-51
635
-758
-751
-290
-800
113
185
-507
-694
-944
537
-214
757
399
523
-1202
-279
986
454
780
291
21
767
368
-991
-1104
321
-952
405
88
-115
635
28
326
-496
697
691
-978
-256
680
-618
184
237
430
340
252
562
407
421
173
719
735
156
590
-400
519
-170
-21
127
-960
150
302
775
-801
408
337
172
-759
909
-61
407
392
437
271
-692
545
642
137
690
95
673
521
-363
37
-439
-219
-437
-594
-13
332
-196
-215
-99
304
285
487
474
101
348
-273
399
609
-509
-1065
-891
-768
36
-67
258
423
470
80
178
-138
417
246
295
595
-481
-1071
748
-399
249
652
379
-273
-455
272
-172
756
263
-200
147
-253
-1076
-284
-67
-705
-1023
644
515
567
384
156
262
332
114
426
707
67
-1003
-180
-1125
-98
280
-1176
-1146
280
31
43
-76
-362
247
-794
128
-214
434
458
282
275
-522
21
-1120
859
-951
-856
-265
176
384
-87
-84
254
-337
-1025
603
-1110
555
423
-665
648
679
-260
302
452
108
-503
458
26
-514
-847
73
320
605
389
526
337
419
316
-92
554
-657
-962
610
-767
173
-284
114
408
454
-914
441
-104
385
-567
-134
517
-611
-827
-956
251
385
252
-837
60
-83
-782
546
192
391
-1002
-978
61
198
525
424
-886
183
-104
756
-602
-849
-693
509
-935
642
555
-897
-74
641
498
398
-439
327
-1023
-45
-162
308
-1075
142
-490
-51
-483
14
-1063
-142
-928
-885
458
331
-1215
-513
-927
-848
-138
-471
748
-573
-717
-801
-611
-352
188
-852
-337
319
-22
-1072
16
176
-732
14
-378
694
523
800
495
-152
-76
475
-670
-160
148
691
634
-977
416
768
581
-85
251
-200
-771
-707
-154
-982
61
226
-1189
-610
-848
16
748
44
-981
698
716
47
-435
-192
406
757
557
-15
511
-86
-616
-791
52
-551
487
588
-95
617
217
-393
-206
574
-261
581
-968
448
-1088
396
521
491
-255
750
496
-821
505
636
78
553
763
502
-109
607
-438
240
754
375
-1079
689
-826
-395
307
-146
391
-834
60
-1127
495
25
599
197
286
315
432
765
-653
714
-41
282
325
504
668
220
-694
-1040
294
-1159
260
367
-845
-10
-971
88
321
566
105
-935
36
193
-407
-495
-939
-138
-509
-1064
162
-507
381
-509
-396
-986
630
500
559
-210
-810
617
458
-434
272
306
259
-1133
245
60
773
-147
320
-877
250
470
-640
853
-86
277
798
175
24
-1135
-373
-420
-77
-1241
-1070
537
624
327
50
-108
-717
-159
148
-710
-202
56
-883
-1017
-180
-79
-37
561
-671
556
-223
-262
63
334
103
-575
-44
451
496
173
-1013
-70
508
286
175
-790
285
-15
437
510
690
1
-259
346
-736
-783
-264
570
-467
357
-163
527
797
-736
-79
-527
89
-676
208
-1060
624
44
720
431
-968
-778
-575
-38
405
-1027
328
655
338
495
-105
-282
-243
-701
104
-260
173
-280
440
414
773
337
683
-274
680
383
280
326
451
356
-722
346
69
299
-77
166
-858
670
-20
-1206
347
-701
-1021
-944
742
483
-116
825
326
-245
-67
381
114
275
-1008
-1052
803
-798
-52
881
322
-1111
-1110
569
765
171
-221
-228
310
-475
679
609
-975
397
-186
435
169
416
243
432
499
416
-432
47
423
709
193
428
-292
47
248
586
-369
-55
27
-649
84
735
-581
150
-452
68
89
-208
-1079
-7
-369
530
26
-1163
401
-836
-59
-823
151
443
-898
-853
579
-671
-862
-1183
310
-7
-870
51
563
871
405
533
383
36
227
-769
554
380
-341
681
15
-589
254
360
-52
-532
417
551
-433
351
283
-971
-641
307
26
398
691
408
-453
-766
-1055
-782
448
690
395
-118
60
495
44
366
40
272
-168
-369
524
-181
-1182
314
133
-461
-702
-962
191
434
698
659
25
479
-140
-1062
318
350
-663
526
-331
33
223
113
506
-244
-451
323
-628
97
-761
-782
-399
-320
-22
427
898
91
-888
-784
706
611
249
-282
528
710
-368
-980
-804
96
465
-652
-672
-343
-627
200
-221
372
-266
579
290
-657
302
-1067
277
-289
-1043
-539
-808
429
519
525
423
-307
276
521
-1100
589
-869
-639
756
209
-835
-475
511
10
812
-570
184
-732
-1127
-1049
311
-444
339
722
227
570
742
-702
-1069
395
184
-559
-943
217
581
232
75
209
-622
-289
21
-1008
-1027
-30
-397
394
-1141
-346
-828
-386
445
-947
74
729
624
557
-385
9
-697
-797
-172
107
448
-1097
-160
118
-110
52
748
158
-59
82
-291
-1112
-997
-159
-3
302
476
-356
432
-503
507
124
197
669
-366
-835
94
464
-294
441
747
380
547
-517
-676
422
-174
-174
156
40
-723
915
-141
-27
506
-12
309
227
-909
-157
508
-856
357
-981
343
-529
584
562
109
-616
723
141
524
269
207
-986
-751
709
475
-214
-1175
660
-771
362
-1079
375
-941
314
790
572
179
-124
-197
163
-431
297
431
359
-266
692
179
-711
-239
-794
-867
597
-612
704
-38
-803
-208
326
681
-456
193
367
434
51
-761
-333
433
373
-416
586
318
378
-38
-65
193
-154
-351
-1009
93
458
304
-258
-212
321
306
239
554
-337
5
774
409
-369
-684
353
-996
403
-629
-1028
-20
589
-364
547
241
-602
321
339
360
251
94
-302
-1065
762
-304
472
312
-292
658
3
-214
312
515
680
562
-74
717
210
-483
-795
213
-439
245
-362
438
-194
589
-646
-665
-79
840
237
680
189
763
-216
581
-942
-61
469
-251
369
-118
-460
-803
-139
333
-1062
-109
785
263
-626
679
526
162
781
-779
480
-191
-240
371
-635
-722
78
-820
-82
625
-981
323
195
-610
-291
-1035
746
-1156
571
-710
64
-52
-236
-1022
853
-986
121
322
519
649
695
32
486
-82
312
-140
277
231
590
-378
-641
425
721
-494
-914
376
-842
-177
559
-1022
836
271
380
390
277
426
523
-376
520
193
609
-1088
448
-736
406
-18
-353
774
-1188
871
-147
188
422
522
-613
118
266
-943
410
-1026
85
736
820
-393
754
282
-702
-92
691
831
697
607
395
634
311
322
359
277
450
523
337
618
4
231
-60
355
-73
399
-283
406
523
337
712
848
208
223
573
298
25
-69
39
-63
-86
241
-919
-477
-675
94
-907
-552
311
-147
363
766
-500
309
670
-253
-348
361
447
585
642
315
359
-282
-373
-566
389
396
-1018
717
427
150
-883
302
714
512
533
-635
-190
-601
282
144
815
-748
636
-823
55
588
177
249
60
532
288
243
-1029
500
-83
110
41
-797
-252
342
71
-1011
155
-663
579
-672
-99
17
-925
-771
477
430
-169
-1051
643
321
613
110
-545
305
-901
-9
-1146
-898
696
589
77
282
-61
-713
360
-79
773
-1060
687
-147
-214
366
600
618
-173
-623
12
47
652
-1107
31
-874
-244
-129
-1119
213
366
150
154
754
262
466
151
-972
-783
-938
-290
357
485
685
358
555
463
690
-86
318
457
673
-565
-171
688
-121
607
-239
-769
513
-962
118
-414
762
-903
-79
463
-245
-338
-476
379
415
278
-868
-390
-308
-682
298
396
426
474
-442
-296
672
-1241
413
-646
821
606
698
113
715
272
-644
-981
1
-34
-151
572
-134
115
-1182
-1042
248
607
594
607
468
-79
-162
597
162
311
707
609
695
-399
483
392
-8
260
-311
-990
-477
-380
251
-969
-58
-170
-617
54
596
670
-577
778
-865
-383
267
352
-1107
-74
667
607
-1
318
220
-537
-39
-336
-12
-873
-81
-126
402
-217
122
-724
-1068
642
495
-65
423
493
-769
754
-214
270
-58
-959
-135
-450
-202
438
-614
338
680
-194
-71
44
-637
419
-1008
-141
-722
749
110
-435
-564
-734
245
612
527
113
-1015
649
493
-990
-702
-601
-69
154
-743
569
-891
197
-157
424
-151
-26
205
492
-306
221
21
782
-122
-636
648
-969
183
211
-1159
-736
-697
-846
809
-926
39
682
-825
252
-380
696
-423
483
-545
-493
-989
-39
419
521
-1107
-968
-356
-8
451
696
526
-698
271
652
221
516
115
-135
420
-1028
591
-398
393
-918
149
391
672
-795
-757
453
353
390
-468
318
609
809
588
-439
190
409
-881
197
-154
84
319
-817
358
-708
105
317
-975
360
-175
-34
613
481
454
631
555
45
398
-478
-607
646
-837
366
486
-1072
-823
289
-129
-1158
835
-85
-1008
116
645
642
310
360
-663
296
649
-1158
541
-1166
-827
-624
342
458
41
729
-442
18
-349
-276
2
-316
-442
-261
164
-492
605
-1187
-406
532
-626
-362
291
45
475
-1096
284
487
232
-277
-726
399
378
632
413
97
-599
-483
718
592
-684
92
344
620
496
448
-844
-998
-406
498
488
692
-1045
-404
812
-408
-135
401
-778
-1166
481
-469
250
46
-423
144
427
290
-252
441
291
655
505
-96
217
-677
-801
80
591
-1010
375
-481
-536
603
197
-239
350
491
-295
67
-487
528
40
-453
318
110
-82
-990
370
242
339
195
-1110
143
25
-754
287
780
-7
-129
-345
-258
-113
-468
-494
579
908
-628
347
-451
-419
-1104
653
460
385
-481
538
285
-230
17
-964
-808
-58
437
-1042
84
367
-678
-932
67
-235
-451
-92
-564
909
499
-1033
42
623
506
605
-763
-894
-395
528
315
-981
-999
-572
-774
-819
353
3
656
241
-320
156
687
-1008
-370
23
793
158
290
-762
-256
-663
783
730
458
-55
-79
-924
-957
405
-1028
-451
-262
229
406
248
522
-662
205
812
667
-701
21
-226
-780
-151
316
-392
-52
-471
483
-608
109
690
-1019
-613
-141
379
178
-327
370
246
-910
-42
685
-564
-229
-565
265
393
566
-484
-171
36
464
434
368
-542
-815
13
340
671
-612
315
787
-458
391
-571
175
-77
-711
-116
-652
477
350
356
306
612
445
204
-331
119
390
176
-952
-438
-1157
158
-311
-115
143
524
564
412
285
320
-354
-1241
-382
-294
-251
526
-620
405
-91
-1058
452
-1067
40
342
285
410
823
-958
344
561
-64
28
198
-772
-624
932
-33
354
36
478
500
-368
-1045
111
367
-928
-163
509
363
-827
-157
-430
401
322
-964
-278
702
438
-518
112
102
-962
768
-573
-769
127
413
625
596
640
-406
762
51
-806
556
181
591
-806
373
-376
182
-776
457
667
-180
-504
-600
-1079
-539
583
239
585
-300
-1
515
366
407
-708
-879
35
845
494
423
236
-1123
312
3
-79
-1136
666
342
-134
482
382
-217
99
-226
727
762
-866
178
238
-313
82
-48
-307
-52
-320
457
80
435
-545
-939
615
-903
96
903
-134
-1085
-393
606
-364
719
444
133
698
366
64
-1140
830
526
-11
584
-50
304
-320
466
-416
373
-910
-807
467
-434
-1174
686
356
376
575
71
-1111
632
182
351
-265
404
-288
-116
225
15
809
119
-240
-643
559
-883
519
-217
-39
837
9
-265
703
-550
-63
211
731
629
278
182
371
638
13
-266
-447
-106
578
-304
-1056
333
498
707
613
362
331
183
-949
-37
-1084
848
-183
335
360
-962
509
337
-150
-696
626
642
-134
585
346
718
356
-976
-500
182
552
665
-1019
533
-727
-504
-247
-72
671
377
374
593
780
-365
-69
-238
317
-795
-81
-203
276
657
230
440
384
-389
-826
-230
-213
312
488
-773
201
-52
-1140
-79
637
355
380
-971
624
-874
517
475
493
649
251
-445
-942
-835
-476
755
845
-952
-92
-1057
130
195
31
783
-397
-268
-190
203
908
552
774
-330
-682
-55
80
648
428
-244
-221
524
476
-393
-51
-338
-267
523
-269
546
423
468
-117
766
81
312
241
-341
31
32
747
-350
0
-194
603
-727
14
-27
-1138
534
-698
208
-661
-296
567
203
-775
-314
-45
488
427
-944
-1079
-92
-51
380
-1139
-207
715
530
152
-1015
-490
405
-863
-173
641
151
329
-413
-187
317
266
501
-804
350
-501
395
-330
-52
-12
-440
732
236
-139
826
458
157
-195
763
-746
93
-572
-217
612
-780
940
470
265
448
212
265
-34
645
-968
171
370
474
46
785
-32
393
-804
476
144
521
198
457
170
411
270
119
450
464
627
-1069
124
-1008
453
-35
-187
-853
-83
232
647
318
528
-704
-394
662
103
222
-1214
-1188
312
646
-782
-1010
688
144
-464
0
650
672
256
349
289
-513
-431
-671
570
519
-259
-222
212
70
603
348
859
-217
320
171
635
240
390
742
-968
-59
-18
600
679
697
-484
-574
663
704
366
-457
-766
102
-1008
21
466
-657
17
428
432
-778
-603
331
551
448
165
-611
-195
794
-98
667
-288
-385
438
429
-678
-709
-884
-819
668
306
160
543
-704
-274
748
228
-601
-92
-337
-296
-253
-297
-717
-308
104
-26
-88
-217
-832
-490
378
-204
-263
-325
201
-37
609
442
601
282
429
-509
-216
-853
389
640
190
718
5
-959
-196
-1187
269
-1037
885
515
527
499
370
-896
-48
-503
-6
588
206
638
-1062
584
-35
35
-765
675
-343
-1028
-274
365
767
39
-238
-383
239
635
121
-1202
-169
373
331
739
461
461
-296
375
-13
-856
497
226
287
-767
-824
-12
-963
-859
651
783
330
-77
815
151
376
654
258
-1
528
556
495
2
-259
-784
-827
-909
452
-457
-517
-435
181
-128
-1127
229
-428
-210
-1146
389
-962
505
-284
492
-961
-575
448
124
-865
649
6
729
-24
799
233
473
-276
116
-474
-825
643
570
-473
234
52
689
-1024
-544
550
562
288
398
118
-736
-242
-394
584
489
-373
45
387
369
-310
242
184
742
-713
640
549
211
648
-114
538
-927
572
521
736
-53
672
-372
409
-306
409
-413
-339
458
-86
486
-679
516
-219
-675
-14
307
191
-626
193
-898
-251
-832
-393
-277
188
59
-141
-277
-694
653
169
-901
774
205
231
-574
181
615
442
719
634
-121
607
-561
-427
-510
-349
-273
252
-588
156
146
-11
-850
-716
-763
117
-703
341
754
511
-4
568
606
-108
365
102
-451
904
692
634
749
-1072
311
528
227
-60
523
342
1
-515
91
31
-1071
429
34
114
568
-455
-1099
340
217
-56
291
-460
-441
401
-1139
562
438
-239
-788
525
-620
649
-726
313
-510
364
719
-69
-972
868
713
-267
505
98
-739
105
-878
400
559
312
-236
-852
187
113
415
-30
-771
566
-152
370
142
658
484
-201
-588
-239
127
-122
-380
533
567
-280
477
412
305
839
379
-235
-617
210
262
552
-259
-1106
155
499
-445
-1023
477
-310
600
-37
-52
612
24
385
692
-94
-288
-253
-616
-469
-7
505
561
-1239
-964
-1032
193
-879
142
789
702
727
-445
407
158
-115
-1070
-21
256
-1055
353
522
-1035
391
-932
-724
271
-935
-856
-707
706
398
296
-106
371
303
-274
289
232
-808
-835
353
-622
-134
192
-616
-243
664
486
857
-711
-385
148
126
380
765
106
254
-790
811
400
-1142
-919
-903
-214
-1079
-460
588
411
-1021
-603
877
876
499
239
-185
362
485
-451
536
365
-68
566
318
271
-920
-538
-1071
60
381
523
-867
-978
94
161
541
-863
499
-64
8
-442
-725
485
-648
671
-50
589
-371
815
166
25
279
132
372
313
750
452
306
752
-762
698
742
266
246
316
-617
-169
-639
598
264
736
502
-1167
-122
410
-478
-593
681
509
-989
-1143
488
-968
723
26
-569
-1113
69
496
805
342
442
334
165
761
-89
254
722
916
-898
505
417
-68
-552
666
461
-940
-959
652
682
821
184
-553
-493
-615
498
470
345
-145
-205
211
150
-385
746
665
342
119
-1239
-321
-926
506
708
614
443
-942
-320
-181
-354
365
-29
164
-516
-581
-277
-1045
553
892
566
571
-1024
647
615
738
-931
-433
315
142
305
531
-715
301
588
-807
-983
502
-679
-349
506
183
231
-173
252
293
-720
591
-320
296
749
312
68
-816
691
59
649
-1084
-1040
589
-1198
-1128
413
-462
-99
-1071
-895
-1143
190
464
363
521
-199
116
-581
359
31
322
640
60
-371
245
111
177
-392
-490
-869
789
-61
569
-12
389
-92
812
336
-786
-124
-1341
217
-843
435
451
-605
-925
-178
-794
210
696
-313
-128
322
707
751
-260
17
316
98
-653
209
265
-874
306
-188
-836
176
-277
736
-602
176
-98
176
-758
283
448
-222
821
-85
548
275
222
-1053
-161
217
616
-64
-29
389
591
514
34
260
354
474
562
-166
-441
-1128
36
-639
226
-733
-839
-28
216
-780
-118
412
554
-1009
-117
-649
-1041
12
-827
246
288
487
557
771
659
-971
-871
525
680
448
315
678
-1207
-123
-191
644
371
60
-776
-549
-462
601
-1028
307
752
294
-372
-635
256
453
411
196
-536
-1093
-761
-564
-869
-67
533
-376
-95
589
193
812
471
246
580
-985
-301
-199
239
287
-1119
709
650
-1180
346
182
-561
390
-327
812
95
632
87
652
330
-466
-53
-1234
756
11
787
-532
-26
507
-624
378
-804
-113
-844
282
367
308
171
230
-514
833
-837
-373
193
304
-327
228
36
321
301
70
-346
-338
443
537
698
356
708
51
117
-205
51
342
644
256
372
690
-852
54
528
480
-727
-851
574
739
381
442
743
-864
-978
250
-1270
199
438
-837
242
675
-1086
554
707
-117
62
-606
-265
-512
-331
405
-1278
566
379
-149
682
-617
485
-67
18
-399
-1062
457
-797
266
729
-579
712
732
704
441
-583
690
-117
301
757
59
-408
317
-782
567
-622
-225
-883
-695
803
-183
476
-972
458
1
457
462
197
32
197
462
404
-270
103
608
-733
-690
96
-1057
691
470
599
624
-396
142
604
-543
-492
396
-134
230
-55
368
301
175
-650
280
477
-944
896
-405
-509
630
70
290
448
-711
599
306
341
-663
-886
634
376
709
-228
426
-1063
-677
-702
559
-478
573
368
260
-494
68
806
776
-365
-662
-129
-716
-1060
-816
508
-399
211
-1143
-499
663
127
368
429
743
-128
-89
158
333
525
309
120
-914
780
-816
750
-821
451
-559
492
499
605
-808
-1238
561
-320
613
-972
-989
-761
165
-430
-44
282
313
-547
-701
-999
-581
-660
883
-438
-439
-342
-805
-461
571
-602
657
-938
427
-192
119
-139
780
-189
128
237
-709
74
517
346
-817
646
-226
140
464
-455
530
482
228
702
21
80
840
217
491
76
84
-1133
624
-36
-377
448
708
683
7
275
440
821
664
396
429
-11
496
385
-1090
113
-456
572
-116
462
246
429
496
-997
501
806
607
-946
149
453
312
668
-1051
-825
702
-187
280
318
-1049
-1118
-350
618
-1215
-617
12
397
432
719
-973
369
-458
523
483
16
406
521
396
31
-1044
479
-116
142
828
-628
359
239
275
634
-927
-138
552
-637
581
-100
-829
-795
245
-311
-370
-990
-587
576
450
-526
-301
154
326
-419
533
358
-445
733
-52
10
-399
631
-807
477
-10
73
680
-1130
174
282
546
430
649
-1185
-1034
-347
-1031
-57
-739
419
-274
119
119
321
277
-573
-268
389
212
520
543
-664
309
-215
-333
306
123
539
-85
73
-980
-567
753
293
131
401
-457
404
-410
567
640
-701
568
-149
690
-767
-44
258
812
-427
-188
-353
-690
601
-136
516
158
-539
-667
-808
169
-309
470
-135
-642
-623
-436
-278
267
-804
814
-1046
375
522
-183
559
407
293
-817
-986
-34
555
407
496
-869
378
317
-10
-657
313
-29
-982
31
724
472
249
-829
561
303
554
3
-877
400
-895
-840
344
-925
483
666
447
-239
-398
44
-846
-627
17
554
-397
-72
315
-718
-440
89
793
-310
766
624
277
457
385
-1087
-496
335
-337
10
306
308
40
-79
407
450
502
-311
363
492
-471
-107
-145
-1139
-247
688
-814
-528
-760
-1170
-849
431
118
-281
-510
-268
768
666
-968
430
387
551
-302
-452
161
-348
-977
579
24
578
519
-297
-538
145
332
-237
339
-300
-88
-593
375
337
743
783
524
35
916
119
395
-820
-11
325
-1203
-7
-341
-788
-499
-255
-189
-166
-1059
-677
-759
-310
827
-632
-50
606
754
-685
170
915
390
422
-924
-140
274
110
118
718
-572
-173
-1007
270
321
534
67
359
264
409
343
758
-584
-567
363
-990
649
-926
140
-281
262
532
-460
-302
-852
77
360
534
515
287
915
830
-65
-902
375
42
258
111
-850
344
283
188
-313
210
-1077
-406
690
574
-216
757
51
-927
32
-176
707
230
-956
104
636
-767
-914
735
-339
25
469
485
-532
-1341
-632
-42
134
-251
-823
144
-636
-601
365
-1125
-112
-202
-410
-1110
195
558
149
-1071
402
574
491
204
-431
156
269
466
717
-188
-462
-253
460
-663
783
-593
74
413
122
-981
-1025
211
-177
111
-441
693
-1137
-450
-973
89
140
-162
279
115
369
476
-542
299
-973
-847
306
245
-896
-885
245
-1016
-433
420
524
483
-159
283
-221
-579
872
-915
463
749
766
204
697
-1137
721
757
-840
513
-363
-357
-327
346
75
91
385
-623
-195
-643
566
-309
-64
-154
152
-784
115
-613
353
-254
-72
-210
-582
693
83
-625
220
-136
845
-146
369
642
699
391
430
580
406
809
559
245
470
-469
-244
-201
-242
-243
-472
629
395
381
727
-408
-1184
275
-27
111
394
-21
-1184
240
107
-993
-69
-398
-898
27
-1096
-826
-463
-8
252
-1165
-1077
541
351
-600
-581
16
249
34
4
193
220
591
-1121
492
-980
642
-325
691
770
-1159
615
719
169
203
-1076
-128
314
948
65
19
522
105
170
-863
244
592
-378
451
391
684
-987
302
-798
393
-626
476
-824
-435
-873
-547
7
277
62
116
323
409
607
-648
780
-210
-1084
136
434
560
-117
-109
-481
-58
672
584
-279
398
129
132
-432
337
-27
437
435
39
762
-1135
59
35
407
-182
-92
129
439
188
175
-42
-733
-667
-92
735
-52
508
310
-1034
13
-491
426
512
848
-1139
699
-943
525
-138
-774
-980
-1214
544
102
723
615
299
271
814
238
419
385
-877
484
-1214
20
498
256
-457
573
702
605
653
-277
430
-337
-1184
323
573
80
116
431
-35
-122
420
141
-159
-925
416
337
-782
120
214
193
-168
354
-904
294
-450
-823
369
58
-1115
373
-372
-420
-51
-84
-536
719
491
800
290
-759
272
370
-670
-788
373
322
-473
18
-1018
148
717
277
-980
285
779
-1031
-258
49
326
310
399
365
184
378
-406
-1028
601
-238
320
382
-969
999
-221
420
533
372
-761
35
618
228
-253
736
506
-453
366
352
-1122
-139
-520
-37
664
567
588
-86
403
121
506
-1107
518
-219
468
303
-803
885
-476
399
707
576
-225
-22
-608
-876
546
-964
190
668
446
433
-981
329
827
11
173
546
637
-918
-442
138
342
218
-347
413
-226
164
380
-379
-501
220
282
-622
-1063
458
-535
-41
-1145
-12
410
549
-408
470
763
291
-980
-185
637
-693
-77
-621
-1214
83
-790
412
-399
857
218
928
741
653
322
115
404
-1054
563
-551
554
285
736
-277
192
395
-70
88
8
-403
39
591
754
367
-322
-594
580
822
377
200
640
-182
561
260
-819
-50
662
770
411
-645
-501
451
-529
-676
-661
-828
810
247
234
673
374
240
-37
519
262
224
157
-825
588
370
424
225
387
336
-245
-546
202
-1207
-1023
705
701
-617
-1087
-962
-141
543
-737
310
-29
430
-196
-816
-689
471
19
515
445
70
237
685
743
-1050
623
409
131
-1101
-378
285
572
-70
-413
-140
9
220
-226
239
300
29
406
-980
385
-1019
305
-727
553
-396
264
376
-167
304
-546
184
-527
-1064
268
532
-37
326
721
498
-262
32
-968
-117
-1146
-357
-267
-997
799
40
134
350
721
465
3
-434
-88
-10
452
162
122
-610
47
49
-900
95
710
691
-260
-313
271
-151
164
-476
541
-37
249
-78
-67
148
191
-567
-664
-622
-229
-1050
595
648
593
637
-309
260
613
271
40
-320
-636
-893
-475
195
368
-1102
625
-392
563
552
311
-226
390
193
-569
176
288
-294
189
501
-478
-302
-19
-345
-400
4
571
510
204
-25
479
-663
-391
13
-140
429
803
-606
-293
443
-164
340
663
-746
497
277
-269
-1136
-97
-1068
-116
566
-772
5
9
-768
-79
-570
521
204
86
-67
30
478
-290
554
-779
-1176
-347
-419
404
466
464
-85
74
-316
384
260
65
-1143
85
597
892
-203
197
249
1
-699
251
-538
-550
-981
574
-579
553
406
-353
-160
574
-6
-765
306
-245
642
234
-256
447
-73
94
476
-734
-711
-1138
-8
760
112
366
-419
-217
-771
-61
409
-72
-748
609
471
69
739
-802
639
598
776
-380
498
516
45
-218
-393
344
856
-91
84
-1130
470
-793
-1129
273
77
223
407
416
646
-819
-883
433
183
-909
448
210
453
-165
-1008
389
63
473
318
358
-907
-228
185
-39
-577
612
-276
363
333
-793
359
-1054
476
-320
398
372
421
616
-795
380
604
311
-640
-118
554
13
-984
-260
-199
-26
540
409
463
301
-104
690
-722
-968
197
-50
-182
506
780
-774
-1027
675
115
470
245
615
-392
-741
-270
632
