-3
-7
-95
77
-13
75
-77
25
48
44
-50
-7
-43
-16
18
-7
-20
-9
-101
-12
-118
15
-11
4
-10
137
23
57
-31
27
33
-39
39
-74
1
6
12
-6
77
55
-14
57
-35
47
-46
0
-30
-21
28
-57
-32
5
-87
0
65
-13
-35
27
-61
-17
-51
-20
-8
37
137
5
47
31
123
-1
54
21
-25
-16
-53
-50
19
-39
-16
24
20
67
12
11
-13
-41
-63
3
71
-30
-25
-11
-70
50
-1
-10
97
13
-48
-60
-7
-16
96
-67
-15
43
32
-21
18
-23
27
40
-54
-1
45
-105
17
-39
-16
43
48
-65
21
-4
41
-48
-30
-50
-26
2
25
43
-9
15
75
-1
-45
-1
44
1
-33
-83
82
14
40
79
28
-16
30
-11
-45
-46
-62
25
12
-97
97
69
-60
106
111
51
108
9
-58
0
9
6
29
64
-25
19
14
-20
-201
-7
-88
-63
-77
35
-16
-7
34
7
-93
8
13
57
33
110
-6
6
-68
-65
102
-20
-48
33
-36
-1
53
41
88
47
40
-15
39
-19
21
-36
-9
-1
38
-67
29
-32
51
-26
12
37
-44
96
-7
35
-18
17
54
-5
-27
-67
37
97
35
56
-14
17
59
-51
-13
-89
6
22
0
35
26
61
100
-9
29
-18
-66
-14
-68
-17
105
-53
36
-64
95
-31
-17
37
74
-97
-12
-3
3
15
11
-79
-35
17
-3
24
-8
69
44
-16
43
-7
-68
-5
-36
-117
-35
52
-1
51
50
78
-55
33
-69
0
106
71
36
14
71
-95
-29
-134
31
-28
72
-19
7
36
-8
17
17
93
38
-48
6
-74
18
-2
26
-55
6
11
65
109
44
45
53
-44
-11
-13
-7
-97
57
-37
-75
-16
20
-15
-11
-37
-74
18
12
50
47
13
31
53
-43
2
-43
58
57
3
-14
-47
107
25
-9
-7
67
-38
5
38
48
-114
-29
-49
39
-20
91
-3
-57
19
34
-71
-98
-41
9
37
71
64
2
4
5
-5
90
5
-116
58
-25
5
9
89
20
12
0
8
27
-168
21
48
47
-46
-13
50
-40
-117
27
9
8
-26
33
13
33
-41
24
68
65
-54
-6
83
-23
16
5
23
42
26
26
-64
10
21
28
10
95
-105
31
18
-7
-17
-13
11
-41
-37
-77
27
11
84
46
-9
39
-6
-19
20
-10
-30
1
123
-25
7
125
-18
64
-14
20
-134
14
-90
20
-16
-8
99
10
-65
75
-56
-9
-56
-9
32
86
45
100
13
82
33
17
59
111
-31
-30
-96
16
76
53
6
3
3
0
69
41
31
82
-17
-78
74
44
62
61
88
1
-98
49
77
15
27
14
14
64
12
6
23
5
26
131
-80
-50
16
-20
85
62
7
104
-61
17
-4
53
34
-112
-39
11
-17
-57
-42
-35
66
-64
41
63
39
17
-36
-5
-1
-19
-10
-23
7
-10
38
55
-1
-11
-70
-9
-46
-87
50
51
-42
-54
-40
2
19
41
11
-38
19
-19
-16
10
-115
-11
17
58
43
47
20
-24
-42
55
-87
-65
99
-10
47
12
5
31
-5
-30
43
7
-76
-87
64
28
-5
55
48
4
-38
40
23
-152
11
-77
-135
9
44
33
36
-5
127
63
62
-59
38
-22
68
-69
-31
-52
-64
100
42
-26
5
83
48
98
-65
52
28
-9
-63
-15
-44
-67
75
-3
67
-2
46
-61
-88
-32
62
114
-141
21
-44
-113
62
-12
-25
37
-10
40
-28
86
12
59
49
1
104
21
-44
-25
93
18
-20
-70
30
31
67
11
-68
-84
31
23
76
27
-47
-45
-49
73
-78
-4
-136
-12
9
-24
115
41
10
-64
71
61
-14
87
-8
-67
22
-17
60
-95
-22
104
-70
87
8
17
12
44
8
55
-23
-10
-40
-55
97
23
-103
51
50
49
56
59
-10
66
-61
27
30
-40
53
38
-7
-27
69
-20
30
47
54
52
50
-24
-19
53
29
-91
-81
20
77
21
46
37
-16
16
-15
28
38
69
28
29
44
-29
-7
46
-35
-28
41
-20
25
33
13
-1
37
45
64
-7
-25
84
13
27
51
-9
66
-32
30
6
28
-33
-14
-5
40
44
58
-23
-31
-44
35
11
20
-27
-21
35
138
20
-47
17
5
39
2
137
5
40
33
-5
-56
42
13
8
-41
-16
44
33
85
27
20
-54
34
-22
-13
-2
66
49
-33
9
31
-175
-22
-17
-7
40
-25
10
-19
93
-8
62
23
66
87
15
79
52
81
58
30
27
50
-3
3
0
-11
15
-37
80
18
22
-6
79
-35
-21
-41
25
-19
13
8
-45
-21
-27
35
47
35
13
56
8
45
-16
11
45
-15
49
65
14
19
43
-35
67
-37
-55
2
3
52
-17
74
37
-50
-32
10
-115
5
-16
-67
-64
38
50
-109
-15
-16
33
73
109
62
-22
-50
43
-5
14
106
-59
39
-18
39
-149
74
37
42
-21
-7
8
-76
42
43
58
39
21
-11
12
-13
20
-13
31
51
-20
39
-51
92
-94
8
97
-63
-11
-12
14
-42
18
-70
12
16
22
-24
37
99
-9
-5
-3
-6
30
-70
-38
1
-2
3
-42
-188
-58
88
19
54
-33
61
-16
-44
-25
-38
-50
74
13
75
130
-61
-15
-78
59
42
-29
-33
-25
12
-5
-31
45
58
59
46
27
43
15
-49
-46
80
33
-17
-15
-5
-57
-41
32
117
46
-87
-13
-25
26
-39
-74
53
-13
49
77
-27
-6
25
-37
-13
-41
0
32
45
-62
10
43
24
-134
-47
-2
12
-18
43
-43
22
-29
3
3
-40
-47
36
32
-18
56
-32
94
-42
-25
9
-41
13
26
4
-39
9
-70
68
-95
-20
-3
-1
-98
-56
-19
27
77
45
43
103
-28
-74
-10
26
-85
-18
14
-152
-8
97
14
-20
-26
55
-65
-17
-66
47
6
-91
7
-67
-29
55
-48
12
1
17
-15
21
38
-27
-31
-11
40
139
51
-37
71
-37
-39
-38
36
13
-63
-7
55
99
17
0
0
-4
20
-16
-3
-18
84
25
7
3
69
83
21
-29
-19
71
5
-7
-13
30
-45
113
49
28
-87
-31
-33
74
-10
-10
-7
26
44
1
-50
72
98
96
-34
16
7
-18
-12
23
11
17
26
30
0
-41
-44
15
8
37
-11
-31
-67
42
-78
27
109
-1
19
-24
-20
-102
-49
7
35
-1
-71
3
52
56
20
72
27
17
45
41
27
63
66
81
-33
82
14
22
-89
29
0
-21
-58
-5
31
-10
54
29
15
4
-48
-69
16
-38
-39
-91
9
121
98
10
-48
-22
-3
14
49
-25
-8
-48
26
47
-32
87
-65
44
24
-16
-9
36
-4
7
-31
91
-4
32
22
10
25
58
97
-11
-68
28
11
-21
-12
52
-105
-80
12
44
-32
-21
35
-15
-21
1
-111
77
0
-4
-118
-39
-20
-32
-61
35
33
9
15
41
-64
-20
27
-34
44
-4
37
26
82
35
-91
-85
73
57
17
-4
97
49
-13
-9
-29
34
-52
44
9
39
17
9
-13
-54
-71
37
27
7
21
-27
88
153
40
51
-29
41
-46
-105
-10
-37
23
131
-44
-89
23
92
0
-11
41
-26
22
-86
13
137
-27
56
-61
125
24
62
-103
39
44
67
-10
20
10
-6
22
52
43
79
96
80
-7
34
-17
20
-45
11
-41
-36
-61
35
23
-15
108
68
94
33
69
-13
30
24
72
20
30
14
87
53
-46
116
-51
19
-13
39
102
-74
69
91
31
-75
-3
16
89
-12
17
-50
-2
-38
82
18
89
-36
9
-9
6
92
37
101
-30
-51
-188
-20
-10
25
-99
-4
-124
-31
28
-109
13
-56
-51
-1
-38
55
-3
-71
-15
-71
25
-38
35
-61
-7
2
1
27
51
-66
-8
87
131
-22
113
110
49
-12
109
-39
37
9
-71
-36
72
8
33
-79
33
-117
140
11
53
100
20
-31
-24
31
-7
53
11
23
30
-50
-121
127
-15
6
4
-25
-20
-32
-22
80
23
8
-32
-4
-46
-28
-23
-15
14
21
-8
-59
-84
68
102
-42
13
79
34
34
28
41
41
12
-46
71
-28
-91
-22
-48
39
-23
1
-29
-14
-13
36
10
64
-55
-86
-41
14
27
0
14
25
-7
-3
49
11
-123
-57
6
-12
55
24
-57
-79
124
-47
-82
-98
14
52
-19
4
24
-66
-9
88
-59
-2
1
-45
123
-40
-65
-18
-11
-42
123
-107
-16
14
-47
31
71
-131
101
-67
64
10
67
-50
-1
83
60
37
-13
-18
-59
40
-25
16
145
68
2
25
-26
10
30
94
-74
-5
-36
26
6
-21
-44
-90
-57
47
-50
6
4
93
28
63
113
55
106
55
1
86
15
-22
34
39
-29
23
15
32
13
37
24
55
25
6
-4
-1
123
83
-102
-36
17
39
-10
-6
6
-74
42
-46
65
-78
22
16
2
25
-5
61
26
-34
28
35
-9
88
85
75
-46
-88
62
-3
-43
-16
-90
25
-82
45
48
-12
-2
2
-102
9
29
8
32
-57
60
-33
3
26
-64
48
11
66
115
-3
1
-8
-25
-57
-33
52
60
-94
75
-19
-15
-19
-44
-53
-38
-13
13
27
18
43
-11
60
40
59
72
-49
54
-64
19
-25
12
42
-5
10
2
-84
2
-12
7
-17
-81
6
-37
-3
3
36
0
-98
-72
45
8
-18
27
-64
-32
-1
58
47
93
-75
-39
-12
22
10
-60
20
27
-7
3
-26
28
6
-35
27
8
125
58
45
16
33
82
-112
27
3
49
-37
-18
-48
-59
-38
61
43
17
-27
84
-9
-20
50
11
-42
-100
-44
-57
69
-63
-9
32
28
-3
-60
-60
38
-62
-78
7
16
-21
26
26
23
14
-9
46
85
58
35
-68
-35
-43
-27
25
18
83
34
-46
48
74
82
3
31
-74
8
11
-111
-35
56
82
99
9
50
21
78
5
69
-38
46
43
31
42
4
75
-6
57
-53
63
109
-7
-33
-24
-11
24
-29
37
-24
-40
3
-1
-82
-49
69
52
5
-25
-6
64
-24
-19
35
9
39
-14
-57
-39
7
-54
16
56
4
-12
-13
76
7
-10
23
-59
-16
25
2
-35
-75
-41
-21
-152
12
22
22
-75
-65
-72
83
-17
68
78
-85
50
-12
-19
35
31
83
-46
108
16
34
71
105
10
-53
47
52
80
-10
68
-61
-14
38
45
-24
24
27
26
9
-16
-12
-27
-72
90
-101
78
-168
62
-19
36
18
-11
-12
-122
-57
16
43
-16
17
-40
131
-37
-51
33
-29
-58
31
44
84
93
-91
-51
-9
-24
-12
-164
7
88
49
33
0
29
-19
-88
-88
-25
-9
44
-105
-38
9
90
-59
-46
32
-7
-80
36
105
-22
-63
106
7
67
29
11
-70
15
-21
-42
19
25
6
35
-19
119
98
-42
74
-9
11
48
-7
61
-9
99
-18
26
49
-43
9
-36
-24
-5
87
37
-32
106
-33
66
30
97
13
-14
35
96
148
37
-107
12
0
-78
-98
119
8
-57
66
11
-38
9
110
-34
15
3
-4
12
96
17
13
54
-67
-12
92
55
13
-227
96
74
51
62
-20
35
79
88
7
-23
27
40
62
23
60
-12
-68
12
5
19
-53
15
-39
69
9
-32
5
-11
-9
-125
35
30
-20
52
34
-12
-12
29
63
16
69
85
41
92
83
14
-36
-5
-23
48
61
158
105
25
27
-18
-33
-16
7
15
-72
27
-56
12
71
-38
-2
-13
6
7
-51
-5
112
-35
-65
8
-30
33
10
-18
76
19
43
-88
13
17
-28
30
4
-66
-39
-15
-54
-53
38
1
-13
53
-51
14
12
13
-42
-168
-36
-37
27
23
-51
46
-3
-148
-15
13
-38
6
-54
-27
28
-26
130
-46
11
-40
-16
28
-48
-115
82
35
-17
21
46
7
69
-75
23
-19
-19
22
-54
55
81
-53
12
23
-62
-12
-2
-1
14
49
-16
-66
-59
22
38
-54
-103
-3
11
74
48
-97
-58
30
85
-36
9
46
-42
-32
-52
-1
84
-90
-16
-24
-6
-1
-114
-14
74
0
57
-10
-47
-68
-45
111
13
-32
45
37
-70
89
-1
56
55
151
-12
-107
-35
84
85
34
6
3
-10
-53
8
2
-26
62
-21
9
75
28
-45
-21
-51
32
84
-43
-39
11
29
3
0
-80
-57
2
2
25
15
-1
125
3
-60
-109
49
-36
-80
80
-29
-45
55
39
-50
-79
6
-63
13
44
-51
52
85
-77
-9
84
106
-4
-1
56
41
-9
61
-78
-71
-45
-19
18
85
-35
19
73
-1
50
-73
-41
-13
96
35
88
-11
59
-53
20
-33
-26
-30
50
-35
-20
15
-73
31
-44
60
31
89
50
-21
-16
5
119
52
22
-28
-14
17
-8
4
2
4
61
35
-1
45
-12
21
69
10
115
-135
23
-30
-34
41
-5
-8
105
-21
16
31
-11
-74
-140
-11
93
-2
16
-97
-47
-70
-73
54
-6
-3
72
54
-1
44
61
-24
-55
-1
-88
-28
20
-57
59
41
22
23
-45
-17
-1
-6
-37
-11
-16
18
69
-109
-50
44
36
-10
-91
14
-6
-74
-11
-1
-48
-49
21
39
-89
26
-13
72
48
60
97
-22
-11
-21
22
-15
32
34
47
5
-38
-4
34
24
-6
72
-110
-10
-1
30
-125
35
-53
11
37
14
21
30
69
-18
-59
-7
-54
45
21
22
61
-44
64
-11
-9
-47
22
2
-14
42
33
62
-138
1
35
6
-11
-85
-3
35
-24
9
-9
-13
42
-33
-15
67
15
90
53
123
-10
-74
31
67
-11
-30
-58
72
83
-8
13
42
2
-46
-32
17
56
-54
-80
-33
-1
83
10
-20
-36
-44
-42
-54
82
-17
65
-58
-7
-20
-71
-33
64
71
6
-21
8
38
50
13
40
51
-85
3
5
108
-11
-66
8
112
2
25
-38
34
-90
53
10
7
-25
-14
-26
7
83
52
-1
105
-74
20
18
-51
145
21
13
-16
-6
-34
-6
57
31
26
67
100
-7
85
19
97
16
19
-60
-3
-35
-18
-11
8
-1
-48
-21
-98
-15
22
10
52
13
-43
83
12
2
13
33
-6
39
11
64
88
-22
-78
89
65
2
-23
-23
35
-6
52
-83
-56
4
-14
17
19
-1
13
-90
13
-6
-26
-40
-20
-11
48
-11
20
-5
-54
-9
-81
73
-21
-84
8
8
31
-4
2
53
35
-5
-7
-25
-25
24
33
47
67
-123
-1
27
-11
16
70
38
8
-78
42
57
82
3
81
-86
0
-34
12
-59
16
-6
-60
-19
8
94
-28
35
76
-34
-53
-21
-8
-14
-66
72
-37
-51
-22
89
-131
89
-63
15
75
115
26
1
21
-43
6
71
-13
37
-53
-89
27
-43
-41
-18
-52
17
73
-61
78
-27
-16
-37
2
-23
27
-38
-33
20
35
80
83
59
69
87
-28
50
54
39
-5
83
10
-4
165
43
-1
-81
-49
-11
14
-67
101
-59
61
42
-11
-48
-2
37
-10
19
-8
43
25
47
-3
23
19
42
-1
37
43
40
-4
-13
5
-43
35
-49
-4
-35
81
14
10
35
42
21
-90
7
-28
-75
57
37
42
-97
21
32
90
17
11
31
24
-12
-59
3
48
-6
1
46
40
-106
-45
59
-57
-58
-83
-37
1
32
40
-8
-34
-30
4
-37
2
-58
-7
20
63
-62
-1
46
61
25
30
36
-38
18
8
17
-64
55
65
5
62
-15
-32
131
95
21
25
-15
-20
16
56
2
-13
-65
12
-46
-51
-6
0
36
-36
70
-78
-7
-83
-79
-32
22
-61
33
20
42
5
25
-18
71
-11
60
87
33
84
20
-1
-6
-23
-47
-38
29
-8
9
6
-53
-77
15
-9
31
13
-54
15
85
20
-2
-7
79
-103
9
-66
8
-68
-34
-30
123
-2
-21
75
-71
-25
42
44
37
9
35
23
42
-13
26
52
-9
-7
143
-10
50
5
-3
-29
38
6
40
-34
10
-59
32
8
62
-21
-16
-37
2
0
-2
-15
-61
29
-19
76
0
27
-44
-79
1
-62
-1
-63
2
52
-26
93
-22
35
81
-92
-9
-9
21
71
-51
7
12
-35
-45
31
-32
-83
50
-6
67
-115
93
9
1
43
-65
37
-15
69
56
-1
-82
-44
36
44
79
-17
12
-3
44
58
-78
59
50
-29
22
18
23
-35
-28
52
-112
-12
-41
-24
89
12
-54
-46
83
-77
20
-44
3
-65
-49
-22
-5
-21
6
-16
94
-45
104
3
60
-4
20
17
-13
62
-22
31
-30
30
-38
-8
39
-14
-41
-44
38
35
-151
-3
86
-24
11
-6
-24
-50
-11
13
43
-13
-2
30
-27
-29
-3
28
26
69
67
-28
49
-9
-85
103
-12
17
-5
-18
44
32
-23
17
41
-65
-12
-21
97
68
22
64
40
-30
32
-7
-32
17
50
47
48
36
-58
12
68
53
9
-77
2
-96
-2
27
46
63
113
-115
-78
-152
11
79
60
13
-37
102
-21
-67
71
-22
-7
-21
-23
-30
-52
-22
4
104
119
26
-69
-32
-7
51
13
85
-3
5
32
-8
46
42
-13
50
-27
34
33
-51
-6
65
-54
5
30
-41
13
-20
29
33
56
36
-134
-35
-12
84
9
51
101
46
20
84
-1
-15
-19
33
-47
36
-5
20
31
77
-74
-79
-44
-8
-115
9
8
-15
-19
-2
36
39
-10
-37
-65
31
-1
-75
110
-10
61
18
-5
-37
-26
-38
106
54
13
81
32
33
25
1
33
12
-21
-87
-7
-12
2
-6
-21
32
75
56
-14
119
-57
72
-16
-13
-124
46
-22
-12
7
50
101
124
112
-100
-58
4
-34
-1
68
33
49
-97
45
24
17
3
-9
122
-45
30
53
60
-51
39
-61
48
-36
-58
79
33
-50
108
-32
-9
-26
-111
73
10
59
15
-72
1
89
39
49
-77
-29
-82
18
47
25
79
-55
101
-27
42
10
69
68
-65
31
1
18
33
-45
23
25
72
20
-25
65
-16
-35
-20
-11
-37
-7
9
4
-33
-13
74
49
75
13
14
1
-40
105
-71
-37
-96
-10
-15
2
-27
-16
-53
-70
138
1
31
111
109
-19
49
2
-50
-26
-56
-21
-32
-29
-7
23
-15
-10
-41
30
45
51
-20
-1
71
-68
-23
-52
-22
27
-49
10
23
-109
53
17
14
51
34
-76
72
-78
18
65
-17
5
-30
-10
-42
34
-3
-1
-41
-98
-19
-78
-49
-14
-109
47
107
32
39
9
3
-47
77
1
21
81
-32
-117
-56
-30
6
-33
81
-12
35
30
84
36
71
88
-44
-19
-39
-1
1
-9
11
-16
88
19
52
23
-60
-78
9
8
18
-63
142
30
-48
43
59
47
45
-8
12
18
-60
23
12
41
-73
-41
-55
-1
30
21
12
-58
158
23
-10
18
-28
12
40
33
18
-22
-50
122
48
51
49
-41
18
-9
23
-1
-21
-51
-28
51
47
33
60
23
-84
-18
61
-47
20
-3
0
-5
-18
-21
111
-29
-58
82
43
68
-8
13
-61
-6
7
-91
-1
-9
-58
-55
-53
70
-2
46
-74
-134
27
-25
151
-7
28
20
69
-68
45
23
-123
11
-51
81
-3
-34
-1
25
3
-13
61
29
49
9
48
4
26
19
28
15
63
12
137
95
-58
-1
-113
-31
-51
-51
-8
-1
36
46
-4
36
-56
8
-14
-106
5
-29
25
-63
-35
40
31
-46
-3
58
65
47
-35
14
16
-9
63
1
-51
55
8
-30
142
-25
1
-21
0
15
-34
-33
24
-18
31
-22
90
2
-39
-29
-22
-46
-90
-36
75
29
-45
-25
-66
-27
-18
9
-14
85
27
69
-50
50
52
60
-30
-3
-115
36
39
-112
70
90
-62
27
22
33
-68
44
32
-21
-11
-47
6
108
-51
7
-41
13
54
-28
55
53
9
31
93
-18
5
40
-76
-37
47
43
-21
-14
-68
-67
137
-22
35
21
60
31
-47
19
-56
-88
87
33
99
-118
-59
-38
10
59
18
-25
28
28
-5
-3
-48
30
-50
-1
27
29
44
39
-18
-8
11
12
100
125
29
40
59
77
35
-38
-17
54
74
-40
-34
3
67
-33
5
60
-61
-10
57
-40
23
-64
-39
52
-53
-78
16
81
-29
67
24
55
-38
20
-46
42
2
-3
19
19
1
-14
-8
16
8
14
-2
1
-70
3
41
-47
85
-41
5
-45
-29
-19
-55
-32
48
1
49
-40
61
80
69
8
-17
-32
24
-19
18
-59
2
8
-21
101
26
5
48
-43
-53
12
64
-18
20
12
-141
-46
21
119
9
-102
37
-48
-22
-38
-26
37
83
34
9
-35
67
-26
48
44
73
-5
16
-26
12
-21
18
73
62
-152
1
18
-41
-45
44
-13
-32
14
-28
-88
-3
11
121
-27
-19
86
-20
-29
30
16
47
30
40
7
52
50
31
-37
-3
-11
-44
18
1
-49
-60
118
-7
9
25
64
-52
42
-50
42
8
-27
64
59
11
19
78
-27
-26
42
23
-9
15
106
11
-22
57
68
49
37
3
0
39
-38
-57
-43
-5
9
-122
13
11
-68
35
-16
33
-32
13
6
43
-24
-10
-134
-33
-83
25
112
-116
-10
-1
70
7
-23
68
-40
102
15
46
1
-84
-10
50
3
-43
4
15
-3
5
97
-54
23
59
19
52
46
23
77
99
58
48
-70
7
45
-10
21
102
108
-29
84
-13
60
-19
52
46
43
-37
-21
-13
-5
-57
-37
58
-12
-40
2
15
-90
60
-54
-21
9
38
-18
-10
-37
-62
-122
58
-42
76
-22
25
-37
48
-2
-74
27
59
-59
10
-33
27
62
8
24
6
20
-42
10
15
99
48
-33
-23
41
-11
35
47
-8
33
-34
-94
31
-59
84
123
-27
31
-18
-6
19
58
-27
-38
13
21
44
58
35
18
14
-73
30
-78
33
22
-10
-3
-4
23
2
-98
25
-81
16
8
-13
69
-34
103
89
-99
25
31
-2
27
-35
74
32
50
-27
106
-67
-20
-51
50
-109
26
61
-25
35
-96
88
68
52
-60
15
2
-17
-62
33
-2
34
-44
-27
61
6
-20
81
6
58
-41
-27
44
27
115
-53
-38
26
25
-68
-156
78
-33
16
60
-98
25
45
-71
-1
-33
11
97
-79
-37
23
-5
41
9
-2
-62
-3
-55
-61
125
80
-32
-55
-7
109
104
12
-74
-129
-34
-42
-36
46
-17
8
11
3
31
66
-14
29
-62
42
60
-82
33
18
71
13
-31
44
12
38
29
-19
31
-19
13
-44
-17
1
-46
-13
51
70
16
-15
0
32
-23
-48
-63
-62
-11
3
30
16
-24
-28
4
-22
-31
0
14
-20
59
54
-63
-6
-2
-10
64
34
30
-98
-48
-88
-18
-45
-17
-30
84
1
8
-85
47
-23
93
-88
-45
-43
-60
-41
-9
-19
-110
-4
77
-32
-57
-3
92
44
6
-17
-40
11
45
-15
35
2
23
27
48
0
12
-5
-122
26
115
-18
-76
-59
77
57
-14
-78
9
31
75
131
4
-33
97
-15
94
32
63
-25
13
21
2
77
-43
-19
-80
-15
-115
-44
83
75
65
50
-91
54
15
42
-21
49
-121
-111
50
-88
-59
-29
-7
20
77
-44
-64
-18
4
25
-141
-44
-71
126
48
-43
14
25
15
45
5
2
42
-163
-27
-78
-49
34
39
49
-18
-10
-20
115
69
-62
-1
108
-52
-36
39
68
40
-82
2
-51
33
-56
-20
-13
-21
-74
-6
-65
-26
-26
-46
31
4
26
25
24
-55
103
-49
-25
65
-48
48
85
41
-1
2
-36
-7
-39
22
25
17
-12
24
-89
-65
27
89
-41
29
88
0
10
0
-22
63
-32
22
74
-1
48
-1
-62
-10
1
30
105
53
38
77
24
16
50
52
-17
-65
79
97
76
31
30
106
58
4
-71
-8
-89
60
-57
47
10
35
84
14
-77
-36
9
35
-2
112
26
70
-9
24
-33
58
100
12
74
31
75
-64
-72
65
-23
43
50
-1
11
-5
-21
-26
-42
84
12
49
-105
78
53
90
19
41
22
-18
80
-6
-5
51
90
14
-16
26
82
-78
-15
109
-12
42
-21
-79
44
11
-20
-28
-65
88
34
-79
57
122
40
55
-33
-9
3
22
65
75
-21
-28
17
-12
25
-28
-74
-58
-35
2
-46
37
-51
-47
98
31
-12
-19
15
-11
34
18
29
49
-7
-31
51
-23
20
-21
37
-29
-34
-28
-27
-29
20
-3
5
62
-60
111
12
102
4
-17
33
26
-15
47
138
93
122
-16
-38
50
70
65
-82
1
-26
123
51
-38
42
89
34
-84
-32
12
-32
33
17
-41
-46
-68
24
-2
-33
-68
-138
148
28
-3
60
-39
-28
44
6
42
-82
34
-48
-62
-17
-58
-1
-6
-14
-24
72
-70
-10
96
-20
3
60
31
5
20
-109
-6
74
-88
105
47
48
46
-8
-16
6
-43
-92
-44
98
-24
-11
-46
25
-5
5
7
53
60
99
8
44
4
-7
122
4
-24
40
14
37
-201
25
74
3
-32
58
-43
25
4
-46
0
31
-9
-38
-58
-65
62
-103
101
-12
-1
-58
7
-21
-64
-39
-1
88
17
-68
-38
-24
47
-79
9
-27
31
56
-27
-14
79
64
34
-37
36
42
28
84
6
27
-14
65
29
6
33
38
20
57
105
110
-61
69
82
122
-1
-99
43
-33
44
-60
-21
-60
17
-17
-37
-4
-6
-76
1
-64
33
15
19
-16
5
55
-97
-86
32
39
12
2
-37
18
56
-43
-48
-86
20
-12
12
49
23
23
-3
17
-56
-145
-5
2
54
21
-29
3
-14
-29
-7
-43
8
-81
-14
20
36
-20
2
-11
-77
107
-15
6
-67
-19
-61
-47
61
-61
8
-15
-14
-145
74
21
18
-12
55
-22
10
-33
-9
25
6
-42
13
25
49
-27
-60
30
-49
-230
-44
-90
-29
54
101
41
-9
71
-2
33
21
43
-51
-91
25
72
23
-93
-25
105
10
-14
-1
-27
5
27
21
-39
19
-65
51
2
105
63
142
3
33
-2
-27
7
13
20
-145
-64
-15
-65
-11
121
-5
-6
-27
-18
50
88
32
73
-41
-6
41
-19
-39
-22
49
43
-65
60
-68
33
89
-4
-69
-13
76
-11
51
-5
-3
12
10
72
-20
-133
50
-7
17
-48
-42
11
-7
89
21
1
-19
-62
-24
-29
-1
60
31
-62
-13
72
73
117
15
41
1
31
49
26
-44
22
26
-107
12
10
-2
-16
-18
111
29
79
-59
95
33
21
-61
45
55
-63
-33
-19
-16
6
-22
54
68
-3
112
0
1
-5
38
26
44
-15
64
85
84
-24
-46
3
50
-103
28
-5
-12
-5
39
-10
35
123
59
8
13
19
13
-39
-40
73
3
-13
-11
-16
95
-31
-46
-32
-168
-45
13
73
17
-39
21
23
118
63
49
22
-80
15
-68
33
27
-2
-75
49
-83
37
6
-13
-39
16
115
51
-20
34
17
61
-23
58
-84
-63
86
62
-38
94
39
123
-41
16
33
20
-88
-50
12
21
12
35
49
-69
-52
96
68
-36
-38
-55
19
-33
75
46
54
68
4
-65
16
34
113
-1
-18
-39
4
-26
-22
-23
32
13
49
20
57
-21
80
62
0
-129
-54
97
-26
11
48
27
12
-24
-17
99
26
37
60
10
27
-14
50
109
10
38
53
17
22
68
-18
153
122
20
-46
26
27
1
-8
-85
61
-42
17
-58
-65
-3
78
44
25
15
23
44
-51
55
-6
14
48
17
-1
-3
-9
31
-1
43
-7
0
9
-49
84
-50
-44
103
12
-58
-176
-54
85
51
15
47
66
9
77
-53
-42
45
-98
89
-3
66
15
-68
-14
11
-23
-96
-56
7
5
20
-11
42
29
39
85
-23
40
32
24
-9
123
54
-2
-9
-21
23
17
89
49
43
-73
2
88
127
-31
92
27
76
11
-14
17
85
-4
-20
-33
-19
20
-27
-15
113
19
27
-55
96
-33
-27
-24
41
13
-11
18
20
15
60
84
48
-1
-40
-21
-1
42
-227
-2
-4
-18
-3
9
36
-64
-97
42
-4
-11
49
46
-68
49
-4
-82
-41
3
-25
34
-85
3
-1
-51
-6
41
123
-10
57
27
16
31
-64
43
41
22
-9
15
-35
80
-69
-58
-10
0
32
-176
45
-36
53
4
15
44
78
18
31
12
10
27
-7
39
8
17
-53
-40
-5
58
-44
-90
0
-116
111
60
6
7
27
-61
46
61
-10
-18
-20
104
2
-3
-77
27
-76
-10
-59
-11
1
24
7
27
-69
60
11
-14
-60
12
61
18
4
44
15
-43
1
-76
18
-1
96
29
67
24
83
17
34
8
61
9
79
-18
-45
-24
-37
14
23
-88
-133
-10
-13
-28
-15
-41
57
26
76
-57
-31
20
17
43
38
-10
-15
-25
95
-59
92
12
72
-16
-13
61
-65
21
12
133
63
-1
-61
51
-2
-56
3
10
-7
61
-24
4
-20
35
-60
34
-67
31
-21
-72
14
-152
-53
-47
11
101
-20
77
-4
25
65
37
-45
78
-29
28
68
-34
-24
-10
45
-90
9
-80
-19
-100
-91
-91
28
-59
-1
1
30
112
-20
7
0
-15
-13
-15
36
62
30
-58
25
38
97
37
50
19
-10
-79
77
35
122
-39
68
15
-1
-88
-32
39
-56
-59
57
-45
-64
-6
23
-27
21
-22
25
38
24
4
70
60
-52
1
11
13
-30
0
-1
57
15
14
-26
10
-47
-32
24
110
107
19
-18
12
89
-46
40
19
-8
-36
-6
14
24
113
-47
25
-30
-1
23
-35
-45
3
16
23
2
74
14
25
114
16
-95
7
107
-20
11
-10
33
32
116
110
55
-33
39
10
33
20
-40
-1
10
-69
-18
-16
-64
-74
21
43
27
21
-1
-45
-3
-114
79
-230
-60
18
12
-21
-1
16
10
-29
75
8
17
-75
-29
15
78
-13
-27
-24
58
-50
90
-46
30
41
-69
21
21
64
-5
-43
62
-29
1
-51
14
-22
-47
-152
2
48
-9
0
-29
7
-30
-30
-69
-5
108
-27
-42
-8
-18
-73
10
-44
61
-37
32
-14
-44
-48
33
-6
0
23
-42
52
6
82
77
-45
50
79
30
37
-78
6
66
42
-60
53
42
110
12
49
-4
-45
66
-90
-28
24
71
-33
30
-7
-73
-20
22
-1
47
-33
17
65
1
0
3
-93
-12
36
-3
25
29
-20
-10
44
-42
34
10
-109
63
93
74
79
29
-53
24
60
-123
-42
-68
80
2
95
34
-12
11
25
-46
19
40
47
-20
-1
-68
-79
-30
40
100
-23
-5
45
-15
-27
-26
37
79
-26
34
47
37
-48
-14
-7
20
8
5
74
11
-43
9
18
30
-37
25
122
-45
36
-67
-48
-9
73
8
12
-7
71
109
41
88
-43
53
-104
-47
-7
13
-45
-23
70
-67
-112
28
-25
-43
-127
7
44
27
-2
38
79
104
-3
38
12
51
26
59
-1
143
-13
32
-1
23
-175
91
53
-93
-16
30
40
-26
-55
81
133
-93
105
-1
79
72
-22
37
118
-42
106
17
44
44
22
33
25
-49
87
-85
-34
1
-41
-2
5
-49
87
-78
45
101
5
-60
-29
56
-20
-51
112
108
-77
-100
11
39
-25
125
-74
28
-49
5
22
-20
-19
21
16
-35
10
5
-12
3
3
49
-58
98
-36
31
67
72
37
35
19
5
42
-39
-50
81
21
-26
38
50
-83
-31
-45
-31
44
-9
-96
140
11
34
-77
21
33
52
-10
46
12
41
16
44
65
-23
-9
86
-14
-70
21
-8
-63
12
26
94
-21
-125
-21
-39
69
19
-44
49
-112
36
142
-5
-64
-1
105
41
45
23
2
11
-37
29
10
-47
20
-48
89
21
-15
66
10
-3
47
79
-41
35
-10
-10
13
10
63
11
-10
-43
-11
37
33
-14
-25
10
53
-57
27
43
35
-15
44
64
-24
61
35
-55
1
-73
-8
28
69
59
10
-52
-69
-97
108
-46
-24
31
37
88
-1
37
-35
30
69
-6
-22
16
-17
0
-13
39
39
-43
-22
-13
7
-12
-26
131
-23
-7
-14
99
-37
-18
-24
29
34
19
7
-27
-9
5
-11
-78
-47
20
103
83
83
-28
85
-31
37
-21
-32
39
-10
30
-82
-20
10
18
-18
66
69
81
23
-37
53
39
61
-15
-53
106
-17
12
1
8
-27
27
20
