-78
210
-54
-310
353
-214
-13
501
558
-506
-352
418
260
213
437
-274
479
-249
-586
251
264
-166
408
133
-256
235
206
5
-224
408
100
-365
-408
-168
-14
-351
647
-230
773
163
-635
-530
14
289
-276
844
-372
-460
-311
-30
-140
-482
444
193
-326
-117
735
128
48
298
-33
195
602
350
661
-75
157
-250
501
71
134
610
-102
-160
693
-190
-440
1100
63
405
-413
504
114
787
-189
142
-400
322
-12
-400
-321
-36
-350
545
321
-328
-266
34
27
-371
277
-99
-214
-337
-56
-137
-256
-263
-129
-151
-231
462
-298
-188
119
-142
-623
-104
693
-213
769
-56
-366
-277
460
739
251
673
-450
531
-331
425
367
-475
-220
-160
122
140
643
-542
-276
874
-44
411
-219
-196
-23
-64
20
-306
581
779
-105
-165
-312
-192
-23
391
-159
293
-79
237
-465
71
374
438
204
451
119
-90
-342
-794
-292
-177
-65
-464
348
-7
1230
-217
670
46
-202
436
264
-199
91
-507
-68
-219
-532
-237
-283
27
21
-153
224
-269
-354
430
-334
-267
-142
-190
-411
-91
100
503
-117
750
-470
-438
196
-423
-507
432
-322
-368
-581
525
-192
60
-40
-688
203
-174
713
175
625
180
-192
-314
-118
-525
550
-395
-89
348
232
1136
524
646
-292
204
-213
268
-342
18
-224
756
-166
916
-366
453
823
669
258
168
453
170
297
56
238
89
474
357
-542
-515
-20
233
632
457
69
215
-239
458
-429
181
296
11
498
-261
128
-184
337
209
613
-6
675
140
521
-76
-430
-703
-151
-181
46
105
-401
126
270
370
309
-99
108
-210
20
-85
306
138
-165
-339
-292
-110
-158
202
505
-87
-283
-130
-250
24
210
-274
-233
-180
789
-253
-273
-511
-539
108
251
-133
536
828
-116
315
490
350
-104
161
-243
-301
115
-186
-58
764
-205
-175
558
-325
-101
354
105
251
641
604
243
-12
-216
377
281
0
-243
365
-406
-348
229
-22
171
328
489
43
0
-252
-201
-433
110
-44
-184
-29
160
36
-192
113
-347
464
551
-609
-332
-12
-287
-55
413
664
120
-101
-307
374
131
-206
860
121
-355
-24
258
-266
-63
396
328
-472
293
-181
-49
86
-170
127
4
-277
-77
71
477
912
-505
-611
-5
706
-323
242
641
213
-217
-15
37
298
711
225
-459
522
-182
-115
-226
-417
-4
-179
727
433
687
674
-405
711
-204
-574
91
563
155
-141
-591
-127
-98
146
-59
-413
500
-118
337
-357
-238
220
613
-366
613
973
-460
-79
-348
489
675
578
-135
-73
430
-69
317
-310
-197
296
-828
259
-141
-99
69
-80
-387
-277
104
-142
19
-283
815
-251
8
-149
-211
-490
63
-141
-252
-206
463
833
-78
-245
437
-70
-414
966
-170
-149
259
-53
-316
-438
-218
-370
3
595
322
-362
628
-303
403
578
-449
7
225
42
578
650
-273
247
-156
23
-487
-171
850
28
-440
373
198
124
-409
-81
7
-135
-2
540
63
400
53
383
45
81
-156
426
309
90
-263
876
436
157
186
-189
-32
-366
-464
-195
-154
674
605
648
-60
-228
-252
-130
-175
-324
462
262
-122
-406
184
-298
173
-59
578
486
-323
840
-498
-632
864
-350
836
822
468
804
172
-309
66
-191
-564
264
259
161
632
112
658
785
257
178
-214
613
479
738
219
-544
172
-242
-348
-311
-202
83
-416
840
388
-351
-346
670
821
404
92
19
856
-515
-356
83
380
296
211
298
785
267
-161
452
80
3
-112
-237
-348
165
472
-501
-331
334
-102
306
-179
874
-293
97
193
89
460
-117
116
-96
-140
309
181
132
-35
-64
-205
-93
-531
156
-23
350
867
-506
550
718
70
723
-372
-273
-71
-241
41
-165
105
-160
-105
354
-58
14
833
-331
282
-31
-406
118
-55
-235
-48
511
-172
434
-136
-287
285
-382
836
487
-277
-120
-247
-180
88
-157
-150
-76
599
-30
-470
234
-162
-130
259
-126
94
-22
-224
596
-172
58
-473
-303
-238
-380
14
114
-324
513
-9
-178
-609
136
172
-336
-505
-407
487
263
-174
-416
213
-322
-178
150
864
553
-240
418
50
-405
-373
-400
-677
-218
505
478
583
434
-199
341
153
-353
29
-221
116
-412
525
388
300
-264
30
-400
-339
-427
-476
-338
333
68
1292
655
-324
142
-362
-59
-468
13
283
281
147
531
-479
207
-312
826
642
208
-31
371
-547
671
886
-18
250
268
178
44
455
-116
-238
-336
251
-281
-59
3
354
408
-303
799
370
-69
1165
356
300
368
158
245
460
-415
100
-206
-256
615
293
288
-209
299
205
-433
-335
-56
-414
-183
283
351
29
-405
-322
-253
-440
-309
358
33
-297
845
-372
642
-71
522
156
-262
-211
-130
-331
750
48
365
-127
1173
152
838
936
-4
381
-286
-311
157
-138
-157
99
-362
117
174
-95
1096
-29
-101
16
382
213
-307
362
206
-472
-185
-365
-45
-243
944
-360
-199
448
456
117
-351
226
-620
-422
235
-49
-337
23
91
210
-99
977
-322
-248
1013
-57
-455
-127
-157
36
2
265
-58
760
-128
270
-68
405
133
226
-150
-389
-267
279
1092
-2
-240
434
302
-85
254
-320
434
349
-279
158
-531
-221
-312
165
-287
1090
504
-356
377
727
-2
313
613
-15
-282
-295
317
134
590
-431
345
469
235
114
342
-60
-366
-553
574
33
-192
116
-355
-426
-360
-237
-621
-224
403
418
1081
77
-67
477
475
-268
-185
660
456
-342
-295
-379
374
757
-58
343
-378
94
-398
465
478
252
-437
84
867
-663
-209
-429
191
571
418
-346
354
589
-599
1235
450
-272
-117
51
348
-479
-200
820
93
230
-192
-99
-42
-46
-92
-429
73
542
834
-278
-137
-69
-544
244
854
-356
176
669
-266
-361
625
949
-127
97
-188
786
489
33
-166
-209
-322
-725
-249
-443
20
128
844
218
-366
634
-204
777
-102
-354
20
471
752
-279
220
650
-221
-592
15
-366
-51
362
-415
-254
483
-254
-263
58
-99
-99
661
963
-457
46
731
15
-126
-420
-64
3
-13
586
988
-209
-378
-85
122
-227
678
720
42
-32
549
-181
1096
-279
251
-554
-166
346
779
-290
425
920
903
-412
-159
413
-318
577
58
-400
31
-148
876
17
-265
-421
798
505
864
-32
83
-337
704
156
820
321
110
16
-377
-547
37
801
348
-267
-391
160
-68
1078
-341
611
-418
-164
134
499
260
153
436
464
655
-89
-214
451
-132
316
-191
-261
-423
-468
-226
246
497
50
157
-74
71
-306
187
-245
-182
-12
-65
-200
104
19
-201
-99
668
615
-146
-187
57
-477
734
24
-171
535
-78
286
747
316
-322
244
334
-299
325
-85
89
2
882
-155
-245
-518
317
270
509
-256
-60
-107
-326
582
-140
534
-361
187
584
-365
355
318
596
-409
343
-249
10
-16
-286
457
238
151
209
-168
449
-160
-99
-330
671
-326
302
-136
24
-94
-324
-236
57
-204
816
-235
-426
-407
-214
-293
248
-209
19
330
1063
121
18
-269
114
-108
136
-163
-56
21
-300
77
1
-257
4
774
537
383
348
-2
40
190
-375
-242
388
-285
452
-107
-118
-213
171
14
100
242
-316
553
105
82
224
-113
810
-220
53
348
545
169
-128
212
-527
-183
-299
479
471
553
29
494
-372
-309
-214
202
409
209
-366
-350
82
443
-166
-326
-164
88
-247
226
-242
13
-339
-328
477
-320
-248
-109
-97
-225
-33
-146
326
1084
108
282
153
505
-51
383
-283
-188
175
-260
-94
912
789
652
-231
832
-110
307
-180
245
133
419
-133
-60
311
279
821
-56
517
110
-77
-9
-261
517
-32
211
-216
-331
-246
-137
83
210
-218
585
-515
-10
4
-177
-429
235
-218
274
-185
430
248
160
-477
807
-249
-182
448
-82
84
-381
-108
591
358
-167
-151
9
489
-584
-263
360
740
11
691
-130
668
-568
507
-358
-50
-211
238
-88
56
1147
443
-183
-111
20
20
130
251
-324
929
-251
625
-147
-211
-63
32
599
-312
349
-179
-48
-325
982
-228
372
-43
65
237
340
487
-114
-140
-169
253
-281
-304
-56
-232
873
-240
-135
801
1235
-312
-532
0
283
663
631
318
461
398
-702
127
-231
-205
447
385
-212
-348
14
390
-75
-202
-260
-342
-122
10
392
311
760
-890
720
-202
694
720
195
-62
-200
-104
-274
51
-48
-430
-428
-338
-313
-446
-258
-313
370
124
-73
768
-718
58
-505
-507
-179
-46
1160
261
491
236
544
-115
142
307
660
-197
-302
-282
35
-546
112
140
-434
-214
-635
-195
-158
100
-412
-92
157
527
-214
-402
-234
9
40
17
677
976
9
-53
-651
-316
603
584
207
169
-409
-193
-14
0
468
-363
-212
-190
-4
-526
217
-292
-396
-215
404
997
104
263
31
9
-105
-242
274
-360
-208
826
266
-256
132
-313
582
1
-186
258
-132
71
270
722
-582
-40
103
-114
-95
73
-81
130
-61
-228
34
-278
94
793
728
-139
124
171
-81
-49
353
-105
468
10
-246
-360
9
-763
-213
-208
531
550
-472
-55
-90
-367
233
768
-364
-400
-1
-16
-95
-376
-298
-285
-363
15
1246
-222
-65
424
419
-307
-39
-197
258
-157
-245
-195
69
-522
-206
-54
-21
521
20
102
-85
-526
-316
56
221
483
-61
-315
-105
-294
574
-184
876
141
774
529
-20
139
-396
575
96
-293
-224
867
-275
500
-133
628
460
852
-46
-537
-147
-10
588
268
259
602
-61
-287
-376
-587
326
-61
-438
440
210
-410
-414
745
-498
1114
605
-278
-57
-382
507
761
-182
-333
-101
448
93
-229
-477
-81
381
551
-551
844
-470
-93
-274
371
1236
-65
202
-294
860
-371
248
-168
-183
-445
-172
-238
-324
-181
-102
387
-413
-120
747
47
-99
-43
303
-147
-199
377
821
-444
-402
-144
512
158
308
304
-436
96
-164
-108
-182
-456
395
461
674
-129
-49
60
-283
-435
-360
-16
-123
-472
974
-221
281
-337
-187
687
16
-281
582
193
844
88
-183
308
248
-27
-78
654
-20
244
-115
22
-531
110
-72
35
284
3
-60
-82
-46
-324
-61
233
-186
-590
7
298
-384
-509
120
-242
229
-172
788
-144
719
123
-353
-490
-81
594
-304
1112
-415
-259
-522
-180
-550
-282
-65
982
119
778
-327
-42
-343
292
-116
-351
623
55
-257
-50
-371
54
-329
374
22
385
-413
181
414
53
-192
-526
34
-763
250
766
-451
-55
69
559
-94
-2
392
681
56
-381
-109
-197
98
-197
-474
155
-609
-124
-283
46
710
-56
891
-409
68
-655
-99
1051
-180
-29
-517
909
-474
-166
725
-15
-166
718
133
-306
46
458
-443
458
-244
-611
-24
-118
-361
625
-259
46
418
327
-490
-170
711
341
802
-309
162
-33
867
414
422
-219
298
376
802
132
-140
-120
904
-504
-814
-148
-615
-427
-93
53
-400
-460
-330
586
-37
316
-164
190
-85
-411
127
-112
-389
937
22
14
-326
176
153
230
1185
-151
92
55
279
632
6
-24
-259
-11
437
148
-440
-96
-246
651
802
7
62
218
285
-222
-199
-442
-173
-62
-168
-292
969
-115
769
252
-72
-666
164
-292
467
9
258
3
678
-214
181
-271
980
-246
-180
828
97
769
138
474
494
-363
969
54
205
748
224
308
-179
-508
308
390
460
531
147
-280
-146
400
-322
-257
476
-272
571
-75
-178
-399
-32
-232
-559
-427
100
-208
271
-449
553
-476
-169
233
-594
598
-42
-260
-149
184
-127
523
126
-324
-234
-400
-164
522
-504
-282
-58
259
40
-305
210
161
322
169
-102
649
-304
9
-305
387
82
146
-204
-257
684
391
-409
-364
351
-398
-213
235
-106
286
168
768
115
-496
-427
176
-403
-299
291
754
136
244
-191
611
-88
-40
451
-351
-267
427
771
874
778
-93
11
649
734
-81
-328
357
97
-487
122
834
61
-256
-140
94
-53
-75
-379
-201
-252
247
680
-346
-315
438
-332
949
46
-82
-191
-185
-575
593
69
308
450
-152
67
-479
693
-405
-262
-544
-182
222
-127
-332
-384
-251
-390
-353
334
357
-366
63
577
610
-325
37
465
-380
1024
-335
464
-490
-47
720
101
602
677
-300
91
-98
-52
-316
-342
-436
-336
106
406
-210
67
-388
41
-167
-364
292
401
108
-515
354
1041
-51
150
-397
-158
535
433
-360
39
-151
963
-201
-9
4
139
60
-309
-94
293
222
-73
-125
953
-100
-97
-81
371
-581
-9
-325
351
252
374
678
925
-33
55
447
70
-141
2
1078
-358
-108
-619
-21
-147
-246
-477
69
-168
270
-515
302
651
356
-4
-54
-367
148
-24
3
527
378
-168
-101
160
1001
457
-51
-138
-139
604
20
571
404
104
-380
-330
636
306
-327
-181
544
-18
-437
-149
-273
-651
-166
79
-377
-212
474
437
-261
196
-75
70
-188
-439
-237
166
271
298
10
746
-152
345
-92
-9
637
686
-505
385
-312
-209
-45
326
-475
344
57
-117
-14
-475
-440
788
501
-218
484
565
204
-273
-239
-67
227
128
150
205
-297
251
411
-254
287
-422
155
940
-362
576
504
86
-221
434
-319
636
-19
110
34
377
411
138
-202
66
-78
940
-300
298
631
-306
798
93
-385
-511
-108
-407
976
518
-371
-51
-22
-195
582
-209
-133
-418
-476
436
-109
891
235
136
56
150
676
-272
157
-192
133
460
372
15
50
1058
-241
252
-317
218
110
209
-409
18
266
-413
-227
-102
-483
-430
-199
-269
53
-160
-213
-363
-149
-129
-468
216
275
729
-448
-703
-485
-232
-357
193
353
-346
50
-190
429
-499
39
297
143
593
140
-95
-342
420
45
239
-240
551
-218
-68
-259
-216
-149
662
433
-165
585
-261
-31
132
248
370
455
571
-317
-139
-444
-556
786
70
25
-229
121
-330
566
-60
408
-216
786
-322
458
42
-269
-245
209
-209
-433
176
171
292
834
889
901
-329
286
68
148
183
334
183
15
-30
270
283
-554
389
-496
-88
27
529
-382
-544
-149
264
402
134
463
133
322
-323
-237
226
85
-55
35
-139
-292
251
749
455
989
572
-104
229
984
-388
-130
42
169
304
263
3
-479
-237
-254
-506
396
-644
37
508
124
158
1028
874
-400
-81
-226
-280
-173
1090
-55
290
-324
-209
459
-280
-334
-146
721
-299
-198
-332
1087
-162
-257
-241
323
213
-95
445
233
-9
162
-2
-355
-479
455
334
-53
-114
-483
242
127
-39
-53
243
413
509
-307
0
38
420
254
-128
-40
-389
286
440
-294
120
-367
-600
-162
418
-252
-350
-55
425
-10
-127
-433
-261
401
-304
-84
-123
479
234
107
-168
521
234
31
-7
676
-477
-248
134
673
-383
-81
770
-635
29
15
1071
-112
-312
-54
-406
-16
306
579
-336
-443
490
-92
495
-17
-159
-387
361
-63
-292
34
-92
-418
-294
-400
-33
132
-308
227
158
42
-96
-168
53
173
-243
-158
-259
-248
-118
-462
-246
577
-370
341
-459
-103
771
-283
259
-534
41
-171
264
404
281
-470
-315
283
128
-381
-260
-252
-118
-278
339
286
-181
-77
-112
-117
123
13
-191
174
235
-108
424
1295
909
-119
-27
677
-246
-487
-443
685
636
-137
-314
-387
-226
415
-257
647
791
-128
392
930
661
-415
-307
373
402
-232
-498
-246
15
-110
-95
1051
-245
182
-266
102
-55
108
365
1367
-51
-294
677
-476
-507
637
-165
233
-51
-268
-115
292
-260
-248
-62
-1
42
-438
246
-138
-362
-218
-63
-176
-15
-347
-175
763
494
-396
201
138
-99
595
53
222
-119
709
-61
-253
432
-261
748
-389
-154
688
158
-364
-181
461
-59
689
-104
-394
-108
-210
-385
142
664
431
46
161
109
-191
-269
-414
28
-363
268
-373
792
470
579
7
-693
558
745
236
-82
37
-409
-525
3
328
-24
-172
633
450
80
766
-400
-77
676
-215
418
-48
-347
-172
-23
220
-426
-325
58
93
271
-234
297
-169
-43
-192
292
-821
-114
299
489
140
-365
133
-197
-352
127
15
37
-129
-387
666
-247
-110
270
-166
66
-497
596
779
-171
237
327
51
-23
885
486
-142
-79
-252
-214
-27
150
263
312
-82
157
-21
-184
-398
-591
213
104
-367
512
24
529
348
121
-253
138
-277
-477
63
806
-257
404
328
-168
-260
1182
-413
802
-200
-424
997
536
-256
216
440
-470
-47
-250
32
-470
37
-220
-302
-25
-4
-303
643
595
-50
21
388
30
-203
-153
346
468
1185
494
-136
-180
498
446
-270
4
84
48
-146
40
-164
-513
885
146
-33
263
45
-70
-24
-149
-687
-12
-292
125
-183
367
-397
1133
325
505
949
122
-127
-28
-443
787
-245
-127
-195
-262
39
-303
-188
-179
750
-179
-48
747
-56
69
186
3
273
284
946
596
120
-83
-32
550
-313
281
-374
-115
-235
184
35
936
521
713
-539
284
146
215
-582
693
-175
-289
-274
731
719
-141
-234
126
377
-239
292
37
571
-70
138
208
791
-445
-98
-346
-200
463
732
243
-28
-209
409
-253
-90
-278
291
427
-693
-224
-127
-71
572
-477
-217
-429
-282
-57
858
91
-350
-214
-66
-325
-140
-260
22
-487
591
365
-78
1136
-808
57
-23
472
105
-125
-624
-242
-57
110
143
-463
24
218
450
-246
-375
145
-327
39
126
83
226
774
605
706
-509
-203
-10
630
-56
-346
-438
450
-195
747
-348
173
-139
623
544
-109
507
-329
46
130
658
-71
720
365
1113
-395
201
774
804
72
-429
-216
-442
-186
110
661
-70
168
-227
160
-254
300
-443
-128
105
676
114
190
481
-128
-183
84
153
-24
138
-308
-58
263
-346
-420
136
-51
-474
-10
-221
-183
178
974
-127
53
-158
740
-10
530
-334
802
-713
-546
-248
545
-50
-418
875
68
41
-267
420
-74
134
196
226
-353
-259
-460
71
-298
86
822
-487
-224
-269
748
-28
-261
-527
-609
736
-447
-13
-204
953
-58
824
909
-451
416
930
496
-134
-154
-118
272
579
498
62
-369
-273
37
548
605
-472
175
-122
210
-6
807
54
-91
-67
-16
-593
-264
-149
337
-187
-69
259
187
-245
-37
-34
-142
-77
905
380
-242
-149
-324
-453
-274
85
-278
519
-536
93
-28
-165
583
-131
292
-120
-27
-267
222
-285
-221
593
-377
39
-794
-245
-261
-342
535
-112
1076
950
236
20
-590
-410
372
-66
676
479
663
27
138
-409
-303
-195
45
396
181
-140
244
-201
-144
-462
82
-308
24
-284
-42
64
204
561
-256
279
63
196
222
769
-56
-317
-105
125
-115
537
156
-281
-275
89
266
-17
452
-125
122
-247
45
718
-71
863
-414
-44
-384
207
55
74
460
63
-138
-281
-305
-281
-117
1046
882
1118
937
-402
-130
-277
154
409
-292
-277
-126
108
463
-332
-642
-133
-499
1165
-400
-245
-375
419
1118
475
-32
-64
259
496
-151
-73
-35
1113
-102
173
235
57
-75
-380
-127
174
-183
-260
241
-316
586
-72
287
-367
311
-108
70
-176
786
180
1041
397
675
-47
711
688
56
-531
-430
676
-440
740
198
-491
159
989
-259
641
-779
3
494
-279
6
-170
-327
-286
-336
-415
52
-404
-300
76
-484
-126
845
459
643
789
-350
298
464
257
-138
-305
65
-155
-137
34
-46
-250
412
79
55
647
174
-208
-39
-502
-174
177
718
-130
49
465
-50
285
589
-388
940
328
-517
-279
-13
-489
-347
-228
-154
56
492
287
268
-213
348
118
70
237
-125
97
938
163
-210
-160
-120
-249
861
186
14
344
-620
-355
96
-414
-127
-415
76
-10
-377
493
-179
144
-245
353
-453
-291
-182
-225
-234
1284
-432
-72
-315
301
175
542
-158
-347
65
-494
584
139
-711
-161
630
157
14
453
-73
-57
323
648
-79
815
283
655
-114
-188
128
-434
-169
-102
-486
-157
136
-320
-330
58
193
-537
206
155
628
-380
-172
46
481
636
572
-460
-366
-237
-479
-482
-175
-444
690
537
-375
-330
-323
869
415
341
-10
196
711
642
273
69
-230
0
22
-6
591
786
599
434
-384
-200
-328
-773
170
-20
813
157
96
-299
456
-329
-93
-2
-14
374
-356
511
57
740
662
-496
-169
-99
321
70
201
-129
507
-118
344
-594
162
-200
183
211
165
30
-214
-497
-245
-355
-106
-251
-123
-225
134
178
711
-231
108
-362
-434
-87
84
-1
-114
-151
-24
56
58
24
-233
-33
-510
184
836
44
264
156
-131
-287
-52
330
682
992
299
255
288
599
-39
293
108
-4
256
340
152
-253
-88
-346
-30
50
-249
-48
397
100
387
-154
-141
322
74
-278
-305
-201
567
517
-197
449
-11
-308
273
484
-190
-15
82
-619
426
-187
336
349
372
45
-176
523
-494
-488
134
297
-35
497
250
-54
-73
613
-196
-483
481
-181
207
-234
-4
-86
-448
215
875
337
-330
334
914
-132
-119
-108
-468
-163
-445
-34
694
-307
80
-162
386
563
-200
-166
601
-103
-200
511
396
-115
561
-139
-186
-79
-438
-366
18
3
-231
-269
-68
171
287
105
51
873
346
6
-465
-428
-509
705
-5
237
633
325
421
296
458
286
279
-427
18
542
-236
4
-158
-389
-371
-326
-377
-38
-488
521
-235
266
984
-421
-150
-16
45
400
856
-115
-49
29
-68
719
-532
-429
756
-216
458
950
-199
253
-269
655
-55
-112
-325
370
50
-181
221
49
-418
-194
746
-100
-65
324
85
-391
-346
141
398
236
-169
-221
90
504
99
144
364
577
249
176
-202
-272
201
96
-7
222
25
408
293
686
448
97
92
-218
-176
44
1284
70
98
-222
97
-93
-219
460
718
230
-146
559
5
-322
340
-36
337
55
779
-292
74
-267
440
183
460
-153
-343
-126
-44
-370
239
509
649
389
-404
307
-329
-25
-371
-13
72
-232
383
725
356
-392
20
-664
-104
-108
92
-96
477
-328
1090
-396
-258
-83
799
-207
100
272
720
-226
-262
-333
-303
621
-370
-82
108
317
-434
-252
-292
49
-179
-239
1046
-334
646
548
-14
338
535
583
929
-340
-88
24
798
-259
144
207
-211
-449
377
318
-239
370
89
3
-38
-415
770
339
-214
-488
263
-181
-182
-426
543
-259
-36
1299
-54
542
-162
-502
-262
-277
-65
-55
-101
-243
411
251
876
55
-331
-222
-336
-120
-409
-256
174
-407
-23
39
-83
461
-261
-553
1135
-195
186
-357
177
-5
385
312
36
385
446
-177
243
-247
-275
545
-223
-346
-232
213
174
78
180
-530
436
-46
345
162
-512
-58
597
116
-238
292
-227
-454
168
-197
-409
37
298
-39
735
989
-135
-371
-308
1236
95
220
-219
-424
-231
446
-748
349
178
-179
-263
136
-189
1182
-890
412
19
233
-23
25
504
44
742
-195
661
388
-411
-253
44
-300
63
-528
250
374
118
-320
68
-190
464
-435
966
-356
-51
-364
157
-327
-428
-130
-353
-61
-171
-181
-38
840
345
-195
-118
-190
-394
5
3
-35
79
302
733
-310
229
111
736
-183
-43
840
-31
-314
108
-47
108
479
419
-724
604
59
680
-418
-183
-78
512
-429
-332
-440
-234
-74
-252
357
-326
852
306
909
38
-100
518
-377
-321
-329
418
105
746
-179
-196
-380
-231
-366
-88
-122
-138
374
-238
-371
-26
157
-417
-262
481
-380
-104
-179
124
-186
83
218
-172
390
960
44
-316
-366
-165
-492
810
-7
9
621
-92
-197
642
464
-83
770
214
-143
-165
821
23
212
-52
-73
-391
424
78
-369
206
311
-127
-687
663
-303
345
-92
92
459
-484
632
1129
-50
452
-31
334
-350
43
-259
563
-324
766
463
435
-147
-320
-340
28
259
-277
500
35
-80
601
265
282
334
-611
-158
-291
110
57
450
310
544
-247
-236
-54
123
-33
414
-175
879
152
498
704
-69
-242
286
-403
730
-423
-43
133
418
-711
889
-87
72
258
577
-76
-258
-85
-191
-342
-574
508
-310
532
41
-238
-256
-247
-127
678
698
3
-308
-339
-424
-226
-112
391
-162
-437
289
138
68
-48
205
-200
-557
427
-403
-611
-165
-232
752
444
534
-216
498
-31
750
-111
-252
140
-266
233
202
127
-206
-108
-380
116
673
-725
-110
-27
-97
128
-3
-85
-43
-437
257
422
-435
96
-158
-101
728
89
58
155
-132
-277
-44
352
-132
-565
521
-474
-392
476
494
-140
465
-149
43
-122
-166
-159
393
104
-342
-426
-403
1001
-39
108
-36
1058
141
82
203
-222
-100
-132
-688
88
-57
-75
-113
-64
-184
-587
242
-213
-155
-365
81
-427
-334
-13
-405
459
-154
92
-208
-501
271
213
-146
-205
64
-171
708
293
222
292
257
-381
309
220
599
-503
598
-460
-457
124
-397
321
396
-430
-528
-25
258
-433
-389
-354
-146
-180
-275
485
249
490
919
164
-346
523
-147
603
325
184
431
-306
-10
-359
-60
-140
-208
-501
-400
-394
-236
-149
-136
100
-359
579
491
-158
361
-232
-325
220
103
-217
89
218
-145
-188
-103
-201
283
-202
401
-115
602
842
802
-106
-264
-447
-77
-485
591
-644
740
-438
-281
325
-494
-85
-6
-251
-279
-442
-157
446
7
413
-133
17
162
-77
361
-346
-136
113
196
749
-315
-55
322
498
268
-380
303
-468
257
-546
-187
-260
-182
751
-471
521
-172
-162
-99
-138
-363
-330
280
680
242
532
-206
-356
555
21
544
-378
-31
19
-249
425
500
67
937
-230
-245
731
270
3
272
786
430
640
927
115
173
846
-178
156
340
787
599
264
213
904
704
-64
746
-321
-465
-435
163
-1
-240
780
1013
-243
708
-183
684
-229
213
-346
49
-618
-550
522
507
391
-128
439
1028
427
-388
691
26
-65
-181
-8
450
1024
479
469
-363
-156
703
-275
-22
676
157
221
172
-266
132
-150
1071
221
15
-7
-40
-281
205
104
-24
292
30
-96
-143
-578
340
-20
-175
-80
367
-99
-375
-483
331
-62
227
393
723
-151
-81
-167
630
59
148
-123
314
251
-407
-455
160
-146
196
50
517
148
336
69
1085
-128
2
-422
421
-147
-1
-138
-256
-187
-304
350
245
-373
-6
-175
218
-268
-411
766
-74
-202
-27
-383
-279
-117
435
44
-340
-398
103
277
-192
-443
-256
-293
198
1034
131
65
455
-169
-126
-70
-435
-350
-114
-183
411
15
-214
935
901
340
1129
226
293
-506
738
-40
-377
87
351
750
-551
473
-274
-58
674
1160
-267
67
-326
-593
-62
146
404
-54
205
-86
-265
507
-245
-415
-372
345
127
-218
333
668
56
-155
-188
-221
-343
-227
396
491
-565
331
778
-78
-228
-373
-112
-158
10
573
560
484
-6
-103
286
716
-220
513
169
582
245
949
225
739
-327
343
55
986
-490
786
-387
155
539
-139
753
484
732
-291
-230
-338
-150
-274
-432
-9
598
-507
-23
341
475
-362
215
920
-474
374
-77
148
-71
475
-153
-354
-487
18
170
382
-256
-155
-621
-252
-308
-196
-340
0
582
408
733
677
266
291
-447
807
689
2
-423
-154
-395
-129
156
-357
-165
560
703
87
567
-308
-110
-237
-149
594
126
-215
572
738
1071
542
457
-119
-38
257
-364
-138
696
211
396
207
412
-104
-348
88
-384
-257
-94
49
-282
-261
-141
-45
222
-263
136
-234
280
123
365
175
595
-73
-501
397
18
595
-438
-331
813
50
-334
-256
451
-287
-267
715
-412
-412
-588
-81
310
299
-56
-273
777
-136
-71
293
-422
-77
195
-422
59
-586
-252
-446
-45
86
146
59
-375
157
28
-181
-62
612
674
-160
-468
236
7
-33
-75
-305
-319
660
-79
-74
-475
44
387
705
-346
170
-290
-368
173
-278
586
-475
-40
-159
-357
-405
-68
1147
-4
20
503
-129
-48
-349
-124
-80
623
-216
-115
-48
-339
-163
691
358
-127
-423
271
90
29
-442
579
672
463
-189
-99
-35
489
-261
160
-208
411
177
29
-92
-164
-541
550
-107
-241
636
69
747
266
-308
786
263
-168
153
-9
-51
-29
-18
187
-218
-152
-311
937
-464
-76
-76
713
121
-105
-305
38
-82
-526
29
459
-43
-96
56
29
124
206
317
566
219
-93
395
-430
1019
1084
91
218
340
318
383
761
-239
-96
-36
671
68
-381
-231
275
107
-749
-105
-412
595
196
-503
258
1238
570
138
13
661
505
-55
-4
-234
-153
366
-363
-453
-318
-476
-301
-402
-32
722
487
-323
104
-356
-235
-828
105
-47
173
436
-398
768
-169
-399
490
-387
353
-33
-457
266
-57
312
-641
-193
-26
-150
246
-332
397
763
-180
-197
498
638
-171
-115
52
-347
-285
-275
-191
184
-97
97
-125
-7
-128
124
38
74
-187
-64
-150
84
95
-267
123
-333
578
485
638
704
-468
2
-225
13
-58
293
-149
930
-108
671
-267
-130
673
-460
-140
-92
-39
-347
798
332
3
10
222
487
535
579
-39
794
-15
-532
142
322
-226
-462
-80
213
-240
191
-486
120
-39
-242
126
-381
788
660
-335
-337
-311
-172
162
-92
-153
226
84
-298
-92
402
-251
293
307
846
-244
454
494
-221
680
-491
375
473
-409
220
580
133
1072
133
257
-389
-322
455
-350
126
-205
-374
-19
-291
372
73
661
103
-127
-356
257
-231
276
-86
-365
-258
-213
-88
-166
-303
-72
-575
-515
245
18
640
455
-22
3
-221
144
-409
-530
398
-146
550
-362
-384
-81
25
63
522
266
-429
-120
-485
-67
-162
-58
-322
25
85
-94
-477
800
-188
-544
-713
-75
204
235
-200
351
87
-22
332
320
-14
380
-260
587
-112
647
786
1034
-125
246
-458
110
-243
279
553
674
-216
-391
-302
-184
59
-368
-130
58
142
-317
444
-403
-6
-173
51
-130
36
54
12
-347
854
40
-144
-446
386
279
-150
459
-468
150
-68
339
10
523
245
704
-405
-663
693
183
-519
1092
-49
-117
-243
525
537
1135
-97
-78
438
-222
73
160
479
343
52
-31
-251
271
-283
686
145
705
-311
24
-248
10
676
298
-141
-379
-624
-228
240
499
667
-23
0
-62
486
935
201
649
-51
273
939
-312
212
408
317
501
-72
291
-174
7
271
-559
-212
45
522
-490
790
-16
-109
309
348
97
1076
-47
-60
-228
-447
27
321
99
-250
-218
440
212
487
-245
549
-249
729
540
-42
-144
-790
283
-240
-346
300
-170
-17
-114
271
257
-327
-264
660
1246
-278
-512
507
-520
-408
-110
-169
97
-46
334
-50
-91
-133
-489
-134
771
328
-136
-93
14
-65
-501
-336
-247
133
-274
-9
330
24
-496
340
-362
-421
-44
-58
-398
559
634
-351
-431
-107
41
183
-232
-447
666
-338
251
-308
35
27
-534
-69
-259
149
47
604
-371
-280
107
-2
-365
353
-154
177
-213
15
196
147
566
9
-439
264
-164
338
320
183
-117
-431
293
-221
611
-328
748
-376
345
-156
450
308
-349
-103
383
-455
-72
-362
-342
-123
-102
413
-315
-790
-335
-197
326
-381
254
-51
802
-90
-821
-433
-88
214
-17
147
667
-170
93
276
-74
374
268
207
377
209
-190
-214
-44
156
-36
544
-79
-88
-279
-356
70
220
-315
715
309
-408
-228
-12
-31
15
397
351
42
-467
436
-412
693
-136
-138
-235
773
-88
-247
-410
-485
169
681
-359
-405
686
204
158
74
437
-420
99
415
-275
-85
173
-588
-442
-375
730
-197
-72
108
-345
-429
770
-228
104
51
4
986
65
-36
787
-82
352
-457
297
-272
38
34
-345
-77
403
628
-429
-88
264
383
-599
156
-206
601
53
-254
493
93
27
-449
47
-485
-448
51
312
-498
366
-211
-31
-110
939
-210
-455
-16
-110
-10
-64
752
99
-238
-133
202
-519
-62
-139
263
100
225
-518
711
91
-221
-302
786
-13
-216
379
498
439
169
544
-202
-346
-473
41
343
276
-175
2
-75
29
-337
-146
-48
-93
-72
-172
-265
633
118
51
207
158
-400
-133
-291
-814
413
-15
-447
180
20
385
-112
83
-385
489
204
-190
-169
183
-210
-368
468
521
-305
-164
314
121
-381
599
126
82
-14
177
-375
11
240
-415
8
-45
437
401
-147
612
-422
719
652
333
186
414
52
-358
625
328
-181
120
-129
270
746
505
-29
-27
1087
844
-407
-82
221
258
-407
418
217
105
-140
599
711
190
-460
-343
229
-202
375
-446
-437
1230
786
-447
-208
706
-147
-623
-355
499
-234
-129
42
187
-297
-118
458
-440
-60
-370
-270
-11
10
-305
-335
-269
26
725
-94
-127
107
-71
-292
725
29
807
418
-407
-24
-371
-418
-169
786
-55
425
119
197
-453
274
-155
127
-85
-120
-69
-271
79
721
-135
109
157
668
-254
40
655
-302
160
-70
-48
56
527
-81
-300
245
221
62
372
-68
-484
-325
131
213
154
-440
409
-462
-256
38
501
-485
-315
-120
-264
1090
191
621
-376
-409
411
-18
218
613
1340
-156
-468
-309
-17
-319
940
-419
49
601
-55
-346
158
-108
152
558
182
85
-210
337
132
-180
402
675
-246
373
225
-51
411
104
92
-299
-278
-107
-103
70
58
-400
-642
-30
539
174
298
357
-278
-175
-208
677
350
-258
-29
56
1081
357
51
-336
273
-341
-405
91
-415
-536
263
553
-64
-307
136
101
625
-169
734
-354
475
-36
-278
-1
-170
-352
163
672
4
223
-202
-313
-150
-694
-343
