-361
365
23
-405
-75
789
-124
-724
-219
-387
605
-206
367
-69
-433
205
-545
680
103
-113
358
886
411
-152
-297
-1
-804
-216
-100
-86
-1158
-367
-420
-168
766
-112
-211
-506
-122
-392
984
853
-430
435
-854
-85
478
-274
-730
-283
-509
737
-126
-441
440
-164
644
507
-311
-185
789
1134
-113
-440
307
124
-372
-118
-231
530
-379
-275
298
228
-396
144
-200
-1285
1001
-543
-632
19
992
107
609
297
-211
-556
-421
-221
300
2
-1112
-437
-656
983
-142
-153
-297
-168
-414
104
583
-2
-22
-95
93
-125
-15
743
528
-192
-163
-629
725
-107
-122
-150
-101
-62
612
-105
55
84
-392
40
1011
-84
-384
-209
-134
904
-18
-352
-589
977
584
6
-278
566
-84
394
-169
-190
-770
46
94
-180
58
204
-175
-371
-79
-318
832
-14
-158
-96
-69
817
1017
-791
-142
-221
-153
-832
-370
59
551
189
-804
-270
-216
-199
-335
-317
-941
-628
-360
1154
-1
226
816
-85
-135
-556
-259
-229
-327
-126
-23
266
5
-46
-281
-47
-184
-39
1260
-129
952
765
-112
33
7
-740
-369
-178
-116
89
-587
-325
-237
-140
949
-296
-1118
-229
-229
1084
477
437
834
7
-57
-121
915
-185
-725
-276
263
133
-337
1024
1077
-87
-178
-306
608
-44
351
516
340
763
-284
521
752
-437
244
-781
766
-96
59
829
94
-95
923
278
-57
-278
-127
-824
881
914
-76
687
922
-1010
-375
876
-104
-160
358
-30
-326
-50
-229
-176
62
-193
-380
-97
-153
-1081
-189
791
-1050
680
461
-267
798
-741
-119
-82
-245
-139
-656
204
-160
-166
-69
55
92
109
-137
374
-135
631
-162
254
-478
336
400
-599
143
-198
42
-129
349
-32
1062
-836
876
-37
-204
522
-419
128
159
0
-131
-179
-279
949
-957
-219
-297
-100
-638
-187
266
-936
-225
-170
-383
-518
-314
853
38
-46
-303
-1167
2
-211
-380
1038
225
8
559
-284
767
969
924
1046
-105
-723
-322
109
719
-916
-118
314
898
-205
44
-548
-633
-623
-139
-705
1016
-167
705
-475
-117
-14
-221
-297
-12
125
-307
-296
589
426
17
-53
578
897
-105
13
-186
-125
-208
290
-196
127
-171
983
-226
-619
18
524
454
1065
-111
-9
566
-351
-837
-91
-390
-549
827
107
-63
-136
-524
-490
190
-355
901
402
70
-56
-57
-432
-400
389
121
-310
1111
305
-1046
-609
769
-1051
1015
-67
-172
-237
-41
-56
-269
-170
-589
-558
8
-376
-341
1053
1019
-152
13
-11
1214
-336
-196
-147
-85
-352
336
-201
-183
-182
804
207
-189
-214
361
-146
-489
729
1120
-431
-124
-312
-103
662
-165
-809
373
681
3
934
846
-39
-358
-252
264
-75
-646
909
-837
-213
-339
-403
-267
-75
359
-241
-180
368
-208
-298
-232
158
1344
-386
-185
-433
-37
572
-635
-281
-1051
434
103
-148
339
718
175
671
-80
192
-363
-286
-609
-60
-242
331
844
523
-443
638
-443
536
-884
-156
-279
-32
-130
851
918
-128
-286
371
-74
-136
-147
-26
-403
-46
-117
-263
528
-435
1175
871
-99
124
479
-294
-233
-435
47
-265
-886
-222
-764
-320
-135
-46
1095
1300
155
-382
-266
851
511
-157
-517
1152
-209
-543
-73
-150
663
126
-412
-60
-153
-196
-100
-189
-171
-446
722
1031
-144
-334
-211
839
-367
-214
851
144
-1013
-930
-434
-355
-39
-417
404
515
689
128
-177
-139
-107
-197
133
188
-259
-58
-270
-1058
-54
-266
-963
-246
808
895
47
-272
96
-999
-285
489
-94
44
-764
156
-714
-354
-164
-987
745
-32
820
-283
1309
-431
629
-349
262
851
-1053
-1209
-913
-279
-390
579
174
-656
658
489
-655
745
-190
-150
498
1100
-176
-1
-196
-295
-119
-178
-247
-206
-351
-217
-193
719
-122
1032
182
929
0
-219
-209
-210
840
165
1122
-145
1010
-29
-180
-578
254
-274
-552
115
47
98
-199
-84
-70
523
-216
84
-175
-402
-488
98
-217
784
-422
-118
398
1295
-300
-566
-21
1052
1154
102
653
746
-238
-158
-441
-10
651
-53
218
-365
-190
-524
474
-49
98
-777
-127
-400
-231
898
-17
-251
-297
-571
-165
-339
124
-266
-209
286
-20
874
568
-4
-99
-736
-154
-1158
744
1089
1103
-371
-442
359
-222
64
78
-232
57
656
128
14
-95
-101
-140
994
250
239
73
581
475
-18
-834
-225
-201
846
53
967
702
114
-198
999
-187
239
267
-376
-273
89
518
-122
-208
17
938
-182
392
559
1188
-25
285
496
-726
-168
-564
-220
367
-231
-200
672
160
-172
31
927
-746
-238
-25
-497
705
949
685
-1
-274
327
-593
237
-125
-92
-918
986
122
-1026
-405
-121
-189
181
-45
-116
319
207
821
-193
-27
-147
-279
-226
83
-62
-877
-123
502
243
630
-165
651
-114
-571
838
613
-24
-186
265
346
-162
-766
-328
786
534
-175
502
-778
266
-320
477
1038
-258
-947
1063
564
860
-81
-189
-914
-357
-75
-412
-254
-81
124
719
283
-263
-177
-339
-201
342
775
-614
-23
-1018
573
-320
-257
-4
-130
-152
741
-258
-345
-53
-171
109
-20
-269
-247
-283
-188
-976
769
140
361
671
-400
24
502
-210
-97
-817
-341
-110
62
-277
747
-370
504
-1185
-111
-1002
1184
-553
960
356
440
61
-5
370
-440
-152
-645
-500
-111
804
-136
1145
-259
274
1176
982
-399
-40
475
-511
643
-926
-231
285
-286
446
-573
806
-106
181
-869
824
-111
13
268
-1375
690
-329
-42
-14
171
746
-229
-72
9
-162
-38
1099
-128
-700
-351
7
747
-655
183
-292
-80
-147
946
-1107
-101
-273
691
-117
-646
104
482
-182
960
-360
-108
-552
-370
5
-507
-159
384
41
-705
1175
783
121
-343
1
-275
851
-646
196
-179
-170
-29
-1065
55
-239
463
351
-23
431
-368
626
-739
-507
422
-448
1260
898
523
-292
-60
-156
-431
-109
-956
-135
55
384
46
-79
681
-943
-370
1124
551
479
929
2
-1043
-321
-381
479
-93
145
-231
-1276
-159
75
-292
-14
-151
-441
844
657
306
-40
-114
-101
-792
-186
-216
-265
-415
-899
-82
690
483
1044
-88
-410
857
708
-361
-480
392
81
-581
-135
-612
802
-490
-23
858
-467
-110
-329
-212
-274
892
-207
717
-1299
-391
772
-166
-276
-367
389
286
557
-55
-144
1252
-496
-1428
742
995
-290
262
808
507
665
-108
782
68
314
-2
234
-162
585
-996
-144
-251
-763
655
-180
-116
-178
-121
-638
1134
-231
-57
-2
-199
-64
49
1143
599
-169
-672
748
-213
100
262
241
-450
-127
-516
-28
1237
967
-182
-462
-175
-780
-64
-16
-331
-523
-1248
-20
-273
-294
-487
180
-595
-135
31
-49
181
-765
-646
-416
-28
-152
-373
39
-193
586
719
1129
-978
-210
350
1002
-428
287
-964
53
-148
-135
-153
-906
895
-317
801
58
-226
-160
-409
56
-232
2
-64
-507
-268
-32
-1067
605
237
409
161
592
935
489
33
-175
192
500
-359
-450
-206
-122
-298
-390
-31
-1
-311
-121
448
885
100
-181
725
-46
-349
-734
1062
-709
-259
750
889
732
-172
-214
43
125
925
160
748
-289
-172
-729
810
-295
-328
-781
91
81
-348
-241
-578
-510
-23
145
-205
631
-265
234
128
76
-122
-531
-246
-32
-73
113
-592
715
-127
1099
-754
-255
663
120
961
-871
-136
-369
1008
-281
-724
-538
-27
597
691
-165
-174
-93
229
-157
21
890
-190
47
-220
-154
129
814
124
-1061
-278
562
-273
-120
-559
-89
778
-37
217
-119
1132
-403
265
-412
-781
1
-343
-73
-38
1021
-94
-361
-102
511
61
26
422
7
156
-1126
352
1458
-65
123
-126
-406
772
-500
-854
573
-99
509
-147
-194
507
-244
-225
879
-777
-655
-335
-95
54
668
370
-168
-22
-419
-91
-252
-734
-417
33
1057
861
-812
-269
96
-153
1008
-423
-306
-339
-309
-13
53
-942
1246
-957
502
-274
521
-138
89
832
23
-23
139
-171
-147
-144
68
-723
588
181
528
-101
693
542
504
-429
-156
452
-101
-218
-1030
752
24
502
-127
176
-701
-20
-804
-517
-368
43
-74
-190
-502
21
-379
373
-348
803
364
-222
409
-872
-154
-796
-292
468
224
-766
261
322
1005
-156
-70
-146
988
-70
1237
-271
-129
-1160
674
-522
-522
-87
-78
444
49
-573
-495
-102
-344
-134
-280
614
389
-756
671
-96
-1
-327
168
-263
-82
-221
-438
-283
592
631
2
-916
1069
322
-381
-41
46
-120
-507
-64
86
79
944
241
754
-206
1142
-237
664
250
164
-187
91
945
-405
-142
943
-162
102
-157
-399
-196
-210
-129
-196
571
-298
-9
84
182
-52
-122
-592
-369
257
-83
-226
1124
930
-1049
-141
-365
371
-1189
-102
597
109
-654
-913
907
-378
1110
286
30
-949
-661
-390
-885
-698
947
-781
-231
891
-205
1050
-71
-956
712
-108
-127
-186
-335
-212
-22
846
-914
773
-142
128
-216
737
1104
-1010
-309
-156
-226
-133
-323
-66
988
-150
152
-553
174
-110
84
-571
-53
89
765
869
-2
34
-111
-490
-43
42
-251
-113
-164
-71
-190
-211
939
-23
-191
-24
-405
43
278
-786
963
140
-916
850
828
-1081
-111
1132
-37
705
-117
-109
510
-113
-54
307
780
241
-274
-46
715
41
-33
-515
803
-1275
-302
868
194
-313
780
-58
-340
-338
-624
889
908
-96
-562
1049
358
73
967
-1091
-212
-139
321
38
488
-781
-331
-483
54
9
-219
1093
102
-76
-466
-366
-172
697
-23
-136
-140
-1193
-525
-381
202
-103
-17
364
418
1110
-99
174
784
24
-182
-35
-756
-243
-14
97
-370
-35
786
-64
-79
52
78
-172
990
-556
-291
-154
-499
-412
552
-376
378
841
-292
-57
-219
-354
787
-445
-70
-287
-137
-199
-99
-814
-834
-56
-714
-214
171
-69
-164
356
-112
-781
-313
-332
762
969
-360
427
-1102
1154
1155
-1185
361
-495
-832
4
-255
-236
-313
-3
-81
-207
818
683
-15
-228
-705
-969
937
-209
2
-95
-218
-209
-79
910
1126
-230
46
-899
-802
129
25
-10
38
591
923
204
107
-179
-182
681
25
-121
-164
758
1070
-185
-383
-187
-393
107
399
1116
156
-164
-522
662
41
488
0
-900
-332
-110
52
-200
1142
-126
16
-308
-177
630
-319
-359
-763
-475
371
569
339
113
241
86
-694
-1328
-323
-58
-534
-176
-127
145
-20
-216
-175
-425
367
-544
-269
192
-786
-190
-916
777
883
297
142
-269
-648
575
-25
-657
-1202
71
-222
754
-168
-59
-269
-292
-122
-930
-261
-267
-191
-53
133
-150
-581
-1193
104
363
515
84
84
-61
23
1074
-73
-101
345
-336
557
778
42
-271
-434
-865
-131
912
-360
-191
-802
-184
979
806
1057
-119
-140
-406
595
-391
739
38
-1375
-32
-11
569
-275
-558
-168
421
-125
-623
-914
777
-34
-338
-883
927
-371
-143
139
278
323
-25
1039
-8
933
-456
-320
772
-931
591
46
804
-391
-588
-206
1502
949
-25
-609
-275
908
-123
-126
254
-1206
-418
793
937
865
1050
-83
788
-64
-95
-203
-117
752
13
-225
513
-333
-191
-152
-166
-107
802
638
-182
-618
-79
-69
-83
-252
1096
-217
354
-47
278
-372
396
-365
342
-166
-277
-419
-1050
215
-668
-1008
-618
-295
-31
-270
-100
192
-325
337
449
-19
192
-23
1268
-150
-11
-77
934
-21
-298
171
-367
1309
-48
-193
517
-119
732
258
-660
-335
-412
-490
-117
975
993
820
-1251
76
-316
918
241
-69
229
-171
913
89
-53
-466
16
151
-216
55
364
68
-4
-50
-884
-186
626
363
318
-1079
-54
71
638
-215
969
196
-1126
71
-1067
-758
806
63
581
-16
-166
92
922
-161
-331
833
115
84
-880
-37
118
-365
-175
-252
-922
-273
-180
589
449
-146
672
58
988
1079
671
-333
902
68
1149
-379
-69
-73
-183
1001
-143
-375
547
-604
-196
-2
-72
-160
-189
-251
87
3
-173
270
301
-93
-1053
-257
-610
417
804
-316
-519
208
319
-545
-490
-394
-232
230
842
-144
-185
544
0
647
-334
838
518
-240
-32
-94
-569
-74
-23
-152
762
190
551
-335
191
-309
-243
1276
301
1158
-61
-312
654
-468
-92
30
207
103
569
54
-1275
-182
172
937
565
68
838
3
668
-199
1109
-987
757
770
942
-564
966
-146
1208
-777
-241
-251
-245
-570
672
-190
-280
557
-166
-247
-944
-54
416
18
571
304
960
-233
-317
-395
-117
-66
-226
-490
-16
215
-25
591
-284
1017
325
-175
-112
632
-117
-92
524
-282
-112
24
-679
-210
-777
134
-58
-412
-471
-149
562
312
939
-140
-478
850
1111
-1331
288
89
-77
12
-919
-86
-375
93
-249
-496
-708
-180
1084
-59
-102
464
-332
355
-136
903
-272
123
-274
886
21
429
-77
269
1065
1000
907
-233
-92
201
-446
-10
20
-218
222
165
844
-2
405
-941
-452
-63
-216
872
-329
-119
740
-733
-893
-228
995
-89
908
-595
-437
-272
-239
-79
68
-882
-305
-135
-594
946
367
-247
-683
-209
-97
591
-118
118
-85
-25
354
741
-118
-329
810
-562
193
-157
-223
-392
-877
818
-125
459
-1128
131
1019
-53
-208
588
-288
369
-510
39
429
952
-853
80
566
204
592
-1046
-172
44
-365
-617
-113
442
-1275
-72
681
300
-338
-46
-528
195
-152
25
-137
1021
-987
-74
-96
-41
-996
-865
239
-725
952
-517
681
-319
52
860
-33
-113
-81
267
-218
-125
-879
1249
774
-727
524
57
31
-483
-431
-105
970
-167
-176
689
-126
-299
548
-295
680
-601
750
-158
773
24
-169
-200
-102
-969
-1021
-284
-75
444
-80
-218
821
-221
-902
999
207
27
-281
912
-193
-58
-666
-564
64
-13
-203
969
-23
876
72
-272
-266
-408
-309
93
-173
-83
-1206
803
164
558
-223
665
468
-409
-646
263
-202
53
-180
-941
-297
-506
131
-182
1026
943
-846
-218
-75
163
185
-832
160
-654
241
-66
316
73
690
-621
-317
-137
-280
-2
846
-655
-467
-479
-243
-595
-190
24
-122
-135
-102
-746
-93
-527
307
-490
-52
-925
6
49
405
-62
-218
1158
-153
945
1049
-225
281
-181
1117
-419
976
1300
-194
-73
833
-76
92
94
322
189
32
-154
-46
377
-274
1100
73
-1239
-278
-60
482
-176
94
-123
725
-624
1312
-113
-893
-344
52
-21
-861
176
-101
-863
-15
567
-879
-205
-111
706
20
-153
935
1034
-488
915
998
-153
-153
-4
82
-295
455
-394
-53
-14
945
-185
239
-430
28
-1054
41
-140
-733
-855
230
7
367
8
257
26
557
-444
693
237
675
68
109
-89
-235
-48
72
-73
402
-252
434
-471
257
138
773
519
579
312
24
-646
-332
-347
-157
23
-584
-1197
-111
112
-216
623
-312
-519
839
-1112
-126
806
-661
-269
-222
-43
-969
-16
-229
-153
-883
-386
-756
1037
-111
567
-219
-431
-694
19
0
-120
828
427
-675
5
-370
384
-855
643
-832
-101
285
-270
-164
1
483
-141
-1065
460
-182
-132
-64
129
-23
-55
-338
464
20
952
-32
-27
-538
679
-62
-32
-309
-309
-770
-467
476
-173
-12
-12
33
1017
136
-308
489
782
521
133
-234
180
59
-86
328
3
-105
83
-193
-103
-357
802
-14
-187
-142
-257
-429
-146
-21
67
-313
619
-422
331
-813
-259
-152
81
725
1035
116
-787
-142
-125
592
875
189
566
-459
339
39
258
992
3
-995
1248
-1251
442
786
782
104
328
-226
-261
-136
92
41
302
-118
-55
286
-60
-33
-384
-171
-226
1053
651
-169
567
197
927
-603
-24
1249
390
-162
902
804
-361
357
-627
65
69
-261
-125
261
-328
70
-372
879
795
-124
-74
354
-25
1140
945
-101
897
-167
-142
-981
33
44
218
-428
232
-186
9
102
-124
488
-108
1038
1024
-22
-226
1065
1089
-312
73
-237
-153
-55
183
955
-340
-595
-72
680
-576
186
255
-348
-196
-902
666
-69
-235
-55
1074
-393
184
-101
-260
1295
328
650
-88
176
853
-5
915
282
-190
-10
-34
-546
-99
-984
-393
139
20
694
-627
-323
476
-308
937
-246
583
-198
-520
1010
-58
115
-142
-44
-179
890
-261
-161
831
-208
-251
-505
261
-80
-152
-31
54
-158
54
-914
322
-548
-26
-9
420
876
414
109
-585
-66
-292
1
-9
-54
-26
-63
618
174
-138
-439
-147
-1258
268
-1403
1165
-196
-137
782
937
-956
116
523
62
239
719
-627
838
788
-182
-265
-13
-578
-209
912
1064
-157
76
609
523
918
-296
-131
-137
567
805
-164
783
1067
399
-59
-562
-58
-394
-170
-271
-122
-112
-222
-3
-980
-129
486
-106
259
-208
-246
27
-80
969
795
266
-113
-15
-427
-241
474
-1028
-806
-164
-675
-1102
342
-306
-246
7
-74
361
955
-67
-601
-109
740
-425
374
43
-390
-197
-765
-48
-103
-341
-726
565
-58
-210
-366
-196
-791
-263
-305
156
665
-128
-73
-9
824
-886
-117
-311
-9
-79
-110
-350
-33
72
-216
-128
-215
687
971
854
739
-405
971
-656
-128
-187
-23
133
637
-101
-160
-159
-372
-266
269
-49
25
774
436
-13
250
237
682
-271
-344
-231
-497
-168
163
-736
405
-208
868
54
-159
-147
-73
-326
213
-75
747
863
-1312
118
1249
743
-334
-102
190
-98
-188
-145
828
-804
-229
930
494
173
386
-108
-864
-448
-777
-130
-317
908
609
2
-36
49
322
-349
923
254
708
-877
-373
-55
-674
-47
-488
-129
653
1015
-140
-318
-189
405
122
-402
133
-169
574
-332
-437
-130
-710
-66
473
732
-14
-182
743
20
-537
-1110
-877
-273
-205
-503
-519
166
70
-442
14
-264
-114
-41
-247
-1243
-511
-1164
-193
672
-425
-305
-135
-130
943
-1030
938
8
77
-713
43
682
-638
-51
-128
-168
29
-129
658
826
1245
-209
-124
-224
587
-135
1001
-122
1304
-339
-230
-203
-110
-861
-128
182
-72
454
-197
-429
-311
-1050
-573
-284
-151
1006
-82
38
-343
101
-255
-70
952
533
-374
-11
981
-144
262
-2
-375
-78
-140
-843
49
-134
355
-812
-817
534
5
-46
-187
109
-378
-56
-206
-487
-127
-271
-154
395
871
127
561
589
-663
243
-204
792
42
-346
645
-806
145
-171
423
129
76
277
-302
-127
872
-185
-1052
79
1035
-214
-286
118
-150
0
842
777
322
927
852
-73
-431
-292
-1167
109
-217
573
405
-290
1085
486
-201
-623
-613
96
-154
-363
244
863
-135
-113
436
-56
521
-327
-198
-460
-27
278
161
-108
180
90
-995
945
-44
-237
200
-715
-61
559
-802
59
731
-103
-427
-179
876
-225
-229
81
-478
-378
572
641
-152
-742
125
846
-930
41
-229
0
-20
-334
-81
309
104
-980
-259
-257
-181
-519
617
705
988
-327
-99
-466
165
184
27
623
-320
-48
-56
-257
-206
877
-276
-57
340
-572
-566
1031
-450
-412
-135
697
305
233
-168
-13
-192
-31
-72
-14
764
-198
-691
758
-244
-168
651
-445
927
-180
0
-25
-154
355
282
-229
40
-88
95
637
-174
-425
918
1053
-614
-165
-379
1134
422
107
-282
970
124
-409
13
489
62
-205
-396
-303
139
-663
513
877
709
-21
-44
507
62
-576
-126
968
-299
-201
-233
-542
-178
263
-529
-286
723
-307
-165
426
728
808
479
-446
714
-71
513
46
743
-96
950
-281
63
-175
-20
-365
-195
-274
-140
918
-60
-86
922
-151
-159
757
-58
-153
-265
999
-22
-425
-64
-163
-313
-56
-108
-73
-313
-880
468
581
-152
43
-1021
551
-121
569
919
440
687
-219
85
-191
310
1
712
-373
-251
62
850
-925
-349
-677
-663
-132
-58
-183
139
156
-246
-223
-134
180
68
-26
-50
652
241
79
-456
-349
-4
-11
-221
-289
-519
-166
-58
-1255
-414
496
-252
-498
-72
-158
24
367
553
55
-715
-89
-282
-691
-271
-45
73
853
631
-365
-338
1003
949
-197
670
87
-265
-82
-179
81
98
-117
771
-66
881
-116
37
-109
336
361
820
-199
-190
-736
1001
-57
-162
592
-585
-171
-430
-101
-79
-416
-970
-124
66
46
-1
754
-256
-1023
-34
124
818
-210
-168
-327
-596
-550
-110
-770
-211
-300
1030
746
-402
-131
1260
-247
-102
217
877
211
10
-906
1381
-46
-402
-242
-339
-196
7
52
-293
795
331
87
203
1238
200
670
-31
-64
386
-531
-378
335
145
-973
-97
-181
-178
818
808
734
133
1032
-119
140
-664
-866
363
-481
-21
0
205
-628
-220
881
-179
-161
324
-1049
688
-232
91
-461
-205
234
615
-22
-95
913
-55
878
-115
-42
206
787
146
309
-779
-337
654
-55
-1102
60
-434
-264
-580
642
-255
-222
-341
-655
-212
463
64
-595
-171
-805
986
-193
-522
-230
618
-11
-167
212
35
-115
-736
-458
-1299
556
-208
92
-220
-332
118
307
664
-170
-150
-267
-417
-196
1017
100
-121
-291
-98
-224
422
206
-10
1107
690
-23
-128
-299
13
-448
-147
-415
-2
-344
-313
-69
106
-35
420
-209
69
286
-38
222
1037
-62
-23
12
-78
541
866
940
1031
267
-229
551
290
-603
-138
-56
14
-102
609
-14
665
-1061
-83
-546
221
-302
-204
-173
-259
442
43
-1010
425
-263
88
-274
553
-670
166
786
-618
-506
564
-663
923
-213
991
-111
-316
227
-9
-226
192
-277
1040
103
-106
337
912
-215
-367
361
-212
-57
612
16
331
1268
57
897
40
-82
-313
-613
541
538
180
576
-62
-162
-914
-1312
-1046
-229
-327
-191
-380
-1248
-743
124
-135
1035
-69
-791
263
-329
158
-61
-172
572
-123
843
38
-94
933
-164
1005
114
-223
-204
-167
-305
-574
482
-105
-183
600
77
99
-779
115
-440
0
-313
-327
746
-864
-16
76
-141
-187
-402
-190
-48
-318
198
108
1
172
-286
975
-206
-55
849
-668
644
44
352
-294
1126
-854
712
16
-144
-55
733
-84
-395
-441
108
38
-624
425
-543
123
746
-144
-358
-208
-141
443
-205
-174
-248
-181
-93
583
1072
-465
-371
-193
227
-162
-139
-374
650
-558
183
-223
186
-517
-87
-176
1233
-176
-162
-192
61
-835
-259
685
-174
-334
300
865
-211
-360
180
444
-31
1001
-108
-1073
855
675
860
-1048
-124
-34
405
207
-991
-208
357
-109
57
576
-118
-368
1
-335
-257
-309
-431
-350
691
-121
-292
-201
-28
-301
-373
-20
-268
359
-309
-1058
-21
-264
129
-150
-163
1121
-119
-479
547
243
-235
-515
-499
-101
171
-811
-667
-79
-86
-82
-413
1260
83
-248
-197
654
790
-777
-203
1063
-125
-1110
-1158
-314
-57
-670
-104
-115
11
-302
434
-226
-745
-435
342
-170
735
-409
-137
17
-185
41
173
455
-344
-392
-196
-366
-697
658
793
-235
33
-312
-89
-297
-324
-833
-219
-827
-199
53
-50
-13
772
975
-200
-190
-180
-314
-151
-478
-135
-819
-34
-919
-437
-408
-219
-86
-337
97
742
-300
-28
-255
674
1188
-1054
-335
-507
-62
539
-299
892
-404
433
-220
8
-214
128
585
806
675
-154
-382
-217
-53
-12
1
-654
167
-73
-128
-1008
-178
-248
-286
532
-550
-174
46
-734
281
-522
-334
622
850
895
-364
-517
-41
-37
382
601
-393
960
-38
-341
-287
-71
-194
1075
-309
-5
-26
802
-264
-120
609
-30
785
-213
-69
-258
-343
517
479
-338
42
-210
-456
-677
848
-81
1003
143
980
-213
434
286
-947
132
-326
732
939
-306
-111
337
-142
706
-1051
-223
-125
-397
1282
-63
-8
-1312
-123
-894
353
855
-41
-315
-602
-558
217
-63
371
-422
358
-128
-1174
-78
-136
-116
618
-87
967
-255
384
-519
826
725
1140
-173
-173
-167
-507
-653
755
75
1282
107
-154
-140
-238
-416
-308
28
373
-101
-101
-150
-166
-169
-1046
-593
1001
-729
528
1065
918
-918
-530
13
-381
-646
168
-23
429
-228
3
528
-136
-55
47
655
-163
414
83
-498
-357
-601
-926
149
-378
-858
-208
47
-205
-152
-54
-249
460
1057
-239
-112
-439
-79
-646
638
-314
-314
1133
44
204
805
946
-26
-270
-339
-93
-208
-1013
-41
-211
90
-377
-27
-526
151
202
572
114
-128
-537
-44
121
-224
76
9
-29
21
45
-49
-303
-180
-62
-56
-146
-9
-158
-156
-331
-325
102
-793
885
-248
367
-113
-383
-431
456
-956
-186
104
772
-208
728
863
-98
-116
-141
187
-89
689
-24
-167
519
-431
1327
-405
62
-121
-315
-871
-441
-167
-581
-431
-283
-412
-592
-87
-57
82
912
786
-324
-119
-96
-74
-103
-111
-255
-79
-965
521
-174
-1189
1219
-322
710
386
998
-38
729
521
554
-144
-73
-4
-255
-311
-902
534
84
959
-360
-340
544
-123
-525
1248
-870
395
-233
460
612
-623
-133
-72
-16
211
-222
-545
-369
460
417
-156
718
-344
199
-223
-369
-68
102
140
325
-23
-151
-234
-270
-800
36
180
19
-322
89
913
-167
945
298
-49
-886
784
-284
-27
-312
-317
-183
34
799
-62
764
504
738
-200
-400
-523
-327
691
1107
163
-81
-174
1052
-430
-459
-576
217
-279
-125
849
-151
36
-1065
-303
473
-299
-814
27
915
-593
-137
-179
777
-1099
53
-248
761
-229
491
106
-410
-135
792
-79
658
-116
-978
-517
18
-164
-219
175
-121
-894
-84
1075
-89
-141
-412
-128
-34
237
-481
77
-170
-246
-343
-456
-361
501
-370
1008
-403
218
18
-276
-189
-317
155
-1198
-179
-101
-55
-119
365
-82
-186
-572
185
-223
-473
-1109
-517
-56
-153
553
-67
-162
-158
280
-419
21
-204
-157
-140
79
-931
-196
-343
-167
-177
-623
-813
-217
47
-184
78
-411
1064
-98
-210
-98
-75
-188
775
254
3
832
38
-104
576
-660
265
740
-201
79
-350
-930
-409
31
-331
140
-584
-217
212
-317
865
515
-412
750
132
84
-522
961
671
-59
554
87
-414
862
-85
140
-489
7
531
-14
146
-40
-766
-926
-1028
-738
364
331
-282
-354
-119
1091
-255
479
583
-217
885
301
107
-237
657
-299
-128
-447
-7
-322
-204
292
544
280
-330
651
860
-588
-14
411
102
-425
-121
479
8
871
989
-61
-176
345
-150
-74
-32
804
-105
-194
-399
967
-214
293
-273
-1023
588
-462
-488
-117
754
-94
-465
-175
296
-67
-626
-138
-54
-167
7
-131
1145
916
-296
589
-723
-266
-99
-922
-528
-327
-418
399
-458
-328
-84
-922
57
981
672
-160
-99
292
-63
164
73
-219
-766
55
301
1001
-172
-133
-6
-91
-670
92
539
104
-208
-75
-208
-432
1003
1122
166
41
-405
643
1127
-128
-679
-568
-157
350
-168
-196
-76
945
-882
1039
1082
-197
815
-889
84
-570
-619
685
-77
-37
993
-347
-201
83
-177
-92
49
806
29
272
-212
88
114
-20
-865
363
-529
-208
41
502
183
-172
-15
-80
-205
-244
40
115
-123
-190
229
-20
-358
-376
-665
-306
975
737
-102
-156
-453
-172
259
-134
533
-69
-351
630
-104
-379
-455
-12
316
-534
655
-241
632
-399
817
-352
-157
-150
-432
-51
-132
-48
-43
100
373
-288
-871
91
-186
-225
132
-169
-528
-138
93
-4
-112
-190
47
554
1120
-313
-16
905
-607
-1047
414
-122
-263
-58
156
-404
745
467
61
-142
658
70
-170
-361
-729
-530
-231
-561
-97
792
672
-609
693
68
637
-361
207
826
-61
-245
-201
-239
-365
817
-708
-919
93
-208
-51
-1359
675
498
-70
1093
509
-36
-770
589
-278
-742
55
-420
-251
-55
586
-58
-139
754
83
-257
-222
869
-57
-429
74
-379
1252
880
-331
336
-853
43
-186
-141
287
-537
409
-200
-276
-568
-124
146
-94
-345
164
-177
522
24
-56
832
694
-957
-297
-137
70
-874
1077
1
-957
-149
-355
-339
-965
675
-101
709
-166
1285
880
-781
151
-44
945
-79
-884
-1275
-566
-46
-1312
1091
84
-787
186
-285
-81
-162
-320
-920
-277
-92
84
610
-210
185
336
-222
-244
14
-38
-303
-1189
622
579
-85
863
-56
-164
399
-415
-74
-137
-142
-225
-184
-145
69
-302
-343
-205
502
436
-235
-142
-184
-792
-1295
-137
-273
-710
522
744
20
-300
-529
-36
468
-931
33
731
-594
-1013
279
-664
-949
-212
-508
-824
-480
-18
449
-172
-705
-322
257
-153
-46
-18
-294
-738
-308
-160
132
-229
123
115
73
-142
591
-518
-221
-100
-108
-4
58
-182
-221
218
52
278
52
-141
-666
0
-863
-73
-393
-44
-596
104
966
-81
151
-101
798
-947
-437
-1258
644
826
1128
384
149
676
682
-569
-230
-124
891
-1002
-534
136
-327
88
-271
-197
12
-190
-26
-189
1063
901
-40
832
247
937
-176
-902
-907
-805
-112
-72
-817
-609
1111
200
50
-294
-103
-180
19
7
67
176
-931
910
-273
-13
-72
48
-199
-122
-226
-120
-299
-337
-1142
-900
27
-26
-1339
-169
-1089
-943
199
-79
-34
-255
-102
843
-365
182
-528
-506
124
1188
868
-486
409
-95
-1013
-259
467
-12
225
65
-18
2
599
-128
631
-69
-8
386
396
87
410
58
-332
-180
-571
-263
1052
-174
-269
-142
-701
804
-140
-170
552
-350
68
-87
-106
331
-211
-127
272
-849
-136
589
-81
-156
-237
-167
328
998
-250
-189
-175
-516
183
-1276
-800
-76
-57
443
-947
-158
-329
-113
0
27
829
-519
972
230
-307
73
115
-957
-880
-225
-71
609
-189
967
681
-209
496
-549
-14
-532
-627
-361
885
-93
-153
933
-1202
-487
-170
-231
-758
-110
-1167
-250
663
-138
-1142
-183
-43
-34
-817
-102
1006
137
12
-200
-239
-244
-525
-566
-614
-582
69
-106
583
-113
-951
952
851
96
583
-306
-490
-69
-283
-1197
-303
140
-117
115
69
237
-53
-385
-443
949
-253
-874
-29
-369
949
-532
979
-53
263
-145
-332
-122
305
805
913
-318
-274
738
-858
-59
-413
666
212
54
-1328
-3
-70
-419
13
-210
494
-331
-490
-969
927
977
-171
-718
710
-229
461
-218
4
865
-136
-718
-166
-162
39
715
-115
-54
1085
33
-14
-672
-174
-246
-94
786
-296
-3
-60
-355
-469
855
169
475
-78
-1255
672
-542
-1052
-38
263
-1359
571
-233
-227
-34
-67
-370
92
556
382
-1079
288
-832
891
588
-46
-957
-299
500
-243
-50
-331
-284
-336
-113
12
-79
-132
-351
-796
-793
-82
207
-508
355
859
-343
359
-202
-243
618
-348
-333
-575
367
-11
-251
745
-189
-238
-309
179
-26
123
-378
-252
-72
-105
-209
358
-408
7
-1142
513
57
-37
-108
-607
-241
-20
-164
30
-301
-140
-218
261
-76
-805
-754
25
39
-699
1154
-255
57
-984
200
444
-332
-73
-585
-37
251
463
-271
-240
512
-173
548
-843
-288
842
-14
-280
-211
-198
-255
-134
-655
-263
278
643
766
-144
-396
-965
852
-81
239
991
1134
-587
-280
504
-192
204
-153
-59
680
-163
-871
-228
-829
-141
-190
859
-306
-203
512
-603
-160
46
-53
-76
972
-154
250
850
-1047
-89
-75
-162
-941
737
-666
-602
-181
-185
-441
-710
-388
983
-184
681
-900
-273
-130
-3
462
-52
-92
904
-204
84
583
-341
-487
13
-102
-138
1019
373
-1015
102
-365
-251
-230
-756
133
420
183
187
1034
-250
290
-140
-177
563
-109
-193
5
377
-207
-400
-306
-107
-1028
-286
-889
-211
167
-247
-205
-150
-314
-1018
-251
838
949
1069
-311
-74
-189
804
-64
-164
413
-257
-217
265
-1348
-283
-817
-53
961
-154
99
492
255
571
-85
11
-172
-263
44
976
583
721
597
-303
-229
-381
815
918
-382
-511
688
-406
-127
-824
-157
491
-185
-758
-306
-250
349
-211
-431
-63
-315
-167
-100
-667
116
-1109
1151
-976
-445
-200
-215
979
-108
763
436
-126
492
-99
185
-861
-624
376
578
658
271
-1124
-666
-243
-1243
-188
-135
-113
-270
-382
-781
685
603
-418
96
-78
53
503
-270
-78
-77
230
34
945
423
-25
-713
922
-402
92
-438
663
689
-342
120
-86
-793
24
-452
-398
-431
-102
9
35
-556
-661
396
-425
-28
-375
24
-273
-131
677
-154
221
-230
-907
-100
-193
-144
896
-139
-224
576
-793
-714
735
-869
-710
-60
-144
-252
-127
-55
-135
-614
-423
-37
83
169
-182
-519
-182
-176
-14
-143
-102
-357
-196
-582
-970
915
9
755
875
-346
304
863
144
63
325
165
71
376
979
-180
-153
354
247
-809
-154
-424
-124
-126
-76
-450
-415
-1073
-297
-453
-29
123
4
682
-200
-71
29
-122
-183
939
-273
-562
107
559
-129
-139
792
184
73
-656
-112
-102
-89
83
-189
-861
252
-121
501
-471
1176
-243
-1348
-76
-813
920
-111
414
180
946
-233
58
839
-315
-40
-141
-99
-121
-329
-700
-414
-439
-289
-61
726
112
182
285
1177
760
83
769
-718
-199
-238
674
390
-170
-191
-221
-813
96
1057
-396
858
-111
38
21
-142
-71
-212
-180
-333
249
-305
-1107
139
93
-139
-817
-174
540
125
863
34
-141
-14
-251
-567
683
1032
-674
269
-459
1001
871
43
-297
-15
-23
-318
-311
103
-257
391
945
-399
681
417
-33
-189
1033
1149
43
142
709
52
13
616
-79
-153
-941
-314
-396
-871
-723
-137
70
-900
-243
-402
994
232
-127
-157
-118
151
-581
410
-922
1310
1000
-173
1154
-199
597
-299
658
-324
-257
-381
-398
121
-51
306
73
-128
-50
290
842
612
408
462
-166
463
582
851
-1099
-507
777
994
-203
-375
947
838
27
-936
-739
-236
431
208
203
-199
-134
-259
-466
646
234
-141
-230
-78
218
-247
-166
982
70
-1089
239
-213
-221
-569
-207
588
436
-227
-893
-122
-54
-320
584
-222
52
7
-626
405
702
89
-117
855
1188
-168
-272
-148
-418
-453
-460
-395
588
164
784
-739
-198
-251
12
45
-282
1031
-30
-406
-236
-91
193
-18
-914
782
-294
-140
8
1039
-167
1208
-223
322
-264
-62
-349
-829
-147
9
254
49
-158
-1212
106
-77
368
-204
-335
273
-140
-1110
-221
609
-314
427
-29
-72
-227
-227
770
-229
741
-223
-157
284
647
726
