77
98
63
78
27
86
67
7
14
51
65
21
22
72
-20
22
18
95
39
111
80
79
25
54
58
21
81
49
123
85
42
42
45
47
110
29
49
114
114
15
6
16
42
38
42
41
51
54
87
45
15
115
103
24
39
41
62
42
50
79
67
45
80
97
49
31
92
97
7
78
24
74
113
55
19
51
53
58
78
10
117
49
26
114
68
92
43
54
32
43
40
50
99
64
28
70
36
36
114
9
90
16
74
36
43
90
99
76
139
-37
83
35
81
102
53
86
78
114
46
56
-23
108
70
24
45
98
87
55
-27
70
77
94
0
51
55
16
39
41
37
59
108
4
30
45
90
10
37
88
39
52
48
44
24
74
7
36
107
64
69
-1
53
68
54
7
54
78
74
74
34
98
23
82
44
61
31
35
64
46
-12
78
2
54
74
-1
58
42
15
59
65
41
89
31
44
15
48
54
89
47
81
47
62
43
20
90
45
65
55
65
50
94
43
141
71
87
19
80
-27
33
19
118
107
53
17
64
89
44
41
97
85
6
67
63
62
-1
-1
73
49
61
72
84
81
106
55
56
67
54
35
42
38
69
66
111
46
20
67
37
17
75
80
26
46
49
-19
94
128
80
10
50
47
5
9
30
-1
86
19
24
90
70
81
104
83
118
56
56
31
8
-1
90
64
76
0
10
61
60
43
-11
14
71
8
31
23
72
41
36
52
83
51
1
77
67
69
66
7
84
33
118
16
49
139
45
131
32
135
48
63
-12
86
26
86
65
-26
107
61
92
68
76
62
32
86
10
91
130
66
87
96
56
96
-2
55
54
43
31
108
10
64
132
42
39
23
64
37
74
51
49
44
38
12
100
86
71
55
44
26
63
11
111
66
122
-1
8
66
48
73
22
74
-52
45
77
58
107
2
62
34
56
-8
120
30
56
90
49
35
98
39
80
83
28
89
36
67
27
114
70
84
63
102
16
12
106
60
80
86
85
109
27
48
82
73
50
111
136
50
73
47
114
-33
53
16
56
-27
-16
116
87
67
58
30
87
115
93
102
19
96
104
73
66
55
8
8
2
60
73
9
30
103
69
78
25
136
-4
111
24
24
68
-11
96
24
45
75
62
20
91
60
90
115
55
43
82
30
-10
34
36
94
38
56
70
72
64
45
87
63
-11
55
57
113
5
39
37
155
26
37
59
105
68
41
78
73
73
34
135
116
43
12
102
82
20
101
81
77
46
14
44
29
-8
61
-11
49
68
35
36
79
26
20
61
4
-26
43
17
59
17
41
8
68
82
60
85
99
39
85
23
-29
68
58
1
12
30
13
82
0
55
49
60
21
32
23
91
37
48
91
51
102
109
-1
84
47
-24
54
59
-17
107
55
14
79
65
61
46
-7
61
89
91
47
66
61
-12
21
54
37
96
70
7
42
-3
86
37
33
56
83
91
57
126
-40
108
86
110
59
54
42
41
61
81
60
109
73
41
28
93
42
27
78
56
62
106
54
55
106
92
93
50
59
104
77
77
50
86
78
16
55
86
72
90
40
-3
50
84
81
41
8
87
55
109
27
67
24
65
-11
75
85
90
131
12
68
86
46
94
109
18
5
25
14
14
69
45
73
78
110
49
48
42
68
64
67
66
65
56
24
97
104
94
58
85
124
63
80
91
75
20
88
57
108
74
-26
78
-2
72
44
19
33
32
44
54
39
22
22
64
114
40
48
92
31
80
88
53
52
90
72
55
46
63
45
20
82
90
16
21
21
31
52
92
25
62
77
87
40
18
34
86
92
83
-7
39
101
17
64
74
31
148
96
69
81
27
36
43
92
61
29
91
94
62
74
52
70
63
55
48
98
103
88
16
11
46
-24
94
86
-11
76
33
87
44
-7
76
50
14
45
67
15
74
71
39
28
60
62
-35
70
82
99
29
59
1
70
44
2
71
72
20
-28
46
30
81
64
104
4
98
44
107
21
75
12
97
41
76
37
55
112
32
18
14
8
35
55
23
18
89
48
75
45
30
29
49
65
80
72
29
113
77
95
-20
-1
90
93
38
79
117
82
67
78
51
28
53
123
74
34
79
41
64
45
31
31
61
-1
12
60
98
64
93
33
57
109
51
66
81
32
37
17
51
46
0
46
35
85
72
93
50
14
111
71
28
61
97
72
39
22
44
-4
-1
78
12
39
98
-21
39
61
80
84
12
104
49
55
107
66
16
37
33
23
9
86
73
7
15
38
51
59
29
18
86
86
-14
50
76
74
97
31
58
107
66
60
99
29
42
56
114
64
69
77
70
67
88
84
76
24
22
71
84
43
38
64
20
44
132
50
28
54
67
57
99
35
93
78
33
132
59
93
109
106
55
105
-10
39
85
21
59
94
56
29
73
70
71
93
17
20
95
41
87
15
78
52
106
14
111
32
99
117
26
89
93
19
118
63
71
78
83
105
34
61
83
81
113
98
45
20
29
43
58
68
104
33
107
66
61
60
-36
130
78
59
58
79
13
83
131
46
61
79
31
32
46
64
70
95
90
92
64
52
25
27
113
77
93
103
11
11
26
42
47
92
21
2
29
87
-2
86
48
57
77
67
78
49
-10
90
101
45
24
143
51
65
49
91
48
136
41
29
2
19
113
101
50
17
-29
48
17
55
85
42
68
75
140
8
35
41
118
94
81
17
56
95
91
30
61
25
90
118
45
7
104
68
122
-6
57
110
-4
53
72
18
96
86
28
66
11
118
92
118
48
114
85
95
61
92
66
47
41
-27
29
43
75
13
27
139
89
44
55
84
58
102
80
106
68
44
71
28
95
68
57
80
54
54
103
97
80
40
31
42
11
24
33
77
87
48
91
66
62
58
1
72
-40
94
64
37
-26
-12
124
67
85
7
77
33
95
74
67
49
31
89
47
31
39
59
96
67
83
67
59
72
55
44
95
76
82
60
52
-12
78
47
24
54
139
50
13
69
37
63
26
44
39
53
47
22
77
109
13
91
57
79
82
9
71
-5
106
64
114
61
97
60
49
123
40
42
52
34
103
43
28
51
99
56
16
43
91
54
104
77
44
103
80
125
46
104
14
63
64
75
22
85
24
52
99
43
-4
79
69
98
30
49
10
65
36
54
69
9
34
107
76
118
45
-16
62
46
132
83
14
19
47
40
20
113
59
74
-7
56
43
116
-12
66
81
16
47
113
21
4
50
73
23
80
29
26
30
53
36
141
-77
37
65
57
-1
26
74
44
32
88
54
46
8
15
5
44
74
74
111
10
50
63
69
39
81
-13
21
52
81
0
62
107
9
86
39
43
36
68
56
115
45
16
-9
33
82
59
1
39
58
63
85
76
-1
85
70
96
131
29
64
93
-6
111
72
68
115
64
15
-16
18
16
28
97
50
121
74
103
54
42
51
14
59
23
83
77
58
72
44
10
56
108
33
27
44
77
45
30
97
77
72
71
24
12
8
26
64
58
83
17
35
81
102
13
35
49
88
59
21
50
52
66
102
87
37
75
120
85
29
49
86
-24
55
66
98
91
30
51
29
-4
70
43
52
76
84
56
27
79
42
32
73
44
112
65
71
92
20
31
21
102
5
20
113
51
25
-27
35
75
55
64
78
71
106
34
81
51
26
64
29
65
124
47
35
0
10
45
34
88
32
31
119
52
65
24
100
100
63
109
95
17
32
85
63
30
49
55
72
30
41
64
96
62
77
35
81
80
101
75
23
78
51
53
64
44
110
99
48
71
62
122
46
77
12
99
47
21
52
100
97
94
57
55
24
35
46
47
15
106
53
43
59
46
61
63
-9
90
65
34
0
13
31
74
57
34
3
100
58
34
-35
60
52
93
47
-26
59
43
43
12
103
33
6
85
19
23
60
71
69
62
-26
80
41
54
64
37
115
20
29
58
86
41
64
13
56
64
43
4
56
91
101
38
102
19
-7
7
42
23
51
92
102
82
90
66
35
-7
119
36
-3
52
28
43
114
41
118
75
30
33
42
61
80
102
44
49
-8
-29
39
30
39
53
94
91
66
68
29
68
63
13
21
72
-1
88
25
21
34
74
47
105
59
52
74
77
89
59
54
101
28
81
67
46
35
54
39
44
73
51
52
46
72
113
38
14
59
37
45
31
5
72
96
1
35
83
66
60
43
80
18
37
19
122
76
59
116
90
86
112
56
27
20
48
106
21
63
87
69
46
47
61
23
22
124
71
95
110
85
30
61
64
58
69
50
78
86
68
79
64
54
116
29
-4
103
47
105
33
108
84
84
1
28
66
73
53
28
69
70
69
1
39
38
50
22
23
46
104
22
75
72
63
30
67
99
0
-38
20
45
145
104
56
61
72
40
44
8
35
94
82
12
50
74
9
39
60
44
85
33
39
60
-10
115
51
63
74
36
44
41
50
79
59
-5
39
-15
15
-3
38
23
33
41
90
94
77
95
10
-37
104
124
53
55
50
78
43
39
58
60
42
51
63
39
55
51
29
60
65
126
83
3
59
43
97
66
45
69
99
50
78
29
-10
99
104
66
45
38
13
39
51
51
47
40
65
70
24
54
47
-8
47
38
124
81
99
16
32
28
55
20
70
62
-10
49
75
38
34
64
50
42
67
42
104
5
57
12
70
35
57
48
76
70
46
-4
100
60
65
-1
21
16
15
43
101
74
73
102
38
20
40
52
28
52
47
36
32
90
103
56
92
75
76
28
35
-4
56
83
77
41
31
68
-24
129
51
76
82
55
51
125
-2
51
103
93
101
102
80
15
66
65
6
67
98
32
18
29
116
38
32
59
126
20
50
47
96
99
23
12
38
54
45
19
82
49
20
12
80
99
16
52
31
93
53
71
16
3
27
118
54
20
33
25
3
40
69
23
66
75
33
23
90
-6
9
76
37
74
22
68
58
79
52
82
89
51
49
57
62
53
90
87
71
43
114
74
68
62
38
55
18
64
88
75
95
45
136
-1
90
41
34
15
66
63
39
61
91
49
85
27
43
84
60
62
41
34
99
20
30
129
45
90
37
52
39
91
64
68
36
83
68
37
97
54
61
65
39
57
82
47
-20
103
59
77
43
31
63
44
114
29
54
45
43
-36
77
73
51
50
66
18
91
10
-7
50
90
73
122
40
16
-1
4
32
7
138
32
31
31
70
47
93
83
9
72
27
42
59
89
18
103
70
10
46
75
49
90
41
59
46
4
35
68
72
68
115
73
66
96
90
63
18
38
62
73
104
36
42
117
37
63
107
92
92
42
-3
20
86
16
56
73
51
46
55
68
21
25
46
43
46
64
10
40
7
7
64
50
61
81
9
59
66
60
65
54
88
55
28
69
112
18
40
71
10
101
66
28
-19
58
84
65
52
31
117
71
20
129
33
93
25
70
-3
44
98
88
41
22
61
45
45
32
117
50
77
51
69
34
70
36
95
47
55
28
59
32
10
34
-9
26
28
92
85
91
56
-52
-10
87
60
19
115
76
82
90
50
28
32
25
26
32
71
46
117
70
32
50
71
91
-29
25
76
82
77
64
43
46
75
63
98
38
50
86
27
54
141
73
48
65
53
2
6
50
163
87
15
56
78
110
65
17
14
96
67
51
57
45
37
2
64
46
69
73
1
59
111
19
36
38
56
16
107
96
107
49
69
129
39
112
45
-5
10
-42
57
30
79
63
116
68
33
78
26
80
70
41
83
59
86
22
56
54
-85
105
77
70
51
105
-37
89
2
60
68
57
39
-1
100
77
110
68
32
93
69
5
60
75
56
69
32
27
56
52
141
8
77
28
108
78
15
70
107
110
48
-38
34
38
37
33
51
84
48
-1
19
66
21
90
22
106
39
40
87
91
132
75
26
40
72
52
88
108
34
50
68
32
20
54
42
14
22
33
-8
70
67
54
47
67
88
69
7
63
32
-14
112
17
65
45
73
80
53
82
40
53
92
57
78
49
41
63
51
-46
35
35
-3
69
104
33
82
14
45
82
51
73
46
129
41
77
74
27
27
13
54
29
-5
77
53
42
91
32
64
-31
87
95
22
54
24
-16
32
45
26
52
66
74
13
66
26
72
66
65
52
30
45
6
70
79
7
56
83
140
29
36
78
94
32
94
19
61
78
73
83
33
35
16
57
23
68
5
7
25
36
7
65
56
60
13
114
63
23
93
52
60
68
45
44
19
101
49
48
98
2
68
65
68
87
109
53
107
5
-2
23
31
55
-5
14
84
97
61
50
76
68
107
88
84
47
29
55
58
24
63
64
75
67
35
114
47
114
-1
48
92
96
18
46
109
101
61
84
12
103
29
-32
30
113
38
93
84
125
26
58
62
46
76
29
24
44
63
62
22
0
38
23
103
93
92
47
49
105
109
35
63
36
31
83
24
-3
18
35
43
78
-5
105
36
68
12
70
100
62
50
39
62
-24
-20
68
61
1
57
66
-1
104
98
46
57
-12
59
40
39
101
39
1
15
58
80
71
72
31
22
28
69
65
63
131
35
11
90
30
84
69
119
78
54
1
91
-12
25
87
90
46
79
30
69
66
72
70
66
12
61
99
25
30
46
66
32
41
0
3
76
117
73
10
80
91
73
-16
20
74
48
66
99
67
55
31
37
109
60
72
56
87
42
66
35
43
104
28
77
44
131
51
54
83
107
-1
38
66
84
42
73
72
82
62
87
14
51
105
23
18
45
65
41
97
53
80
79
55
79
69
41
69
106
38
93
52
35
89
49
8
55
51
26
37
28
18
12
18
59
60
110
84
37
88
30
34
11
68
73
45
1
64
57
45
88
64
66
72
82
78
37
15
74
86
97
33
68
51
92
15
148
37
0
-1
46
85
48
-2
54
82
56
37
73
40
48
44
8
40
40
38
78
26
13
7
52
66
13
-47
55
53
32
49
69
75
30
48
0
126
33
166
25
34
32
74
69
34
37
39
15
24
37
38
63
16
-30
71
133
64
72
59
30
42
59
41
11
46
81
37
60
74
44
20
99
-28
91
76
45
45
104
146
42
15
-52
42
55
53
75
115
72
35
35
61
45
56
16
93
20
22
126
14
89
71
86
76
78
94
72
63
63
37
30
57
30
65
106
32
9
28
41
107
44
16
103
83
46
15
76
57
-8
139
6
89
121
88
88
6
26
13
82
57
20
86
33
58
161
101
32
91
112
72
58
77
81
40
69
31
73
103
83
110
38
93
90
80
2
-13
64
45
28
89
92
34
73
67
-4
80
72
107
53
96
21
62
42
35
66
-3
62
48
0
50
83
90
143
149
60
32
105
15
75
60
20
88
133
25
44
49
50
15
31
15
94
36
97
70
76
-1
10
53
36
68
7
62
49
46
95
-24
-6
14
48
66
32
97
88
30
47
22
43
86
60
117
59
104
15
105
106
-36
40
47
51
76
43
51
110
73
67
72
30
-6
88
118
44
20
69
57
38
124
-14
54
12
124
44
80
12
39
24
50
34
57
68
56
10
40
90
45
60
55
69
47
6
11
50
83
12
44
90
37
84
-12
63
115
54
-10
20
95
56
106
-14
94
20
3
110
1
60
42
66
70
58
23
46
66
81
46
31
27
55
68
0
28
30
54
11
61
99
52
41
74
-5
107
93
73
53
15
111
46
17
52
58
-5
38
113
113
24
96
105
89
91
28
11
75
78
-1
73
53
86
74
88
86
23
55
72
53
6
66
46
41
32
38
32
91
-10
109
10
66
100
61
64
15
48
76
47
15
27
45
29
-20
108
28
50
75
93
31
50
99
44
71
28
54
142
93
40
-36
97
101
89
66
82
26
44
143
39
34
14
21
88
47
27
63
82
41
39
42
86
0
103
31
97
32
15
14
108
32
61
61
81
-23
82
81
85
38
128
87
48
20
76
35
111
6
47
56
102
55
108
103
62
73
58
57
12
45
111
15
83
-5
23
25
68
21
61
63
55
49
72
48
53
58
28
76
39
20
25
78
24
52
71
32
58
55
50
126
16
38
32
50
86
43
94
13
102
5
96
26
26
78
64
47
81
55
13
76
103
33
45
71
54
21
68
61
46
43
81
76
60
87
0
54
130
31
27
72
50
93
57
70
4
64
28
38
139
82
38
78
85
42
52
62
49
-20
79
55
-5
51
6
81
99
96
16
83
61
41
1
12
23
72
50
60
116
67
19
92
63
102
7
50
59
44
30
79
-15
92
50
53
30
49
12
72
112
50
94
68
41
13
42
107
48
13
31
32
137
46
9
45
66
18
26
68
42
35
115
83
39
59
134
53
112
16
74
56
121
85
116
64
72
64
67
13
29
82
55
43
104
71
93
77
31
25
60
112
90
96
75
110
33
64
30
9
61
32
60
7
22
58
29
28
99
42
25
98
35
98
50
54
65
29
31
63
97
81
77
71
19
7
1
95
89
54
40
15
12
38
73
87
91
105
27
172
47
120
91
97
5
65
69
68
2
-6
70
-1
24
78
46
74
44
47
128
69
109
43
95
38
44
42
19
69
1
81
50
92
89
43
9
11
54
35
134
80
49
-13
54
53
100
132
49
86
94
55
28
32
91
106
77
71
29
80
85
35
78
41
15
117
16
-2
68
99
54
46
86
177
114
46
115
37
23
64
47
64
75
87
14
44
123
72
25
59
117
48
14
38
49
116
-33
85
31
101
125
43
69
20
69
32
53
58
4
19
39
75
19
103
18
56
86
89
73
23
16
16
5
85
38
52
72
12
63
87
18
53
-1
73
60
32
53
41
63
50
83
37
73
17
53
69
131
44
87
33
29
28
55
55
95
42
45
62
49
85
49
107
40
51
88
50
86
89
99
11
67
47
47
41
6
77
49
19
70
39
42
81
64
37
66
73
30
91
50
92
65
62
87
52
82
12
37
101
24
47
63
60
113
126
54
57
30
51
68
42
2
52
56
97
67
35
108
86
57
-10
54
38
84
9
59
121
98
74
39
-22
86
29
67
95
54
54
91
37
78
67
58
102
73
62
98
77
17
52
73
46
52
60
-12
32
57
108
82
86
81
88
37
38
64
93
-7
87
44
94
95
50
38
10
7
-1
21
59
83
46
10
58
44
89
70
46
100
71
40
126
75
75
63
59
33
126
49
44
45
28
33
88
40
38
101
59
64
38
-13
79
98
72
25
31
46
50
31
77
-8
125
50
84
69
104
50
-47
77
47
44
119
83
132
17
55
18
84
92
152
30
90
14
73
91
53
49
80
50
90
-11
101
22
17
5
55
100
35
86
69
112
-20
35
59
54
98
70
86
61
106
89
33
84
56
65
111
72
34
55
60
42
44
32
75
20
41
54
118
32
57
56
91
76
62
107
0
23
16
47
70
81
16
84
115
45
70
28
36
46
59
33
78
14
81
60
104
62
45
57
67
27
11
81
42
58
67
117
-77
37
31
59
45
62
133
73
48
65
41
90
58
54
22
35
-12
89
41
81
29
44
43
103
73
23
78
62
35
54
14
104
100
57
94
65
110
51
44
-9
55
86
78
-19
63
76
45
79
86
57
121
-27
42
107
80
55
75
26
96
52
54
111
43
45
20
50
32
14
63
56
57
30
37
61
40
-2
47
26
102
40
73
42
99
163
13
-7
63
74
30
73
34
38
58
41
47
0
28
7
-12
64
148
67
112
116
44
53
69
5
87
32
73
-37
55
51
38
55
70
5
67
33
84
59
-16
73
53
55
14
-11
75
54
48
61
-6
113
79
67
76
54
17
88
68
8
70
-24
45
84
76
-35
140
28
61
94
63
116
53
65
35
58
73
85
63
89
64
66
26
19
48
75
14
19
-9
29
113
59
77
79
55
9
92
67
102
87
50
27
130
79
60
26
30
59
26
88
55
61
69
24
74
108
16
102
21
54
35
43
69
25
-26
23
76
34
51
93
88
40
34
90
24
134
8
82
35
45
48
91
88
113
60
68
54
76
120
70
105
17
51
19
78
114
49
53
39
101
90
44
89
-19
104
50
56
72
18
100
112
68
44
103
113
35
34
102
24
84
47
67
48
81
104
64
21
-8
65
26
132
21
56
35
5
38
28
38
33
15
113
44
28
-21
87
62
69
104
38
50
22
36
32
41
43
53
101
-5
56
105
62
28
33
18
108
23
49
37
64
89
70
123
49
95
45
65
75
57
72
40
59
-85
-12
52
73
-6
80
87
83
-11
13
78
45
31
39
61
77
99
60
130
57
53
23
88
40
49
118
17
36
100
9
15
121
59
125
55
106
53
71
50
48
50
70
104
88
69
53
-4
83
81
-11
37
30
34
24
29
67
82
38
98
55
0
57
55
47
59
65
43
73
34
20
51
109
-27
16
32
37
74
32
2
11
29
32
59
62
63
-12
29
70
-29
58
-20
72
127
102
50
17
20
64
55
75
89
52
107
24
19
28
138
45
111
130
34
44
54
50
27
32
95
57
64
113
36
93
50
79
-41
72
65
118
48
49
95
100
38
43
51
43
42
11
-14
81
113
121
105
57
54
13
27
75
19
44
73
86
27
77
118
79
96
85
117
27
107
45
28
72
61
69
16
95
36
71
104
110
40
-3
25
93
33
106
96
46
49
49
85
74
34
32
54
18
46
8
119
50
44
17
66
85
104
44
54
25
106
28
117
57
44
68
136
14
25
8
58
40
31
59
129
67
49
60
69
73
63
79
98
35
61
91
85
29
28
52
69
18
43
11
39
22
9
55
117
67
38
52
59
22
88
70
18
79
-7
63
39
121
79
4
53
69
47
9
72
-41
90
35
143
88
72
23
98
92
54
35
75
29
87
103
12
71
25
20
95
79
74
-14
59
28
-1
84
5
55
44
3
39
71
45
72
16
7
101
34
23
79
87
49
66
18
19
59
32
21
38
69
58
60
57
12
62
72
43
92
47
79
91
81
18
79
61
96
39
19
67
26
83
81
87
87
69
93
38
48
5
95
58
28
38
18
37
49
24
32
94
77
-1
110
52
34
63
39
84
71
82
55
60
60
105
38
103
67
18
107
39
64
36
0
104
10
69
112
98
-26
29
42
59
61
55
19
58
68
10
17
48
113
21
38
147
77
12
55
21
70
47
41
31
84
45
12
58
44
55
71
32
92
21
94
-47
61
96
-9
152
8
82
55
76
58
32
50
16
62
42
28
70
1
38
58
45
95
28
77
-6
21
24
59
131
121
-52
21
82
85
15
47
59
76
54
34
128
62
110
23
5
101
15
68
79
43
42
61
46
32
162
80
95
31
91
-26
21
129
53
0
96
141
66
65
44
73
64
57
81
19
88
41
32
51
88
64
-12
109
60
51
30
89
17
62
5
41
56
66
79
46
80
56
111
12
98
55
28
79
67
55
81
39
74
64
-6
-5
71
105
76
18
57
18
52
124
26
47
56
18
17
38
33
14
61
54
-1
17
58
26
67
73
53
59
105
15
49
107
48
99
81
90
112
114
94
4
19
32
131
75
54
64
40
40
74
50
60
78
83
44
78
26
62
106
24
70
12
11
56
142
-35
36
53
91
59
51
91
54
104
86
97
12
18
57
-32
87
43
36
50
54
83
83
24
88
71
4
83
76
69
48
91
80
90
70
59
46
76
32
90
45
50
78
117
93
55
74
85
63
-12
70
91
91
66
44
66
60
102
26
58
48
29
133
59
-13
94
91
92
65
23
34
73
52
104
94
-2
25
88
18
44
131
146
55
76
73
25
40
73
67
78
60
22
127
63
98
72
66
100
38
47
55
118
45
76
67
16
56
82
12
14
107
30
109
56
95
2
24
40
9
48
30
37
82
33
33
39
50
110
30
67
48
46
86
128
34
39
68
10
30
55
29
43
28
7
17
7
54
11
84
22
118
46
87
94
112
64
94
26
58
74
91
62
53
48
29
17
38
97
51
103
56
62
83
104
91
11
53
45
70
105
27
118
59
77
15
86
122
121
76
78
23
46
83
102
36
54
103
59
73
91
82
20
70
47
56
42
112
50
11
48
43
69
91
-23
93
62
27
29
82
74
8
64
80
15
87
66
74
82
38
75
93
54
41
94
60
62
-10
82
43
146
59
29
97
82
82
1
72
41
29
39
65
63
115
116
48
93
36
22
18
61
67
99
59
138
42
28
15
83
58
89
50
80
97
31
39
-14
90
98
42
101
2
9
35
87
64
63
53
23
108
83
58
107
98
103
135
98
116
39
61
66
72
31
14
59
10
116
29
6
116
80
24
73
46
12
91
49
79
43
34
84
39
119
13
68
30
89
115
74
-11
28
94
59
38
32
68
44
67
39
67
43
79
118
55
79
73
72
43
44
55
39
-9
17
86
81
32
23
78
76
57
45
55
-43
64
34
72
43
59
46
70
64
39
7
78
10
96
68
90
63
78
122
83
50
111
63
17
1
45
48
35
75
76
44
11
61
-2
54
63
30
35
77
74
87
68
13
74
32
15
34
88
58
18
74
56
79
20
41
62
94
28
66
53
15
81
91
87
69
52
18
80
44
91
45
20
87
39
62
-23
108
58
30
101
64
24
62
9
7
61
49
69
12
80
28
91
60
91
65
15
13
21
73
81
37
76
62
-10
103
14
72
41
-43
14
84
78
93
60
25
40
42
15
25
-13
32
64
-6
50
18
31
91
33
72
80
9
110
97
99
124
106
15
90
139
116
9
52
31
90
117
101
65
107
11
45
90
51
29
54
108
37
128
56
78
87
37
-16
69
109
41
100
76
60
2
37
1
27
12
56
79
-6
29
38
31
8
70
126
75
21
-18
65
15
114
77
34
11
55
-4
60
68
2
46
58
84
56
123
73
43
51
41
42
88
88
50
85
62
30
65
68
32
26
12
5
44
83
41
65
87
68
84
69
61
58
85
70
97
64
86
56
28
30
96
47
94
116
14
79
22
63
48
13
151
88
114
81
28
31
75
36
81
25
7
59
113
95
48
76
109
12
80
47
65
97
44
63
62
1
56
95
48
62
88
138
11
85
63
54
39
45
14
45
75
76
87
35
43
26
57
51
27
52
46
121
46
84
23
77
82
72
49
74
62
42
7
18
10
75
105
14
23
40
63
103
54
86
31
68
57
116
5
48
112
38
49
88
83
36
54
33
72
2
37
17
62
5
82
131
122
5
69
34
83
114
22
14
59
30
101
51
67
-2
49
97
90
104
85
141
0
34
62
29
103
82
28
102
126
34
101
66
23
45
59
38
82
51
137
53
90
63
40
65
22
69
119
96
30
122
77
5
41
105
88
61
73
89
51
55
45
69
49
73
32
10
27
32
35
22
54
-27
17
45
133
44
53
-1
86
51
21
49
98
74
64
15
78
90
88
75
125
92
42
14
8
82
20
60
67
57
81
-5
34
10
86
-10
9
38
85
71
60
37
35
57
31
90
16
48
92
118
48
98
42
29
24
83
66
52
47
30
27
12
76
123
63
50
93
8
39
28
43
33
136
0
91
86
92
83
104
58
33
74
78
116
113
81
-9
19
87
139
23
22
71
43
62
45
67
23
58
132
87
74
135
54
66
59
76
7
56
13
82
70
71
74
0
140
-2
66
61
56
99
78
17
42
31
50
49
48
71
21
24
81
-20
-6
50
86
133
74
50
66
121
115
17
58
1
-8
95
105
28
72
84
65
88
54
24
63
43
34
69
54
101
38
72
23
45
61
58
56
74
109
92
11
-5
32
20
6
56
85
68
54
50
65
103
28
105
30
62
21
86
41
2
65
45
41
27
40
47
91
31
82
45
53
141
82
43
53
118
63
59
34
41
81
65
55
39
27
30
17
67
49
58
91
46
30
95
94
24
78
99
136
36
21
91
20
118
43
48
-9
32
40
34
70
20
21
62
50
56
94
39
72
125
39
86
5
72
102
51
143
123
88
115
48
61
81
14
61
87
29
61
64
83
47
110
28
108
83
44
0
77
98
93
66
76
36
52
-2
62
127
98
42
64
27
106
101
145
29
47
68
22
54
60
99
78
103
102
64
67
49
18
114
3
18
111
26
6
9
72
82
26
121
26
66
67
19
16
-10
55
43
61
42
89
107
80
-13
3
42
85
52
73
50
84
37
83
46
69
51
115
67
93
13
49
74
83
8
69
65
65
-23
55
54
85
42
64
-1
49
63
79
93
78
79
-8
83
9
24
37
88
71
101
44
62
58
114
100
52
64
75
15
49
60
22
80
19
82
49
56
49
46
89
79
41
88
110
80
86
59
64
18
107
86
52
38
80
68
34
62
30
83
6
102
130
43
27
38
45
65
113
121
44
37
58
54
53
110
47
52
45
51
42
79
40
54
34
50
101
46
70
69
5
53
28
67
14
20
30
2
34
41
55
54
48
81
50
62
66
23
84
23
121
81
