15
1
55
17
8
3
-12
13
-15
-37
11
21
-29
30
-60
-30
-41
-25
-11
-8
7
-15
-33
1
-24
7
6
29
38
-57
-81
7
47
-32
22
-18
-9
41
26
35
-49
0
4
-33
-30
14
-19
37
18
8
-68
20
5
-41
27
-12
-32
-25
10
26
-59
1
-6
0
49
6
5
-10
27
28
-26
-38
-20
-23
-46
-42
57
12
-42
9
28
-10
13
-5
5
-7
-11
-9
-21
32
-4
-55
-45
16
-18
5
3
11
34
-22
50
29
10
-16
23
13
-33
-15
36
-39
23
-33
4
-61
-10
39
40
43
47
-21
-1
-5
10
23
45
-15
-35
-4
-95
8
-4
33
-24
10
21
-65
45
11
-37
-30
-34
-4
-44
4
-55
45
-27
-15
-12
21
13
12
-14
18
-31
-1
-75
-55
25
-43
32
-6
16
12
-23
-10
37
-12
28
12
-15
-25
14
26
-43
0
-34
-29
-4
1
10
-77
15
-19
30
24
-4
-12
14
-19
17
16
-10
41
-32
-75
9
-6
13
-32
14
34
-73
-25
-2
-35
-19
-3
-20
12
13
-1
-3
-17
-36
64
13
-1
42
-3
21
22
-21
25
5
10
-8
-19
31
-21
6
-58
-18
17
42
27
-37
-25
-59
-31
-9
-19
-45
29
-38
3
18
9
3
27
24
4
-13
-28
19
-78
-7
-21
17
10
22
-29
-12
-26
12
-8
-23
28
-75
10
-39
36
-22
-24
-36
-73
-15
-42
11
1
-33
29
13
-3
48
17
37
-9
21
-74
29
30
-5
-48
-13
-5
-62
-9
8
-29
30
14
29
22
-33
-51
0
-12
-8
-51
-49
29
31
-18
-106
36
-16
0
-24
30
-16
20
-23
4
-50
0
-16
-19
46
5
-25
14
-4
4
36
-53
36
-15
-15
3
6
-36
0
20
-26
-12
-23
-27
-3
6
-39
-22
-62
45
-21
-5
-3
-86
-24
-7
-20
-1
-2
-38
-3
-27
31
12
-58
-6
21
6
-32
-37
14
-15
27
2
8
10
30
-5
6
-41
7
-44
-35
-3
7
-57
5
31
-5
-49
-59
-59
0
-41
-59
7
-21
50
-6
0
-35
21
-9
-8
0
-28
-20
-18
-45
-57
-16
-36
-22
-4
18
22
-7
7
10
-11
8
-6
-10
4
23
21
1
18
-30
-29
-20
-25
-34
-8
-18
-21
9
-101
-17
-34
-48
-68
5
-9
-16
0
4
-24
-46
-23
-15
-37
-28
31
13
-28
-31
-28
36
-20
4
13
-56
-19
45
20
11
25
-5
1
0
5
11
9
28
4
-37
-15
-52
-21
23
4
33
-17
-27
-31
39
17
23
3
-27
8
-39
25
-39
-45
47
-66
53
4
-7
-3
-6
-33
3
12
19
-14
-22
16
-19
11
-23
19
-13
19
-3
17
-9
8
-17
23
-6
-14
2
-63
6
30
4
-13
-45
-47
-7
23
-52
12
0
61
19
18
15
12
3
-17
33
-8
22
30
-37
16
58
-12
-15
-17
13
-5
53
34
25
6
5
-13
-39
-18
-39
-25
-18
-15
0
22
-22
-14
-3
-21
0
-31
6
-35
-67
-14
-10
-25
-47
-24
-9
-37
15
-26
13
-1
-47
-39
-11
-20
15
-3
-5
-32
-7
36
-27
-6
64
-11
19
-41
-63
-3
0
-3
23
24
0
-15
-11
23
-2
8
-37
46
-13
-15
30
0
9
-28
9
-2
19
15
-1
-65
-28
22
-11
0
6
-26
14
-94
6
23
-1
11
-26
10
7
15
5
-1
-16
25
-39
24
-22
20
-6
18
7
37
-7
-3
9
-11
24
-35
2
21
2
0
-39
-20
-8
-31
-25
25
13
-12
-24
-5
-52
6
-32
19
7
-30
-37
-3
-30
-3
31
58
22
10
-15
-36
51
25
-40
-1
1
1
-18
-19
4
-61
25
15
-46
11
-56
-43
1
-28
7
8
-23
-5
-28
-18
1
-7
-63
40
-13
-22
22
-60
-19
70
6
-20
8
-50
10
6
-29
-3
-11
-64
-23
5
-2
-2
-36
-28
-32
-10
14
-18
-7
67
-35
8
16
-51
-38
58
21
13
16
-35
-18
-16
28
18
34
-17
-1
6
-19
-3
-13
-41
-28
29
20
-11
30
-51
-24
29
-17
40
-10
-7
6
37
43
-47
-6
21
-14
-3
36
52
2
-28
-15
-30
-52
21
-53
-52
7
-37
11
2
25
-35
56
-65
-11
-33
-11
-50
-3
8
4
4
-14
7
-13
4
-4
-20
-9
29
-19
-61
6
-29
-5
45
15
-20
-40
-100
14
-89
6
-34
-10
-1
-37
47
-45
2
-15
45
-28
65
-23
-30
-16
66
-8
-6
-7
-32
-5
34
-25
-32
22
8
25
10
-13
4
31
44
23
11
-97
-4
-22
4
-9
7
13
1
-8
16
-19
-7
-12
45
-33
13
30
-3
-66
31
-9
-6
1
29
-61
4
-10
-11
-66
39
-1
30
10
4
-21
10
-22
24
-23
60
-34
37
-49
2
-37
-19
0
-4
11
9
-5
-2
32
18
-7
-57
-17
19
3
11
-16
-4
-5
-37
-17
28
11
12
-13
-22
14
-11
30
6
-59
-17
-9
-2
11
-58
23
14
-8
-1
-23
12
-6
-13
-6
3
-34
0
4
0
-68
6
-23
-47
3
1
-2
12
-31
-19
-25
27
-41
-4
-38
-15
-5
33
-63
-8
29
-3
-9
23
1
-11
13
-20
15
-23
-58
-16
-3
-35
5
17
-34
-20
0
-45
-30
-49
-38
39
-23
-33
-66
-53
-61
11
-3
-24
-63
-22
-47
-21
-49
0
42
-2
-38
-32
-56
15
-20
-32
-35
-15
-43
22
-42
50
5
6
-26
-14
-18
33
-17
-38
2
69
8
37
-21
-73
33
-50
47
32
-25
43
2
31
-30
-31
-19
10
42
12
-17
-2
-7
-7
-19
11
70
2
-24
6
-27
-2
0
9
-28
-49
-22
20
10
3
0
-5
-35
25
5
20
-4
10
6
-26
0
26
-30
-28
-9
-37
-26
0
-3
-17
17
-18
0
8
-47
19
-4
19
22
-52
-7
-63
40
-55
10
-46
24
-6
-16
-55
5
12
-10
-42
-12
-2
-17
-32
-67
-24
-22
-18
-50
-5
6
-3
47
-8
2
-47
-51
-32
-5
-36
24
2
-15
6
-7
8
7
1
-57
-27
14
35
-68
-10
-9
-14
58
-29
-4
-49
16
0
-16
12
0
19
2
3
-57
-25
9
-41
-5
-76
-18
23
-41
-73
2
1
0
-5
-34
-6
1
-34
17
5
-4
-11
-36
27
-29
-13
6
-39
-17
-30
0
-43
-13
22
-11
10
9
-44
9
-21
3
13
-2
22
-40
6
-6
-7
-1
-4
-16
-28
26
-33
35
-9
-27
18
-3
-24
-47
57
-18
5
65
-13
8
57
20
27
1
-4
-2
-38
56
-29
-36
32
12
30
-41
-30
5
-14
6
3
-19
44
17
6
70
-22
-56
17
-2
-11
27
30
1
15
27
-25
13
35
-16
10
-41
22
17
42
-55
-22
2
-16
59
-14
-42
-45
25
11
53
9
-28
-11
8
0
3
-38
-100
37
-18
3
0
-11
-34
-17
45
60
-33
17
-1
26
11
4
1
27
-27
13
40
-4
-19
11
-33
-40
33
30
-13
-20
-1
-3
-5
25
8
22
-27
-72
-12
-7
-16
2
6
1
-3
22
9
22
8
4
17
-43
-41
-5
15
6
-1
21
14
9
-1
-12
-3
-37
-24
-5
0
4
23
18
-11
-10
-33
10
19
27
-24
-18
-4
6
8
36
29
41
-5
-7
11
-1
3
45
-8
-30
19
-18
2
-29
19
-32
-25
21
-5
-31
7
-26
6
-33
-20
-17
-40
34
5
16
-30
-20
22
0
20
17
4
47
-11
-38
35
-15
39
-8
-12
10
1
-8
-3
-9
8
-27
-37
-1
21
-91
4
23
12
3
-58
3
-2
1
-50
-37
-25
-18
-14
31
18
2
4
-51
-72
26
-18
-33
-14
-64
35
32
-5
14
14
8
-12
14
-6
-16
-3
19
2
-11
-34
19
12
-73
-1
58
-19
20
3
50
0
45
-1
26
27
18
-16
-36
4
-4
10
23
9
14
-16
-29
23
19
-4
-24
-1
18
-44
-3
-25
-14
-22
21
3
-30
-36
-3
12
11
22
-9
-23
-15
8
1
16
6
-32
-12
20
30
-83
-42
37
11
-10
-16
-23
-13
1
-18
-60
-78
-5
-25
30
23
12
5
-32
-21
-117
-33
-4
20
-7
-9
-22
-43
11
0
15
-14
-34
0
-27
2
-15
-2
24
-1
-14
-45
-63
-47
21
-19
-20
19
-28
-52
9
7
12
-1
-36
-18
-42
-23
-32
31
-12
-23
25
23
-13
-9
-7
-6
6
33
4
-16
-22
22
-7
-3
12
9
1
36
47
16
-47
-10
-16
-72
28
-2
12
22
-28
-77
-9
-4
11
-4
-5
28
5
6
-4
16
-2
-4
5
6
10
-4
0
87
4
-17
-32
-14
51
-55
22
9
-26
-10
6
-8
-33
11
-5
46
0
16
13
-16
8
7
-38
-21
-20
11
-31
-6
31
13
-35
-34
-39
-29
2
27
51
5
30
-3
12
-4
-30
-4
-7
-20
-52
-8
-30
-47
27
36
19
-7
-9
-32
16
-8
12
6
-4
4
-34
-49
-2
-4
35
30
12
47
5
-28
17
4
-35
-22
7
0
13
-9
32
27
-28
-23
6
-68
-33
-10
-28
15
24
3
16
-1
9
-1
-3
-32
-33
-35
-35
5
14
-10
-3
52
-32
-9
-11
-16
-60
19
-47
47
-44
31
21
-16
-8
-17
16
-45
-4
-14
-52
10
-46
-48
-36
-3
34
-59
-7
-44
-3
36
-9
-12
-4
-6
-15
-10
-35
-58
12
-33
-45
-1
-16
4
-15
41
-41
41
30
36
-18
6
-27
14
-4
-10
-11
-34
-39
-31
4
-17
-32
-30
1
4
-20
-42
6
-8
-5
-44
21
-43
-14
11
-17
25
-53
27
5
6
-74
-15
-96
-17
-21
-36
16
-73
-31
56
-14
-9
14
13
11
-6
-43
24
32
-20
-27
19
10
-37
-66
-8
2
9
-21
-25
41
14
-8
20
-28
-30
2
31
-1
-13
43
1
23
-19
-10
-2
-63
6
16
-8
-24
-40
-9
9
9
27
-4
-2
-25
-4
-11
7
-45
14
-39
-8
-31
6
-8
23
-7
22
-54
-2
40
33
-17
-23
24
8
-35
1
-1
7
-5
21
-111
-23
17
-25
10
23
-46
21
10
15
-90
-33
-5
-25
-15
-27
-38
26
-39
-11
24
13
45
-28
4
-23
13
-11
-16
18
19
25
-2
18
-32
2
-16
-6
-14
11
17
-13
66
6
-33
3
0
-12
-60
-11
6
-23
-40
11
-11
-42
31
13
-38
7
-50
-29
19
-33
51
15
30
-25
-7
-1
-38
12
-26
-20
-45
9
9
-2
-35
0
0
-15
39
-17
-18
9
28
54
46
-29
-30
-35
29
-14
-23
9
17
-13
23
39
-28
-7
7
15
-26
10
16
-5
-42
9
-2
23
46
-20
-29
-10
42
10
0
37
-5
-9
9
64
-23
-37
-30
5
-22
6
-44
-71
-36
2
14
19
-14
45
16
16
-30
-2
49
-13
-14
-6
-9
-13
13
-25
-1
16
-38
-81
5
2
-30
-19
-60
-51
37
-16
-26
-14
-6
-12
-77
-22
-22
-6
3
-80
-24
36
15
-33
-21
-10
23
-42
12
4
40
-18
25
-1
-35
8
-71
-8
-20
-36
-1
8
-6
-9
47
-48
-56
27
0
38
-61
25
-27
-1
1
10
-16
4
-21
30
-22
-12
10
26
31
18
-61
-36
-15
-96
-7
-29
16
34
71
25
-49
-33
-24
41
-35
-21
-8
-14
5
11
35
2
5
-19
-57
-37
30
-36
-80
17
-81
-14
-17
-20
13
-17
21
-29
12
53
15
-90
-8
-15
20
57
21
16
-36
46
-6
17
-6
-22
-37
1
-24
35
-1
-51
18
14
49
46
-16
-30
-46
-3
-15
27
-11
1
-11
-2
-17
14
-13
-8
38
30
-15
-6
6
23
26
3
-3
-49
-17
36
-35
-27
5
-29
19
-5
1
-36
-16
6
11
14
5
-44
8
-21
22
-1
-2
2
-42
-19
-43
-38
30
-36
7
-1
-36
-9
11
-32
-9
19
-32
3
-20
3
16
41
-41
15
16
-25
-20
20
20
20
8
22
-21
19
2
2
15
-89
11
-21
2
30
-46
-1
49
-9
32
24
-18
-35
-63
-9
23
22
19
66
-13
-34
-3
-5
-6
-73
-15
29
-18
-13
-7
14
17
-13
-5
0
28
30
21
7
-4
-42
-35
-3
-8
-38
11
6
-1
-27
-13
-22
7
1
9
0
16
2
-3
-11
-5
-17
-5
-1
-14
-25
-55
21
25
-1
-20
-48
-12
12
22
-1
23
-22
37
14
4
-44
-52
11
-40
33
-26
5
-13
-41
-9
48
-16
-21
-8
10
-65
-45
12
-44
-4
19
-21
-13
39
21
-12
-6
-6
-20
-51
5
36
-84
-6
-98
41
-23
3
37
-33
1
-1
5
44
20
7
-19
6
14
2
10
-37
17
48
13
-14
31
17
60
5
12
12
25
43
-17
4
25
8
-15
-1
16
-20
-17
-8
3
-9
0
-56
-51
-20
6
-10
-21
13
27
-49
-22
19
-55
-7
-28
-33
-11
35
-55
16
-6
-3
-6
-30
-36
44
20
-11
-4
-2
-23
-25
5
-35
-18
-32
-83
-15
32
-8
-22
6
-44
-16
-9
-4
-23
-5
-11
20
47
1
18
5
35
6
-9
32
-15
-14
11
-3
-7
3
7
4
-2
10
-76
43
14
-2
-24
-12
-6
27
-9
-13
-25
16
-21
16
-21
4
30
29
-46
-42
-81
-42
11
-7
-35
-41
22
-13
14
-36
-77
-22
-16
7
16
-27
-15
60
-3
11
-57
-3
78
-48
-34
12
-16
-7
-55
-28
-20
-25
-42
-24
-42
-8
-49
30
-34
-3
9
-20
47
10
25
-1
9
-8
30
47
-62
-12
-8
-35
28
36
43
-26
36
-111
24
10
22
3
15
50
-10
1
55
-27
-45
-51
-44
16
-63
-25
-14
21
-17
-61
7
-22
-18
-28
-36
4
32
0
-31
22
13
-22
-27
32
-13
-59
-7
-1
38
-1
10
19
-29
-20
27
-41
14
-1
-23
-1
-10
-33
5
-80
-24
13
-32
-35
5
-14
32
-10
-51
1
8
-39
-14
2
-11
21
25
45
-42
17
-3
18
2
6
27
54
-13
26
16
-3
35
21
-4
30
-9
-11
-11
29
-1
14
10
-57
-8
-15
-1
-7
-45
8
37
-46
-44
-26
-30
-3
-8
-45
42
-29
-7
-38
-32
-43
-8
14
15
-36
32
-49
34
10
-14
-40
11
-19
17
-2
22
-12
6
14
-17
-3
-3
22
-73
-54
12
78
-2
-11
-40
-28
-117
-36
-10
-4
-28
-22
37
2
-48
26
-5
-8
22
-43
65
-46
16
-21
35
27
-11
5
-54
-13
-1
30
9
20
-30
53
1
14
42
9
-30
-17
-15
-2
-5
10
-7
16
3
-39
0
13
23
-22
36
18
30
-35
14
-32
-34
20
-35
11
-36
-16
22
14
64
-11
-16
-33
-21
-5
41
-76
-47
-15
21
-23
-47
-7
-11
-33
-27
-11
-23
-23
-21
-8
-19
4
-13
-27
20
25
-2
-55
-4
-30
30
-10
-40
8
12
-26
-68
11
4
69
-24
-6
0
-6
1
-17
-24
-19
-23
-2
-6
37
-5
-65
-7
23
-11
-21
34
-39
-40
-27
-65
23
-49
-21
20
-11
16
-36
40
5
-27
15
-1
-48
-19
-11
16
17
35
-22
24
-8
-5
7
7
-15
11
-13
-49
-12
-42
46
-54
-37
10
-19
-23
30
29
-28
-42
-43
-4
-7
25
22
-5
-1
3
1
1
-2
87
-11
15
-35
-26
-36
-19
6
17
36
-6
-34
2
-16
6
13
-8
-8
1
-66
24
-1
-6
-17
-33
-14
30
-19
18
-5
11
1
36
-56
16
6
-38
-9
-48
-4
-12
12
-23
-43
2
2
-44
33
-29
28
-40
21
-2
35
-35
30
-26
15
40
-57
-14
9
-1
18
6
-2
15
25
32
18
15
-17
-12
22
1
27
-27
13
-57
-44
-5
27
-18
-28
-11
67
-60
-13
-12
-33
-1
-5
22
-10
15
-12
3
10
-7
-10
13
20
-14
12
-14
14
24
5
21
-105
15
-18
-57
-31
-52
1
15
1
-8
3
7
-11
-4
20
-16
-1
-5
-20
26
-50
5
24
59
-7
-24
42
17
13
-67
-48
-29
14
22
11
-3
-36
-16
-12
5
-34
-31
5
-1
-5
-8
4
0
3
-25
18
-3
-43
-3
-10
46
-26
25
9
-8
50
30
40
6
16
-60
-7
19
10
-1
-32
-41
12
-36
-9
-17
-13
-10
40
4
-25
0
-12
10
-1
-25
-8
33
-39
-31
-12
23
10
-24
-27
-25
-18
-48
-12
-15
15
20
12
13
-24
3
-33
1
15
16
75
-23
-25
-11
43
7
58
-4
24
-61
-54
29
1
3
50
8
-31
-50
-31
-45
24
9
-28
-5
-1
-11
17
15
-14
-60
3
-4
-27
2
-3
23
-2
19
42
-27
1
-36
2
13
20
-22
22
5
14
-6
7
8
-47
-25
-24
-35
-4
12
-11
-8
-44
-8
-60
29
14
53
28
2
-4
23
-32
-9
7
-43
-86
-5
-44
-16
-6
-43
6
-27
7
18
-4
39
-27
26
20
-41
-104
-16
38
32
42
-33
10
-15
24
2
25
14
-21
-28
6
38
-37
-11
-14
-42
-2
-33
-6
11
-21
-34
-42
-31
-22
0
-6
-57
-2
52
-42
5
45
-20
-7
-28
1
9
-20
-51
15
5
15
-31
31
-17
-16
-25
-15
-40
-17
36
-28
-24
-46
32
-33
-12
29
6
-50
11
-55
29
4
-28
25
8
-10
19
-23
-52
-32
-53
-45
43
-24
12
-5
2
-40
-21
-25
16
-6
-1
-1
1
-59
16
36
22
29
25
-81
-3
-3
32
3
7
6
-11
-22
-42
-14
5
19
-2
23
58
10
-12
11
-32
46
-16
52
-1
-60
17
1
29
-36
-5
-11
-15
-19
16
29
-1
-4
15
-52
49
-4
-32
-11
13
25
-3
21
4
-66
-6
3
-37
-36
-109
-5
-19
-2
31
-13
13
21
3
-17
-44
12
-11
-65
-41
13
23
-117
-10
-14
1
-65
-16
-54
-5
10
-23
-4
-11
-30
-36
-40
-19
27
-1
4
-35
-14
-31
-35
-1
-23
20
7
-7
-23
10
13
-8
-1
29
-39
-7
58
-43
26
-2
-1
-3
8
-28
-54
20
28
-14
18
31
7
-33
-42
-29
6
-1
-4
-51
-10
-46
-15
-11
1
-26
13
-42
-1
17
13
0
-19
-3
-81
22
-15
-14
0
36
15
-41
-6
-8
46
10
0
-9
-43
-49
-39
-6
-16
-39
5
9
22
1
-4
-20
-27
19
1
0
-27
-23
64
-23
-3
26
-28
-38
-19
-2
16
-20
20
30
12
20
-20
-15
21
-1
9
1
20
-18
-11
2
-17
11
27
21
6
-27
-12
-16
9
8
-33
9
-17
-81
30
-1
25
-26
17
-8
22
-13
-3
2
-24
-17
-29
-14
-60
-10
22
-1
-14
-36
-16
11
-24
-9
45
-23
-14
-19
0
13
-76
23
-33
-17
-19
-36
-2
-29
-37
-23
-15
-42
25
-19
15
18
29
23
-37
46
16
1
-18
-47
-30
-23
17
-36
-21
13
13
11
-49
29
12
-35
6
-36
-25
-42
-3
-6
-6
-1
-111
11
-8
-53
-22
-17
11
-10
-50
-11
-1
-10
17
-32
38
0
-10
-23
-38
25
2
-1
-21
-12
-12
8
3
-4
-30
11
-1
-5
-19
-40
6
36
7
19
5
-16
2
-18
-46
-21
-66
18
4
30
10
9
37
11
21
0
54
-14
9
-83
8
11
15
-11
57
0
-13
1
-4
-4
46
-38
9
13
7
8
-37
-30
7
-24
-43
23
-13
-15
22
29
0
-58
-25
30
-36
-29
15
-24
11
19
-33
0
-17
-8
45
8
35
5
6
-11
-19
-3
-109
-19
2
19
13
-8
-21
-98
0
58
-41
13
23
28
-44
22
-16
-21
-15
-32
13
-7
-65
-49
-13
-34
26
2
-18
-31
-8
-3
-16
-30
0
-6
-26
-4
43
16
0
14
-41
38
12
-30
11
-26
-49
37
-2
-55
-15
0
7
-20
-14
2
16
-32
-4
-41
29
-26
-7
34
16
-22
11
2
-13
-8
24
-7
38
-58
-13
11
3
27
-14
-16
10
-33
-22
3
-34
29
25
19
-15
2
-44
-18
-52
-7
-33
-58
-14
-71
19
-20
22
-28
-16
-5
12
8
-14
2
4
2
-1
-13
4
-18
20
-20
0
-40
-7
10
-46
-30
20
12
11
-46
25
22
-22
32
-2
8
-83
-3
2
-31
6
-51
17
-37
-28
-19
-31
-12
7
-12
-11
3
59
-5
7
-42
23
29
44
35
-23
6
-7
39
-40
69
-17
9
-38
-2
28
32
18
9
21
10
8
44
-19
2
-49
27
-36
-66
-60
38
24
11
7
-13
19
-5
-9
23
36
19
-80
-1
28
1
-45
12
-28
-23
15
-20
5
-14
7
-31
19
27
-25
37
23
-37
12
19
-13
8
-44
-52
36
-38
-46
9
10
-2
32
9
1
40
-7
2
22
19
14
-17
-20
-33
-23
-3
-1
-37
1
1
-6
-8
-59
-8
-4
-6
3
-5
31
-21
24
-80
-1
-37
-23
20
-20
23
-41
4
32
-43
-3
18
38
-42
-21
-11
7
-21
5
-52
0
-25
32
-26
-18
17
12
18
-36
14
-86
-14
-13
4
-18
-8
-48
-22
16
34
-41
-2
-5
-22
-42
-11
30
28
-3
7
-27
30
32
6
-4
-23
-15
20
-9
11
-30
35
-62
-83
-52
-3
-8
36
14
6
32
-16
10
15
-2
31
-5
16
9
-16
-2
39
23
7
17
-30
35
-24
-22
2
-54
19
-5
10
39
16
-14
15
-33
-15
2
-13
-6
37
-104
18
-50
-9
-17
-15
23
30
-37
5
24
12
3
-6
61
-31
-39
16
-21
-42
-65
-8
0
-42
-21
27
7
-4
-22
20
-53
0
-11
22
30
8
-21
38
-28
28
-11
-21
-22
14
11
-11
4
-9
12
-13
-25
16
-49
0
10
35
-17
12
5
9
1
-1
15
-8
-37
0
1
-10
-41
-23
-32
-65
-5
-3
57
-32
15
-12
2
16
16
-14
-19
-5
8
-23
0
23
18
22
5
-34
21
-4
-40
-6
-54
-54
-18
7
-54
-6
7
13
-43
31
-21
-51
-48
-20
-15
8
6
27
-59
35
-34
41
7
11
14
9
42
-26
2
-28
-21
37
5
3
-20
-30
-13
36
-3
22
46
14
29
-26
-15
17
-34
-15
-40
-4
-18
-33
46
6
16
0
40
-5
23
-28
1
5
-4
-49
-2
-15
7
25
40
25
43
37
13
21
27
16
-16
21
-11
1
-17
-12
-18
-43
-17
-24
32
19
-31
-27
-15
-39
-52
19
13
-14
33
13
8
0
25
17
-36
-4
46
28
16
9
40
19
4
-73
-23
-6
7
-9
-11
-17
-26
-4
-6
-43
11
-5
-34
0
-33
-28
-2
43
-22
37
-46
-84
30
-10
-9
11
-5
-9
-10
0
10
16
-5
-14
12
-5
-62
5
-28
-63
1
-18
-25
-19
-60
3
-39
13
-11
-44
-11
46
-18
9
8
8
12
24
17
-6
-39
58
-11
-11
19
-38
-18
47
-8
19
71
43
19
-2
-67
18
-70
3
15
-40
-19
19
-11
-10
-24
8
38
8
-96
-31
16
8
-12
13
-15
-22
17
26
12
-21
-46
14
14
-3
-21
30
17
-13
16
-1
-37
-45
47
13
22
-18
35
-4
-48
6
-8
21
-25
-10
36
18
3
17
6
49
34
-31
0
2
-40
16
-11
-41
27
-53
8
-39
24
-19
3
25
21
-40
-18
-41
56
-39
36
37
11
11
-40
-10
-55
-39
-28
-13
23
34
-1
-65
-15
-15
-21
13
-38
-39
-41
-13
47
44
1
9
-8
19
17
32
-6
1
35
13
50
-1
-30
-27
-31
-21
-3
13
-57
4
-30
6
6
-7
-26
-1
5
22
-14
21
8
-61
37
-5
-2
-13
20
13
-21
22
27
-1
-24
13
4
41
23
23
34
5
0
-6
12
10
-41
11
-7
11
-16
5
22
-15
1
-59
19
-14
-27
24
11
13
-58
-17
28
20
-29
-28
-1
10
12
3
-31
-35
28
-22
-23
-41
-39
-34
30
-9
-3
39
27
-19
14
-38
-26
-45
-15
-73
-3
-11
5
-47
6
-24
32
-54
-35
46
-24
-73
-5
-2
-96
21
-22
-20
34
28
2
39
-16
-65
-21
10
-3
33
26
24
18
17
-43
-34
39
25
-23
-19
-8
-23
-8
8
-2
-5
-98
-5
-18
26
54
7
14
12
23
-27
12
-16
-4
20
62
33
-13
-13
14
17
4
10
-56
-36
-23
-17
-52
-52
-3
16
14
1
-30
20
87
7
-35
-13
14
-50
-16
-67
7
27
11
3
41
20
-15
-3
14
-27
-8
29
25
26
18
-43
-76
-11
-5
2
-1
-13
-27
-3
-14
-43
23
35
-26
-19
13
-21
46
-34
-1
-31
-15
18
49
-3
4
-7
-90
-8
-22
-4
-14
-27
23
-2
-42
3
-40
-25
-41
27
71
-21
-8
-45
-25
61
-2
57
-36
-31
-31
-40
7
14
34
6
-7
10
-6
-30
-10
-44
-19
9
30
4
-28
-21
-49
-6
1
1
3
16
4
18
-32
61
-12
-72
-18
-31
7
7
-2
-15
-14
15
-21
-56
-43
10
-40
6
30
9
-59
-6
-42
0
-71
-32
2
27
-14
10
8
-39
5
-5
0
6
-22
31
-22
-41
10
7
6
-16
-38
-36
19
24
45
-57
13
11
-8
-48
-22
20
10
13
48
15
22
16
8
-39
7
-4
15
-7
38
20
7
8
-22
13
-25
4
-37
30
4
48
1
-15
-25
7
-1
30
12
-3
17
-13
-35
-38
-3
-13
15
-3
-41
-7
38
-23
-42
18
-29
-4
25
20
-19
7
7
-30
30
-21
26
-8
-19
-36
15
-42
-22
-57
-65
-28
19
4
-49
-28
18
28
19
38
7
-15
-25
-10
-48
20
-31
-19
46
-6
35
29
1
-1
-42
-39
31
-3
-3
12
5
-22
38
-38
-6
21
-30
2
-27
-36
18
-17
6
5
-38
-23
20
-32
14
32
21
53
43
-32
-27
18
-81
11
-57
-35
-1
-35
0
-38
-30
1
-6
-76
2
3
56
31
27
15
-20
-17
-10
17
-10
22
46
-33
-41
6
-90
-1
20
-5
-2
-3
27
35
-48
-37
8
-25
17
11
0
-4
13
28
-32
-2
-13
-65
30
11
-4
35
16
10
4
-62
-11
-12
-54
-48
-95
18
-48
-36
-12
-6
-6
-9
-56
-24
6
0
-53
-81
46
-17
37
-11
32
-30
2
-25
-9
-20
-70
10
-21
-22
-51
9
-18
15
6
-24
4
6
11
-29
20
-32
-46
-67
-13
21
31
10
17
-22
2
-2
-30
15
-21
42
14
22
11
-1
3
19
-33
-6
-18
-8
60
7
-7
25
-13
26
-42
25
-27
-11
-7
21
-7
-54
-18
0
-16
-29
-6
36
-42
-1
0
-20
-4
-12
-46
10
16
19
10
-39
21
8
20
24
-10
-9
8
-1
8
-10
26
15
30
30
-18
-11
-31
-2
3
3
0
7
-18
40
-4
17
-24
-66
-59
-6
-83
30
7
21
49
-4
3
2
42
8
-6
-40
-8
-6
-17
-17
12
-7
-16
1
-7
6
-4
4
-2
5
-4
4
11
2
6
-36
4
-9
-23
-21
22
-81
-29
14
-10
-53
19
0
11
-26
55
10
50
6
-5
25
-3
-13
-7
-18
-4
43
64
-66
27
-40
28
-30
-12
5
14
-19
-41
-31
-6
-21
-4
22
-7
-29
11
-53
-9
-1
-54
-10
-13
-23
3
-41
19
-24
20
14
-32
-49
-8
32
41
9
10
15
2
-5
12
-24
-7
-55
-36
-7
-24
-1
-17
-18
-4
-8
-22
4
-33
8
2
-34
2
23
23
-7
-23
-42
-9
-4
18
-66
-1
-6
2
-49
-76
10
18
-27
-19
7
-16
28
-17
23
-44
9
4
-1
18
4
-3
-19
22
-15
-46
59
-6
33
71
-29
-9
-15
-54
12
-5
10
-49
-12
-25
-36
23
-5
44
-42
-11
10
13
-1
3
-22
37
-35
-50
-9
-3
-44
8
-21
-36
-94
-1
-6
-37
13
-38
-9
-26
-83
0
-38
-35
11
8
-7
-8
-5
6
33
2
2
-46
-53
27
-106
-9
-17
2
-23
-38
-28
-75
2
-22
7
-7
-41
-13
-97
-28
28
9
-17
-13
-6
-10
-23
-4
9
15
-111
-21
-9
23
-25
28
-13
-20
54
-25
-57
-45
33
8
7
10
15
20
-17
-49
-4
18
0
-32
0
27
0
-11
-17
-58
12
-15
50
-13
-54
-37
37
6
1
62
28
22
56
23
-3
1
-65
-14
27
-19
11
-6
-11
-3
23
-27
3
1
8
-14
-1
6
-39
28
20
-6
-12
-2
-34
-20
20
15
-35
30
6
-29
-10
24
1
0
-4
-24
-35
-22
-64
-35
-6
-35
-15
5
-38
35
3
17
-31
-23
-3
-43
2
-15
18
3
1
-6
-11
18
-86
-22
-27
-14
14
-48
20
0
-17
30
-28
-10
-2
4
-20
10
-41
-12
39
33
-57
-23
23
2
-7
-3
4
-4
1
-1
-52
-36
-19
-23
1
-12
-54
13
10
-52
-3
17
-24
-47
12
-14
7
-5
26
-50
17
-13
11
24
43
-44
26
18
-44
-10
-31
10
-2
53
0
-2
-13
-18
5
-17
-31
-49
2
1
-30
-13
-22
-15
-68
-18
-76
32
-7
-35
-2
-18
10
-10
-13
42
23
-28
11
-49
-60
-47
0
-22
71
-32
26
19
16
-44
-9
-3
-22
38
16
16
-14
32
7
-19
28
32
38
36
-50
-32
-24
5
-86
23
14
-9
-35
46
42
-3
-11
-11
-3
-40
-42
0
-28
47
4
-42
-25
37
-23
21
27
-55
-3
-6
53
32
-63
-8
-21
22
0
-30
-29
20
1
-6
57
48
-8
-2
11
-46
19
-6
20
-33
-20
8
2
12
23
-26
-1
-10
-40
42
-21
-4
20
-40
-11
-6
-23
16
31
32
5
16
-13
-17
33
31
23
8
-33
68
19
-17
4
23
18
-38
-12
-8
-17
-21
-11
-2
-23
-4
68
46
-39
12
-9
-36
-40
-86
-3
48
-10
-47
-19
22
-24
-32
-3
7
-12
-22
-41
15
-105
-12
38
-27
-37
-22
-1
13
14
-36
-21
-77
-34
6
-31
10
9
0
54
13
-2
5
0
-53
38
-15
-41
-15
24
-1
12
-40
-12
-7
35
28
-34
22
6
25
45
8
33
17
45
-6
-6
-5
-54
14
13
-1
-4
13
-8
-18
22
-13
-7
-24
-5
21
2
-38
-31
11
-11
8
1
-18
-6
-4
-39
-3
-15
23
22
-15
1
-22
1
18
3
31
-15
-10
15
48
-15
-34
-49
-47
-1
-28
10
-3
23
-65
11
-43
13
-60
-71
28
-23
34
-38
-25
-20
-26
5
34
-35
2
-48
15
29
44
8
-17
-30
-40
-6
6
-117
16
-7
9
-3
-4
20
23
63
-6
16
11
-39
19
-36
-21
-3
-6
-98
5
-21
-76
1
-23
-17
-8
-5
-13
-5
42
-30
30
-22
-5
-10
-17
21
-15
-24
10
-29
-14
2
-3
-31
87
-23
-8
11
-8
-7
6
0
-14
-23
-25
27
11
0
-1
-24
-4
-23
6
-50
50
14
3
-43
20
-73
-36
-13
-2
-9
35
-43
-17
5
4
36
15
11
6
-26
16
32
39
16
-2
-33
-24
-19
-6
-8
28
60
-56
15
-11
9
30
5
-26
40
-91
45
1
-31
-22
-7
-9
-10
2
-55
-50
-29
23
1
23
-65
-5
-4
10
-3
-23
-21
21
26
-55
-28
18
-11
-3
-16
21
-26
-47
-27
-35
4
71
-9
-28
14
48
-40
-34
-16
-3
15
31
-12
-1
-58
-6
7
2
-83
-17
36
26
-39
-11
29
25
-5
-3
-33
37
17
4
-20
-3
-7
24
-45
-21
6
32
9
-35
7
23
-46
1
-15
-29
6
-6
-20
2
18
6
-14
-9
-3
18
-2
43
-13
-6
-7
-5
-31
7
6
-36
25
11
16
19
33
-33
39
-14
-10
22
-63
-16
4
-12
4
-30
-11
-37
16
-52
-34
-6
48
30
-18
9
-3
11
25
13
-16
28
22
-14
-64
-34
58
-27
-27
21
-8
50
16
-3
-20
-35
12
18
4
-16
-19
4
-17
-6
-45
35
31
4
-27
20
-69
1
20
-25
25
0
-44
-23
-3
13
-7
-91
10
3
10
-3
27
-18
-42
-5
12
-25
-4
-66
-42
-39
-4
-25
-55
-10
-19
10
6
0
-4
-38
-7
29
-9
27
-62
29
24
-3
-17
-34
11
21
8
13
17
-1
24
-24
-12
43
-6
-3
-10
10
-4
-32
-30
27
-53
-1
0
-32
-22
38
-27
-12
56
11
22
-2
38
-47
28
-84
24
-58
-28
7
-37
-11
-101
36
46
3
-7
-18
-6
-43
-1
16
-17
33
5
-13
0
-46
17
14
14
-26
19
15
-32
31
-27
-22
11
-69
20
0
21
-9
-4
4
0
1
