28
-18
-38
17
9
44
31
19
-22
32
-24
26
-64
-55
-22
49
-23
-19
32
-19
23
-94
-1
-24
-47
48
-23
13
-8
19
43
-40
-61
39
3
57
35
55
21
31
18
45
22
-54
-28
-65
61
-122
11
-14
-65
-75
36
-26
-40
-3
-15
-1
98
59
-45
-25
-6
7
20
-5
-17
32
32
9
19
32
125
-41
-42
25
38
-131
0
-8
4
-13
53
27
-37
38
25
74
65
39
-22
5
12
-29
29
28
21
53
31
11
-51
52
-11
37
12
1
-2
-20
12
45
-31
-15
-35
-26
16
-92
29
-14
76
73
0
45
6
11
-5
49
-6
53
-29
-1
102
53
-18
34
43
-7
-5
-95
-40
-77
21
-21
53
42
53
25
58
-2
2
3
-14
11
47
24
-34
-30
10
30
11
26
39
-96
-87
-55
35
38
68
-35
20
-1
56
1
-89
32
-31
-120
8
-10
-9
6
4
4
-23
-33
102
-24
78
-11
-24
-14
-41
-5
-60
65
-11
-8
-18
-27
31
46
-18
-18
59
30
18
-22
-6
58
27
21
-20
18
49
61
26
-32
26
-1
37
33
33
18
-34
69
95
23
-16
64
19
48
0
101
19
5
-27
32
27
36
68
-73
-38
14
53
10
6
14
27
2
55
38
44
14
21
-21
-2
-10
25
27
44
59
48
0
-5
-33
10
-16
-3
44
-37
-5
-13
-57
12
47
3
-40
-51
19
23
68
-34
2
22
61
81
21
106
44
45
49
-17
-30
-4
-47
37
-17
53
-1
-31
7
47
61
47
-15
-4
-10
-8
4
-34
36
-11
-48
-64
9
14
28
51
88
-5
-8
-40
5
12
46
17
-82
48
48
15
60
-15
15
-16
55
20
-60
15
-7
3
-12
5
-10
74
-12
-2
18
18
-19
33
-1
16
44
48
-74
42
-24
25
-6
11
-29
16
-1
2
-14
49
-5
-51
116
46
9
68
49
-18
-53
-81
2
-2
29
21
17
-19
6
5
44
39
-10
-39
16
18
-45
-4
-47
-46
-5
24
37
-23
23
0
-36
29
-49
-30
-17
7
-25
7
29
-55
5
86
-3
14
-18
-46
-6
-1
27
53
-7
5
-69
34
-32
9
27
-35
-81
-13
40
-24
18
-19
101
112
-40
0
48
-27
-51
-34
18
12
-1
-23
17
17
-25
53
1
-38
16
-5
37
-10
-10
-52
52
55
-52
-43
77
-115
27
66
-45
-26
-55
-9
74
-43
30
28
-79
42
-31
-41
-3
-52
45
-3
10
28
-72
-32
-72
49
42
0
7
49
-36
9
88
113
-1
31
23
36
-22
67
19
18
19
-14
-1
-20
71
-91
57
5
91
30
-54
18
3
70
44
4
-1
-4
2
16
16
-1
-50
15
18
14
-9
6
30
56
66
17
-29
54
-94
38
-15
32
18
3
-9
27
25
8
37
27
78
44
99
-1
30
-7
1
-11
-1
63
14
82
22
78
21
67
46
-29
12
28
35
-40
-24
-119
43
-10
-20
-7
100
2
33
30
72
-42
31
25
33
43
43
84
30
-66
-81
51
36
-25
41
-48
-13
-3
11
-26
50
-16
-9
-15
54
19
7
-20
17
61
19
8
60
0
53
28
46
-33
27
22
-7
-1
-7
-45
8
58
17
2
-2
-64
51
41
29
23
20
6
20
6
-52
-88
43
-1
-36
8
27
8
-2
-83
-42
60
31
84
-64
-58
7
25
52
-83
6
53
-3
-68
33
-11
22
44
-21
-6
8
33
79
29
-39
41
-32
-54
-45
5
43
85
50
22
-26
-5
-16
-18
-27
2
0
-12
4
-22
68
44
-9
30
-5
68
-25
-17
-27
-14
-18
17
27
66
-87
5
-28
7
-12
39
47
27
24
-46
-47
57
48
28
29
-1
-51
19
31
7
12
-8
-6
10
28
-50
-7
28
-9
-25
15
16
-21
71
-22
-16
46
-14
33
101
-27
53
42
-36
18
-31
-17
-52
-50
-12
-22
30
36
20
53
84
-4
-10
37
22
-13
-103
28
57
18
62
-10
-91
-16
-48
-3
-32
20
-35
23
63
0
-80
-16
74
-41
-13
-69
-62
-19
49
52
-6
3
-23
-9
-51
41
-24
65
96
-40
-47
-58
-27
2
-11
14
9
9
11
-22
7
31
-8
17
-44
61
-23
26
-56
45
47
29
0
-14
98
-32
-16
-89
-50
-8
-14
-1
82
1
76
20
26
31
47
26
-18
45
-40
11
45
-25
10
14
57
60
38
-74
-19
-9
10
36
-10
-23
-19
-8
-7
33
7
-22
40
-55
-96
-62
-53
65
75
-51
-59
7
-18
8
-23
4
-14
43
-81
51
63
122
0
-6
41
2
44
40
11
-27
5
-31
76
-1
23
-12
-1
-12
2
-3
-39
-46
1
7
41
-38
43
-19
56
61
6
7
30
-20
-3
-9
-32
-22
53
-45
55
18
-55
50
45
-13
1
27
98
-1
21
12
-73
9
26
-11
-39
25
14
34
7
52
10
-36
2
-14
-81
58
-21
-6
-7
27
60
-6
62
67
50
16
22
-1
19
-48
47
-12
1
13
20
-36
-55
-62
18
35
56
73
7
-82
-85
-21
-3
36
40
43
-8
-5
-12
81
-65
-7
14
45
54
60
-3
-38
14
53
-38
3
-35
42
16
-6
10
62
41
15
18
-44
-1
-24
50
27
-36
2
7
-73
9
-56
24
-22
-87
11
16
6
29
27
2
-4
10
-14
-52
-19
-50
20
17
-14
-10
-43
-51
0
-18
14
30
30
-86
24
-5
16
-14
39
-21
6
32
17
-2
-24
-48
-6
24
7
29
16
-110
41
38
35
-45
25
-26
44
-6
1
-22
13
-115
-52
92
18
-8
-39
45
-1
-22
37
17
-20
-27
40
41
-63
28
57
-9
72
23
-76
-4
-28
-66
1
-39
24
-1
-20
-77
27
-11
8
-30
12
-53
21
38
83
22
50
56
-13
39
-13
50
-20
40
-12
39
-29
8
8
0
-6
-50
-7
58
2
-18
29
39
19
-10
-14
23
-55
-1
61
-19
38
93
14
32
-2
-67
3
19
36
45
36
-3
49
15
56
15
18
-68
-97
-26
-34
14
4
-25
-10
10
69
5
-23
7
58
3
21
-31
-106
-45
-63
-53
0
-52
-26
26
-23
49
25
1
39
9
41
29
12
-13
16
-34
7
66
-32
-8
-88
15
39
0
-5
-14
74
-4
10
28
-69
31
5
-1
68
-7
32
-12
18
-59
-27
52
10
34
35
26
-21
61
-11
27
48
-36
54
-17
-92
-40
48
13
-51
-74
-51
16
-36
44
-4
53
31
3
49
-39
-112
50
48
24
-15
58
-19
14
15
6
12
8
-11
27
-22
-50
-26
-16
32
14
12
36
1
66
49
58
20
-17
-7
-8
41
-38
32
3
52
-19
58
28
-35
49
-13
-13
11
13
2
-20
55
58
-14
-3
30
13
71
28
14
-2
-8
-43
28
12
23
30
-9
15
-24
-42
63
-73
-37
-22
36
7
-17
16
-1
14
26
64
43
64
125
26
37
41
-18
-3
42
30
14
-16
-2
-87
15
48
-43
-65
-32
16
42
9
-34
60
36
19
-2
-35
-121
-21
-22
9
-57
-57
78
54
-40
45
-10
-104
-21
-6
35
-112
-14
8
16
48
61
52
-21
-8
13
14
-32
-3
-13
14
55
80
-22
-7
15
-23
12
44
-78
-40
39
-11
67
6
-65
12
26
-5
9
-31
-93
53
29
23
40
-72
100
74
-4
68
45
15
46
8
33
-42
-30
27
46
9
65
23
-82
29
8
46
-73
29
14
30
-35
33
-36
23
-23
-69
20
11
7
30
-8
-55
-73
38
14
5
21
5
5
-42
17
-78
-50
-35
27
7
-50
-13
-78
-30
15
-104
16
40
38
-9
-9
-39
38
-76
-12
-36
21
-35
11
2
26
-9
2
56
-1
-8
-91
14
74
-14
32
35
-12
56
-8
5
-4
26
3
37
-17
55
-14
-15
22
11
50
11
17
101
3
17
-8
-42
-36
47
55
12
17
23
15
-12
47
28
-15
35
-35
78
-80
27
17
-53
48
17
32
-11
22
-54
42
13
2
-48
36
-9
-41
45
-57
9
1
26
26
-23
56
-24
-55
44
50
-20
48
-44
78
-1
-33
0
-28
-14
-18
-18
21
29
2
84
41
40
40
-44
25
-52
16
27
73
22
85
53
-11
-20
43
-41
23
-6
10
-79
52
22
32
39
40
-30
-75
1
-4
12
0
-32
44
11
44
28
-34
52
-28
3
-6
32
106
9
36
6
12
-12
-11
16
45
52
3
10
-31
11
45
-79
75
-17
38
-58
81
-22
-69
-34
-58
2
24
-55
-10
11
39
-19
-2
-7
69
14
-37
5
32
43
72
28
18
-13
-13
10
-16
-53
84
-30
74
32
57
40
2
36
26
11
43
-4
-1
21
-35
-34
34
-4
-50
-5
8
-29
-6
-15
10
-43
38
27
22
1
-31
-44
46
11
-54
39
-16
-3
3
-60
65
14
53
20
4
36
79
-7
-36
9
4
55
9
-16
7
-20
-53
22
-2
-14
-25
21
4
5
41
-16
39
-4
18
29
65
-29
-53
20
77
62
-26
41
45
68
32
46
92
41
25
-94
-12
-46
-56
-100
78
61
19
16
-10
9
44
-7
-19
43
-17
-38
16
4
-23
14
40
-49
-1
14
68
8
14
30
-66
37
8
85
17
-50
6
-6
15
-6
-68
39
-74
-24
-27
-32
-27
-68
6
-37
-4
-27
-31
58
93
-14
-72
48
-71
27
-10
-30
9
-38
-28
28
39
56
2
7
-8
-56
-108
-17
-17
36
71
22
-42
42
0
-8
21
-28
-50
76
23
66
11
31
-6
37
17
5
21
-23
-51
-5
-25
-25
22
9
73
22
-75
-13
-27
28
-7
-2
-8
57
-19
36
-48
28
-9
-15
-38
59
-64
64
34
67
23
-9
-17
19
-10
25
-22
11
53
-23
-26
1
45
49
0
21
-28
-84
12
66
27
46
4
-23
-46
-2
1
-11
55
20
-4
44
14
-50
34
-23
5
20
37
-1
100
22
6
28
22
-31
-100
7
15
-3
-7
25
-66
-98
15
-11
-16
6
-108
-34
-21
-52
-5
-2
-48
7
34
-1
32
33
-99
-100
-85
62
-41
31
59
23
-11
32
43
-50
29
3
55
63
13
41
5
85
65
30
42
39
43
48
42
76
-9
31
-3
-3
20
40
-13
90
-25
-45
-23
-32
-28
31
0
56
-8
-55
27
-6
43
8
-65
-87
0
-74
52
4
-54
-25
70
1
97
-49
-26
50
40
-7
-45
23
-61
47
32
-12
13
-92
-19
-5
32
-13
9
87
9
74
-3
13
83
22
-22
0
15
-87
1
0
83
-15
47
-61
-49
10
-69
11
43
3
-25
24
47
-53
45
47
34
40
-1
-52
9
-6
26
-38
2
-5
-20
-46
4
13
27
75
10
-30
-12
-54
-51
-13
-73
-8
55
43
30
12
10
-11
9
59
17
-18
-17
3
2
80
12
37
40
10
46
-46
11
-33
-36
33
-6
-18
14
-31
-3
-25
26
-45
3
-6
16
-36
71
74
30
14
-61
44
44
-43
-49
-11
21
70
-48
16
14
-13
-57
-29
13
39
-2
8
-125
53
75
77
-8
131
-80
-3
87
-1
-45
29
-13
32
18
-14
65
-3
-12
6
-3
-42
19
33
20
26
-45
-11
17
-44
-28
17
53
-20
-64
-9
14
-20
28
-26
-13
51
9
11
59
22
-43
-42
30
2
73
3
27
9
19
-11
58
45
-8
15
-8
21
23
-94
-2
-96
-86
-22
1
-19
-37
35
-26
31
6
16
15
-91
-5
8
57
-55
65
14
84
-47
-39
41
-3
57
4
54
17
3
45
-2
-27
-79
28
-45
-84
34
-18
33
2
30
57
46
-6
-37
-2
-27
24
3
-6
-12
-77
-1
24
-48
10
-64
2
-35
-1
-73
5
-23
7
-101
29
55
-4
16
-4
-3
-34
-24
-78
14
-27
41
-4
6
51
4
2
-32
33
32
-44
26
3
33
32
50
31
51
-17
-17
41
29
-19
13
-2
7
74
10
1
15
10
-4
-44
-57
-27
17
7
41
3
4
-52
53
48
6
8
-66
-37
37
-87
-6
-71
-11
-52
37
-1
2
48
-55
-12
1
-25
28
30
-13
-15
67
-15
-1
78
-14
35
-15
34
53
-36
-30
34
23
44
-14
-53
7
-3
-39
-26
-16
-76
6
10
40
-45
60
50
12
-23
-46
-17
39
-19
-88
-1
-14
35
37
-12
1
-1
-34
41
53
11
-12
68
19
-1
1
-8
-6
33
-31
-66
-40
-7
-4
-67
53
36
39
-43
-13
43
-54
37
-36
39
42
62
65
43
-50
43
-14
4
22
-5
39
-42
-83
-61
-57
-88
-39
48
8
-5
32
-62
29
63
-4
-61
41
50
8
17
59
74
50
-3
-30
21
-32
-36
18
-35
66
12
23
-7
-32
21
44
16
43
-34
-10
-12
-17
27
61
5
41
33
-14
81
-19
49
5
-10
-19
15
2
-49
24
57
55
60
52
39
79
-13
44
-50
70
14
74
70
9
-102
-12
-29
-19
0
-90
-1
43
61
-45
59
142
-8
29
-25
-3
-3
-2
-22
-29
-72
15
29
-22
3
29
51
3
18
-32
2
14
53
-21
5
-2
22
4
-51
-122
-78
24
-30
-1
-35
23
-50
23
-7
-32
5
-93
-61
61
34
23
-4
59
37
48
17
-38
46
39
37
52
24
63
-4
-25
-16
17
-75
49
-37
-4
45
15
-41
4
50
43
-64
21
-8
51
40
-5
-38
-5
-13
-25
43
-12
-50
-15
-43
34
-4
-9
11
25
4
23
7
-20
15
24
23
57
27
-35
62
-53
-10
57
-9
62
23
72
-19
-15
-25
26
27
-8
12
8
-13
33
-14
-47
58
55
-34
-49
49
16
22
-16
3
-76
31
41
-28
11
-58
43
34
-22
-50
26
-100
40
-93
-1
-14
71
-17
11
-32
-26
34
29
20
13
-19
31
30
-72
33
33
61
-29
-11
9
37
-11
45
-23
-21
61
27
84
-6
-4
13
-64
-4
-24
-85
-14
17
-3
-10
50
13
-8
-28
-24
-1
-46
-5
30
103
-5
-36
53
23
77
13
22
-21
-50
39
-19
79
-36
-24
73
-3
9
4
-41
-6
27
-1
-35
16
-8
-27
-13
36
-34
-7
-60
-12
27
9
31
9
90
-66
-35
-9
35
33
29
-45
66
-55
61
-16
63
18
52
29
6
28
5
21
33
17
32
-17
17
-2
5
-54
12
10
1
45
-55
-24
-129
-36
22
-44
-95
0
6
54
77
25
14
17
59
59
15
-74
1
34
-40
55
37
8
11
-43
-22
23
71
23
-5
-8
33
53
88
8
30
8
17
46
74
45
-20
-5
14
9
27
57
53
8
-53
19
-1
-55
22
-17
-3
-23
39
-101
48
-18
21
37
38
-50
24
-22
68
-5
-18
29
12
2
53
32
5
14
54
11
45
-19
-59
20
74
-5
-50
-34
86
48
5
-51
-2
-27
52
-52
-42
16
78
-63
2
-13
-8
53
-45
-22
-4
37
90
21
-11
29
45
-5
46
9
-43
62
15
28
9
-21
5
-22
-1
9
-8
-52
44
-22
36
-12
-78
-5
-3
38
-3
-9
-12
-27
37
52
40
-66
-17
5
-39
12
-4
-6
-22
52
32
-26
-8
16
-7
-22
-18
11
45
45
-53
2
-12
31
-28
59
-3
-29
-85
-5
-51
-14
15
-23
-42
-7
102
-21
42
40
27
-3
-50
5
32
-22
61
28
22
49
-15
40
-27
46
29
16
18
-100
-9
-1
59
78
-76
131
-32
52
1
122
-2
34
23
36
44
55
-8
-6
-31
27
-7
40
-71
-36
62
-25
-72
43
6
-2
58
-20
-29
16
-36
-28
24
-7
-45
22
-23
17
28
-24
-38
-5
-24
-32
-3
14
-18
-14
3
22
46
-125
64
23
-27
8
49
8
-1
14
6
-29
39
21
34
9
-79
4
-2
-35
1
84
-40
-43
-1
24
44
32
-34
56
-22
-3
-21
25
15
-55
-8
66
17
22
0
106
56
5
19
25
3
18
1
-24
32
-41
24
46
21
-12
63
31
-54
56
-45
34
-22
14
1
4
30
-16
-8
-28
50
-56
-18
23
9
1
70
-63
9
-2
-46
8
9
-2
-59
37
88
-107
-11
-4
18
19
47
10
41
-50
-55
0
14
36
-22
74
-11
6
-18
31
-8
-3
8
-65
-2
-22
-10
13
16
94
-49
-18
43
15
-27
37
-54
-13
-2
21
20
98
-9
-55
45
-19
38
-61
14
51
27
97
-38
10
-15
-17
-6
79
-79
-15
45
-52
-28
22
-6
26
-4
-61
84
4
2
-33
67
20
22
-48
48
35
49
5
-35
-22
20
53
-13
-30
47
37
66
-49
46
45
3
-2
76
44
73
-3
20
-7
-16
-19
-73
8
49
0
8
76
2
-4
-12
16
3
-4
-45
-35
-18
-95
-3
-44
8
26
24
-20
25
97
-22
-21
33
-28
23
4
-18
50
0
70
-19
59
57
21
-62
0
39
2
-6
-36
29
5
-58
-45
-15
31
45
-3
27
7
-51
31
10
39
-34
75
-79
46
29
2
-16
-15
-1
-2
-30
92
0
-88
-4
-22
43
-11
-7
52
39
-93
15
7
49
-51
6
20
-30
3
15
8
-69
65
20
3
-2
28
-102
-6
-66
-18
18
33
-8
-16
24
14
36
-101
-48
19
17
-76
6
10
21
66
6
9
7
-45
-13
17
-24
-13
-39
-35
-29
-70
14
84
-18
-12
37
-97
32
14
36
6
19
29
-54
-24
59
14
-1
-61
5
81
26
-39
141
35
57
28
32
58
29
-7
63
39
32
-10
-51
-4
62
-15
40
35
53
12
76
22
40
-5
-33
-17
-18
-75
-65
-55
25
90
49
-1
17
-57
-20
38
1
-11
10
33
-12
-44
-20
-66
-89
-58
1
36
-26
-34
-41
37
-1
40
44
-24
-21
29
121
27
-61
-16
-72
-1
-91
-21
2
-35
17
47
47
-3
49
18
-26
-30
26
19
40
-43
41
-73
-63
19
18
63
37
-1
39
19
-27
18
50
9
43
-23
-12
-18
-82
-14
65
23
-54
40
-18
15
-16
-27
-14
8
44
-8
-21
42
9
-3
53
-61
-55
-7
23
46
-53
-10
-35
20
-4
98
10
-10
-36
33
2
-38
16
-64
44
80
-58
55
8
-62
-35
-4
-10
17
-38
30
43
-15
0
5
-34
37
13
1
-37
37
-39
-27
-21
-51
35
16
-19
-10
-28
31
-89
-23
32
-15
25
-25
0
15
-3
-48
21
-71
0
59
56
14
49
-48
-51
-23
46
21
15
43
-18
63
-27
48
-6
2
75
10
-22
99
-41
-17
20
59
-48
57
74
37
-71
85
57
28
48
-34
-26
85
28
21
-42
72
45
1
22
14
-73
-16
17
17
5
0
-61
48
-52
-46
79
19
-11
19
-74
-4
21
97
-12
-14
-29
-27
42
39
5
29
8
-34
13
2
49
76
27
13
29
-8
-77
7
92
-28
-55
-36
-34
10
10
46
33
12
54
34
41
-5
15
-3
28
27
9
-21
21
39
-4
72
48
-52
42
11
57
-3
18
27
-33
42
19
-25
4
-3
-39
9
81
-64
5
-32
92
96
15
-100
83
-32
-79
-36
5
-96
-17
71
78
-40
68
-93
26
-54
46
-36
5
-11
-25
23
-23
-40
2
-4
0
-1
-14
20
-10
9
-99
64
41
-58
-12
67
10
3
46
-54
39
20
3
17
-9
-24
6
-55
-112
59
42
-11
18
28
-14
15
-3
-8
7
-23
1
-22
59
20
-3
11
30
6
-1
29
3
38
11
3
18
-3
22
-3
-4
28
-22
-78
-23
-83
-64
8
1
19
30
-12
20
35
-30
10
-1
48
55
37
71
45
-65
-8
-33
15
-4
-75
-37
22
33
16
25
-129
37
-14
62
-10
16
32
-97
104
100
19
53
-9
48
97
-23
-32
36
18
52
-23
-38
-1
-56
-25
-25
-4
-25
54
-83
-7
32
-8
17
6
29
-4
54
-9
8
-71
-7
-8
5
17
-85
-49
-46
20
-101
-2
17
-32
-23
29
29
12
-1
-15
-1
72
24
33
10
33
45
78
7
29
-61
15
17
28
-37
38
36
-32
-71
86
28
-75
-61
-87
47
-29
15
13
37
1
52
-1
26
-8
30
-21
-16
-17
108
-4
-96
8
-10
-98
34
-29
-3
-16
28
-10
64
6
46
-4
36
119
51
16
5
24
0
9
62
-12
40
6
20
-16
-11
-61
73
-92
10
52
65
1
-30
-91
-61
-22
-18
-11
14
15
32
119
-38
0
-76
15
-1
12
-56
-51
68
7
2
-32
36
7
-17
84
63
21
-12
38
-73
-25
38
-11
-23
36
17
36
57
8
-67
42
1
55
16
25
-3
52
47
16
17
-2
19
6
-99
9
13
43
29
56
43
3
76
37
-18
16
-48
7
-12
24
5
47
-50
-5
59
34
20
-47
12
-6
-44
-46
16
24
-62
24
-5
-32
44
-3
-29
-98
2
27
41
11
-15
62
12
1
-22
-55
15
25
77
-16
52
-25
-7
0
57
-39
-45
22
0
42
0
43
5
-9
-19
23
-87
6
-39
19
-40
-21
1
-9
80
-37
48
83
-21
39
1
-30
-22
-59
-24
-11
9
55
-63
106
51
-12
47
-36
16
-43
-9
63
-8
-61
43
-49
-6
-5
72
6
25
-15
68
42
-7
2
18
22
43
49
-3
31
-10
49
25
-2
-48
9
67
62
44
-25
-19
-50
-91
44
18
24
-14
63
-3
5
60
-48
-76
-25
32
-58
65
-52
130
-14
-19
13
26
-9
-1
6
64
22
70
-61
-31
3
36
72
8
-71
-91
-58
-24
-23
11
5
9
13
25
45
24
31
56
45
25
-1
42
16
-44
6
28
30
-31
-10
17
-4
-33
-43
-2
-14
-20
12
17
84
-10
58
-17
52
25
11
-22
-61
9
-54
135
55
34
14
-4
-25
18
-12
45
15
27
66
-1
-5
66
-41
-40
-1
-14
-11
45
-1
-97
37
68
-37
-24
-9
28
44
-21
46
-43
18
33
-1
37
-50
6
19
-35
29
8
-15
0
-8
-2
-6
-66
25
-21
-44
85
63
-36
-8
2
35
23
-16
-5
64
63
-1
19
8
30
-19
-17
12
62
-26
53
-42
-5
-10
33
-16
-4
34
22
-19
29
7
32
-32
34
3
31
15
-16
-29
24
19
7
7
-9
-33
7
22
20
-26
-63
-9
53
85
2
33
-49
-5
17
5
-38
-25
-54
30
45
48
75
-23
-9
14
50
-14
2
-38
21
75
6
22
30
-42
-11
13
16
-57
-58
-50
-1
22
9
-50
22
15
40
53
0
48
35
-15
-6
-36
-6
2
-34
-44
24
-86
-87
3
-25
35
57
-6
-3
25
-21
8
31
0
-14
35
-16
-20
103
-1
52
43
94
28
79
-29
47
13
7
-1
-9
30
-38
-73
4
-16
-34
15
3
142
9
53
-17
20
5
-15
17
16
-17
-21
22
22
42
27
39
45
-89
51
-20
19
63
-19
-81
16
19
-22
26
13
-71
2
46
12
-14
34
31
-31
7
29
4
13
23
-70
93
19
-43
42
7
53
16
-42
-45
-32
79
35
90
67
54
-71
36
11
-43
-30
-42
-17
-40
13
1
-39
-25
12
-8
13
-42
-7
13
-10
22
12
-16
83
60
36
22
71
63
-63
-82
49
-26
-77
3
10
57
64
38
-46
-7
-4
22
19
37
26
-1
-27
-29
20
22
-76
-9
-73
-34
-26
67
29
38
-11
18
-1
-1
6
13
3
-42
-21
-14
-41
44
-37
61
-49
-2
-19
9
34
67
-89
-85
-36
3
-46
73
39
-55
-10
-35
48
78
29
-57
21
7
-32
-71
9
2
-59
-29
18
13
-72
27
-52
8
-49
40
13
11
10
-18
-21
-12
-49
44
37
-19
36
61
4
-97
-25
-38
-54
5
-20
-43
52
-69
37
-66
56
26
19
9
56
-82
32
22
1
-55
43
-1
26
-14
48
8
-50
-20
-118
37
15
2
-19
-3
49
53
31
32
-4
-3
0
31
87
-73
2
31
32
23
39
-1
-29
-15
-22
-4
52
27
-4
101
26
73
59
-19
16
-76
-23
11
-23
-31
74
9
46
-17
-25
5
-44
-21
29
-13
-4
-67
-7
46
1
-22
91
-15
19
3
55
-20
-7
9
-7
3
3
-25
-28
-30
19
72
6
50
-34
6
-23
48
12
-28
36
29
58
78
46
53
31
57
73
39
-1
4
21
14
-44
1
-31
27
-13
11
45
-4
12
-7
-37
-10
-4
78
81
10
22
6
-25
-83
44
74
-7
10
8
45
-23
32
96
1
19
6
-3
90
-71
9
-76
51
-91
0
54
-3
2
-87
-20
45
33
4
68
-20
-9
-19
-7
58
-34
-25
-13
1
54
12
53
-60
52
-60
-27
45
0
79
-30
26
9
-14
15
-3
-31
-1
-11
22
-44
7
-97
7
-3
7
-7
48
-9
30
6
52
-22
-75
-5
53
12
11
-17
49
-55
35
-66
22
8
14
56
9
33
1
-12
38
-17
66
-13
25
18
-48
58
-23
46
-28
-4
-53
10
-8
-34
0
3
41
-10
22
14
-26
-4
7
60
76
-65
112
-12
47
67
-16
33
-6
-11
54
56
-71
-64
8
4
-28
-29
-20
22
-16
2
66
-23
34
-27
39
25
19
42
71
38
33
5
-30
-33
12
45
45
-4
37
-22
21
8
-38
59
-66
-3
29
3
-91
-55
85
27
-8
20
-29
-13
-23
-4
86
47
-34
30
-46
7
28
13
40
21
23
34
-2
40
39
-3
10
0
-19
-5
41
-4
3
8
27
13
74
24
23
2
40
133
-3
-34
-23
-1
-50
31
18
85
-1
13
-3
-28
26
67
-20
-19
-13
-62
18
33
-16
14
1
-11
-23
-15
-71
-18
1
78
41
54
-27
19
0
15
-21
26
-73
-9
30
42
39
-5
3
-67
-42
-34
-16
28
19
1
-12
-56
26
-1
-36
35
6
54
-30
-5
-1
28
33
33
-20
-53
9
-29
14
-77
-97
14
3
-4
-39
0
-23
4
37
88
-97
-57
-50
8
11
-14
-44
38
31
30
67
-9
-7
-10
10
-63
78
19
19
21
-27
10
-52
60
-8
21
11
-43
-2
6
-17
67
27
74
47
-10
-27
-14
-94
65
-60
-24
21
-73
31
85
-1
-44
-7
17
78
-9
67
38
14
-86
34
-1
-15
9
6
46
34
61
-66
37
95
-14
-20
2
-21
64
22
-16
-25
27
-6
-7
76
-1
19
-26
-11
62
-11
52
35
-18
41
40
-23
-28
-53
17
9
43
43
-3
5
-7
9
-39
10
-43
44
26
58
-41
-3
-39
-15
53
-38
-83
-38
-52
-11
53
-12
29
13
-12
-55
-2
-74
39
74
44
-6
31
31
-35
25
16
42
39
11
1
-21
-52
-72
12
-64
-10
-5
-64
30
-14
-39
-43
-21
16
25
-40
60
50
-25
20
-13
43
16
-53
-32
18
-4
30
83
46
4
43
-19
-41
2
-54
-25
-44
58
19
20
-26
45
-31
68
47
-7
63
-37
40
-4
-4
-3
16
37
-2
63
51
52
-17
-49
59
3
-18
-16
-1
39
69
46
-50
0
-2
33
-10
-25
1
6
66
48
57
4
27
17
-8
105
59
-107
-2
30
18
-89
-9
-1
4
-72
-25
52
37
29
-22
3
-71
8
-34
-41
48
55
-48
10
6
-72
35
-8
24
59
40
-1
-29
19
60
113
-26
-15
-28
8
88
16
-29
33
68
14
0
6
40
-22
60
-57
-13
13
-8
26
81
-35
6
-18
49
43
30
34
-71
38
-52
33
-34
14
-23
25
14
-20
8
4
-45
-11
-81
38
44
-21
30
38
-61
14
-10
-4
-13
9
68
52
-8
34
-50
28
-45
25
-60
31
58
-38
-23
11
32
-44
34
-62
-47
-4
27
-4
50
17
-31
-7
18
57
78
22
8
-4
109
9
18
81
-7
-15
-6
19
82
46
-29
3
-5
-21
-1
4
27
45
-66
14
-1
0
-36
-4
-1
72
-34
-37
76
96
-87
-39
-3
53
-44
63
-29
-26
-4
10
45
-58
46
-1
-40
6
42
26
38
28
-23
-57
4
-11
11
85
24
62
-29
-88
5
-2
-76
46
33
68
88
40
-14
-12
-23
64
-14
14
27
-50
15
42
22
0
-5
-24
16
-29
16
12
68
70
13
104
61
10
33
-29
-27
68
12
20
-27
7
20
22
22
-17
-10
-48
5
38
41
-79
58
7
-64
50
53
-39
26
-3
-52
-9
26
16
-15
58
47
17
-22
59
34
-16
-9
11
89
50
-63
-17
3
-3
0
-18
-88
-49
97
39
46
-59
19
38
-74
66
-26
41
38
-98
-7
57
27
27
-1
-43
-84
-72
11
20
-23
-18
-21
-8
30
-1
-2
-34
17
-1
50
-3
16
-43
-11
-31
-25
-67
11
18
88
-14
0
-32
-35
-39
9
-38
29
1
31
21
-5
2
0
5
41
64
-16
42
-15
43
43
8
37
17
59
-29
36
-11
23
-19
34
30
76
24
-3
-40
28
-4
21
-21
-20
-73
3
-7
30
3
32
19
-17
14
-6
-44
-68
1
8
-86
-37
30
15
60
60
-11
-4
90
28
0
0
-34
5
-36
11
11
40
67
44
-8
-27
33
66
-15
-38
39
-15
-47
26
43
-8
-53
55
-35
-27
73
16
-19
49
-3
89
-68
-22
11
16
-69
29
-62
-9
76
-42
-8
52
70
88
32
-72
-4
28
62
17
-3
122
12
-7
9
-9
-18
39
1
70
-12
36
-20
78
-14
-69
-13
33
38
-45
-33
46
4
-7
-12
56
64
5
-3
0
-3
-27
67
-49
3
-25
-54
-14
-63
50
20
55
97
-28
-44
33
72
46
65
25
0
21
-79
3
-64
-34
-4
35
5
-36
0
14
23
-4
37
0
-23
-48
39
-57
54
2
-4
22
116
-11
2
-7
-2
29
-34
-15
57
10
7
63
-30
3
17
-8
59
-24
6
61
-6
-13
-39
0
15
17
-44
30
42
-13
39
23
-40
-25
-15
-12
3
21
3
-29
-97
5
-7
13
1
5
-5
48
-11
-13
-28
-63
-12
-58
-34
1
-2
4
2
61
-1
78
-24
73
-22
-18
-13
-21
46
-4
-17
84
48
16
76
41
-54
0
-15
0
-7
-103
-89
-60
32
-42
46
56
1
33
-5
-1
-81
-93
29
12
-32
5
-12
25
-38
17
-16
42
17
-16
-30
-29
9
42
34
18
17
16
-121
-34
-55
36
35
7
76
0
45
-7
6
33
36
-41
35
-43
-61
94
57
-9
-45
-56
38
46
76
51
72
23
-6
48
-71
17
-1
14
-14
-86
42
-12
85
26
26
20
74
47
22
-40
2
22
-13
-32
118
34
36
-31
7
29
-19
3
-13
25
52
8
15
-25
-10
-10
-39
33
-20
18
27
-65
9
2
31
1
18
-22
-12
74
2
-29
16
32
18
-31
10
-16
-17
29
82
61
-37
44
-17
-50
77
-5
-14
61
-11
-13
32
57
-33
-26
-2
39
-23
-21
47
19
-56
60
141
-53
-23
-14
-70
-25
-4
-8
133
-31
72
34
-97
25
19
27
45
74
46
65
-9
-131
40
61
39
-15
4
-101
52
35
-78
45
43
118
36
17
16
43
39
-8
3
-14
42
-41
-18
61
-42
57
33
21
8
18
-11
29
1
-58
39
7
88
-90
28
54
41
56
37
-13
68
-8
16
14
-72
9
33
130
-27
-15
1
85
-55
28
36
29
22
0
29
-77
-20
-17
30
5
31
-3
14
58
5
-31
13
10
-63
-21
39
20
30
2
26
-21
21
11
33
-25
1
81
13
15
-58
13
22
23
-37
6
19
-52
-4
-1
1
16
54
30
4
36
36
85
56
52
47
67
-120
1
-1
74
-22
-1
87
-18
48
31
-41
5
43
31
-31
43
16
-84
7
45
42
19
-18
44
22
-81
57
46
-27
40
33
11
52
-46
88
-17
-41
8
5
-23
15
15
2
39
-17
29
16
40
-4
-36
6
5
-105
-26
31
-36
6
-17
15
-13
-47
21
102
7
25
21
-5
-55
47
54
-43
-8
7
39
-27
26
53
3
25
31
-32
-51
-6
45
28
-110
-5
-4
17
23
44
44
-26
-26
5
14
74
100
-46
14
43
-20
-45
61
-35
27
-20
-22
-25
-56
23
-61
-21
-53
