192
87
-38
-29
-24
9
78
48
-25
-44
84
4
-40
2
-37
-18
112
97
192
51
-9
-2
-16
111
-27
-6
-38
-22
55
22
16
18
-153
37
9
-42
4
32
56
-10
-37
64
0
-65
-35
-112
58
14
-102
-15
13
12
-12
36
-16
34
-5
88
32
99
15
-46
-34
89
60
31
32
-27
-92
50
50
-13
9
52
9
-35
-9
-42
-84
62
-79
-66
24
-20
3
9
-53
-4
-146
-31
-22
-13
-13
-79
106
86
39
-19
54
-55
-80
37
158
-59
73
40
5
8
-36
79
29
-11
67
17
-9
49
48
10
-5
92
160
-75
9
-105
14
40
-97
-48
3
-5
6
6
-27
140
65
8
33
51
19
-33
-63
73
47
25
85
109
68
33
-108
27
-55
-36
-51
83
65
60
-6
50
-62
36
58
-73
35
-6
2
60
3
-44
-88
40
34
-5
46
33
9
-1
-5
14
174
-15
-42
-50
5
60
-38
-8
-20
97
-67
34
12
45
125
18
11
-54
-16
-103
51
29
14
8
-32
22
45
63
20
47
167
-3
-1
85
-52
77
-129
25
55
129
17
-8
70
-69
72
57
6
-63
-19
-6
1
19
83
-64
3
69
-16
-22
-32
94
50
134
-47
109
-20
36
76
13
-29
-51
16
-21
3
-31
16
83
74
46
84
-7
19
-55
-34
130
-94
-33
-42
132
41
8
-24
-35
162
2
9
-3
-92
57
99
-47
40
9
-20
97
81
84
-57
75
-36
27
-25
-7
56
-47
-4
-18
19
-103
-67
-16
21
33
44
7
-3
44
28
-51
43
20
91
66
71
52
-73
3
34
-40
21
13
46
-21
155
-104
-4
-63
0
-33
40
35
19
26
8
41
28
-5
-26
47
2
80
10
28
-30
-56
-41
-17
105
-18
42
76
-60
52
-27
5
89
45
51
51
28
-28
-45
-80
-5
31
41
131
24
136
-21
36
12
-89
-22
69
26
-52
10
26
90
93
41
41
27
82
73
54
-35
-66
77
35
88
-20
36
145
76
37
-102
64
26
47
-38
-79
-101
-14
70
-10
-28
72
-9
16
1
-15
-34
27
-39
-60
65
-5
17
14
11
45
15
86
0
-16
18
-17
-12
-159
29
9
132
10
-12
51
75
-33
39
76
-165
12
74
45
34
-1
10
-14
-25
23
91
71
29
-9
-43
-59
90
-33
58
-1
-22
-37
-64
-7
32
-7
28
76
33
-39
-32
42
8
-26
20
8
-20
-4
-32
5
1
4
-17
-59
-8
56
79
38
5
-79
-16
-35
12
-35
-5
35
-33
8
97
-58
10
-22
41
-3
32
-48
-69
49
-74
101
-57
-89
25
36
46
43
-17
-69
-38
91
81
59
60
22
-22
-30
-33
54
-55
-24
-95
-31
-22
13
185
81
7
41
60
23
34
-65
-31
-8
34
67
14
-12
102
1
45
56
5
21
-27
85
9
24
-54
-30
47
-31
-69
-45
-1
-68
21
-5
37
-19
-88
-23
-29
1
71
-4
-51
93
-40
18
109
56
24
103
32
-13
-10
5
-34
-25
66
57
99
78
-10
-8
-36
65
48
81
14
65
25
40
-46
39
92
50
-5
32
-33
-26
-54
40
39
56
50
79
6
77
-52
-35
17
56
-8
0
9
133
14
66
27
-1
122
56
0
-35
48
-17
41
2
40
102
-6
26
27
62
31
82
-34
-97
-32
-20
-38
91
-83
19
-140
-33
-21
8
1
46
39
-70
83
21
-36
69
6
6
-27
12
-74
74
130
55
-33
132
63
-21
-79
-4
18
0
24
69
-28
88
23
41
53
20
71
19
0
-43
-35
-4
58
51
15
12
21
24
-27
30
-13
-38
-70
28
62
67
-33
57
-10
48
40
-38
34
41
174
-1
-86
48
-85
17
37
86
-23
28
12
-5
-13
12
25
52
55
11
22
-20
-78
20
-76
10
49
13
59
-12
43
-76
1
161
-36
-35
-17
11
103
14
73
7
36
90
-14
-8
39
-8
-78
46
48
13
20
66
-23
-31
33
7
187
-15
80
-103
110
35
107
57
112
-25
62
-59
-16
30
-23
25
14
48
1
97
27
12
-12
4
21
20
-1
-49
-22
50
28
59
-56
79
37
-14
-107
35
-11
9
-32
68
-5
43
-31
-26
-32
2
40
18
-5
13
140
-1
-21
-58
0
29
18
1
175
-48
28
63
-13
0
-29
39
-49
12
32
-96
101
-31
-23
40
102
72
-7
8
47
-110
5
42
32
25
-8
-10
-12
-19
114
45
6
-45
-19
-56
-4
12
-7
-10
-52
-19
12
12
23
82
39
-3
-15
-32
2
78
-77
-4
59
-53
23
-10
48
-36
-33
45
-85
-26
23
-2
-24
-10
11
102
72
-2
-12
-96
-57
-49
48
-58
151
1
69
-148
47
-1
-30
-11
7
60
-38
8
44
36
11
42
8
69
-23
79
-6
26
107
8
14
86
64
-35
-76
-10
71
41
1
26
84
21
56
-29
0
73
19
22
38
47
38
69
-23
9
39
-29
99
-63
107
1
37
-3
-50
-5
-45
-9
-121
-23
0
102
-33
-3
-59
66
56
-28
54
-17
-2
25
11
-100
33
-125
33
-43
87
56
-133
60
141
12
0
23
6
49
-19
27
47
22
26
-38
72
-43
-27
60
20
-14
-2
36
-34
37
167
-59
2
37
-98
-77
-88
29
52
19
-24
49
-56
-110
155
57
63
-66
-2
-6
-32
-47
86
-27
100
41
71
-4
11
65
-33
87
15
58
16
-47
-2
43
-50
13
114
-59
67
-28
-35
28
41
-76
48
-51
23
-24
-39
49
41
32
-33
-42
22
-64
136
84
11
-86
-27
-20
42
80
9
-16
-9
-52
-81
80
-1
-2
56
-28
23
-83
-13
-47
24
34
70
-1
-34
44
187
-14
18
-80
-88
35
-22
-6
63
98
90
-4
-57
41
52
49
-17
-45
28
185
-43
-94
1
11
44
48
55
12
-57
-86
36
30
-87
31
-68
-1
14
13
31
61
96
40
23
66
39
204
-16
17
-23
40
5
54
8
-37
29
83
-37
6
-55
1
21
52
11
2
-71
44
49
-16
90
111
93
-17
33
55
15
40
-13
68
44
5
144
18
104
49
22
-42
-4
-12
-42
56
7
-34
-33
9
17
125
22
41
34
27
34
-35
23
-6
47
-43
58
-5
4
-45
2
66
155
-4
18
59
43
-39
51
112
19
-1
50
18
-10
15
68
-44
-17
-5
112
12
94
-172
87
13
56
18
-21
-30
28
65
18
-19
-14
12
-10
16
-19
35
22
62
-31
9
67
12
-113
1
-31
128
62
-3
49
21
1
22
-78
-40
-19
37
0
-11
-30
81
-14
19
17
-60
-27
-50
59
0
11
34
18
67
3
41
-64
-16
58
-18
-55
1
7
-97
-61
1
16
86
-7
-40
1
-45
-7
-18
20
-36
44
1
24
72
-29
32
-4
-40
-31
-123
8
62
-89
-33
-31
34
101
67
161
132
10
152
-23
107
62
20
4
-43
-39
50
-77
58
-8
37
-1
-3
73
-67
27
26
-27
22
136
15
1
41
8
132
-1
14
-102
49
-62
2
-121
39
50
-1
-12
71
-5
58
-35
22
10
120
-25
-2
4
-42
-19
0
51
-44
118
-22
-21
-23
11
62
17
82
13
-69
45
5
51
-15
64
27
-187
56
-83
-25
63
118
21
14
43
-185
-1
-70
64
-18
-38
-5
13
14
-45
3
-22
54
3
61
-22
19
17
-18
68
-15
-79
-23
-5
-56
-1
12
56
-31
27
8
-62
-72
-97
36
24
-24
43
-75
95
-19
-64
23
21
-101
79
-35
76
-80
-31
9
75
0
-56
-31
69
85
22
47
56
-42
-1
60
-88
64
103
17
-132
106
8
-28
-34
-65
-16
39
-68
73
13
60
-17
17
24
-52
-11
86
-37
-14
31
-60
31
46
-25
39
32
-57
1
-60
-22
106
-11
-49
17
44
61
-57
28
1
1
-5
61
-35
-46
-45
-41
-7
-1
-41
56
-58
-25
27
-170
53
56
0
-47
31
53
74
17
-11
-17
-16
-3
-93
-57
77
45
-23
-51
6
-6
16
61
62
24
-21
26
-1
-6
81
20
-21
-66
-21
93
27
-67
152
46
-130
-42
95
-21
-43
31
-13
78
-65
43
-38
112
-27
60
-6
-11
168
37
-20
-72
-31
73
86
12
25
-31
-55
16
-66
-12
96
24
-95
21
30
-42
-42
84
3
1
-45
17
35
-22
6
53
-9
28
-2
-68
-75
-3
-51
-10
72
114
68
149
-28
-98
80
-2
179
-13
7
-96
-103
21
83
22
-2
13
18
66
102
10
-13
50
-11
5
69
36
77
42
57
-19
120
-23
39
13
61
-6
49
41
91
4
-39
69
26
-35
-21
-2
-38
8
-2
-34
22
-8
102
57
-44
-78
-43
30
19
38
47
21
-91
79
45
50
-34
-112
27
63
84
62
63
-5
-36
-79
-5
-25
-121
-71
-21
-29
-27
52
17
-21
5
75
-28
18
3
-36
-36
58
0
4
59
182
-89
-27
-54
-29
2
8
-56
27
13
1
-29
18
20
-68
19
62
41
41
-45
74
16
7
-39
-42
18
-53
30
-73
35
17
40
-107
-44
-21
52
26
13
37
19
18
55
63
6
48
-37
7
-14
5
-16
74
41
23
9
192
-45
-61
39
37
11
-17
94
49
12
5
4
0
6
27
-25
57
64
76
50
-65
66
-46
37
43
62
76
34
14
91
19
21
39
61
-95
79
6
7
-45
0
55
1
65
49
-18
-93
20
0
69
158
-5
18
-1
78
32
50
1
2
-12
-65
5
-35
69
-5
-20
46
39
53
-43
48
7
56
-55
-75
-3
-93
-15
33
58
22
56
-2
105
7
-11
40
-25
-47
88
88
84
24
21
90
44
52
-14
-54
109
-70
-5
78
41
38
91
23
83
-15
24
5
140
68
58
68
-29
-18
104
62
-12
15
30
10
17
140
-7
87
59
17
70
20
-23
14
24
78
-42
1
-64
15
55
43
22
0
-108
-1
17
-9
7
106
79
-51
-62
20
21
-33
68
14
36
20
24
100
34
41
-14
-34
-100
-90
15
-29
43
34
82
-97
135
-48
74
63
-30
-21
32
44
-22
-21
106
47
-4
14
11
-94
51
-18
-19
-19
56
-4
-62
32
-4
25
21
-38
-1
32
-58
24
-58
-70
47
41
66
-3
57
19
64
-81
-84
18
-33
27
-12
33
-49
8
-49
-20
43
-17
3
86
16
1
27
130
-5
54
-68
-93
-13
26
-55
89
-26
20
12
-48
24
24
2
89
-31
19
-8
-43
86
77
19
-10
18
-108
-12
14
97
-101
47
-18
68
111
-1
41
26
26
-13
-40
-21
97
57
-5
58
7
-16
-22
17
-13
73
21
-16
35
14
-12
177
-30
3
23
-47
37
23
-55
-68
-17
66
14
70
4
105
30
21
-44
-16
8
96
60
-85
-32
27
106
66
106
12
-46
-47
-62
-36
6
-21
24
-60
-30
-39
-154
1
-35
39
-37
-43
97
14
1
81
-24
10
82
26
-80
-1
-20
42
-22
3
12
72
63
-62
-3
-48
-22
-11
-43
-28
-46
102
-8
-34
66
44
-12
14
-16
26
-42
-24
-19
-19
35
-16
-43
-20
4
118
81
12
67
-14
4
-12
9
35
5
73
-21
39
6
126
36
19
64
30
48
45
-50
8
-23
19
-16
-7
93
43
4
24
31
37
8
154
60
109
45
55
19
3
-41
-102
8
53
24
-25
76
-100
98
-34
73
39
59
121
54
-56
36
73
-35
-69
7
-11
-34
-89
6
16
-72
-1
-9
71
79
68
-21
168
27
-87
167
24
-43
-59
103
-41
-60
-97
17
12
33
1
18
18
7
50
-2
61
24
37
80
-5
42
-33
20
45
-29
104
-7
32
62
69
18
19
-60
52
24
-5
9
24
79
-7
29
-13
-24
-87
-22
18
34
-68
-34
-49
-59
11
-93
50
-1
-10
-39
60
-29
-14
104
-37
75
72
31
47
47
-3
8
96
-26
-14
-8
58
177
0
-5
49
60
29
-16
62
3
2
-9
15
57
16
36
42
101
41
26
-13
17
28
77
-6
25
43
157
-62
-9
45
44
-69
-13
-57
72
-23
57
61
60
-16
8
-53
82
30
49
90
55
18
110
-51
47
109
38
-59
-22
-105
-60
10
50
28
2
-68
-35
-25
-39
47
-3
71
-60
107
-31
33
30
-48
41
-83
-35
77
14
-10
38
-1
15
83
-21
-55
-38
-35
-5
-32
45
12
-9
-14
27
12
-58
36
-40
39
-19
-26
30
-39
66
-58
-35
95
-9
157
2
30
53
53
37
73
79
100
3
-18
49
-34
-48
50
26
58
12
31
-53
-82
-3
68
-35
105
22
14
5
-37
-34
46
38
163
13
41
112
5
204
-37
12
22
20
-10
-30
-101
7
-73
-14
88
-92
86
-4
5
87
-61
-22
16
-42
47
102
-76
100
-2
-29
30
33
29
-61
48
-37
81
3
51
-32
39
-20
-5
36
17
-86
44
39
5
-1
5
-43
64
80
-34
-39
17
-14
83
44
-48
-15
-49
41
27
8
49
77
-31
51
192
14
141
33
21
69
-6
31
-36
-80
1
39
78
-60
-13
60
5
56
15
-32
-22
44
1
61
19
97
20
4
22
21
27
111
-53
61
42
-68
55
-12
-135
-53
-42
13
23
94
13
39
22
73
32
-4
0
33
168
-75
103
-44
103
-24
56
2
44
11
-3
51
11
31
114
23
26
121
36
38
-66
-4
-67
58
11
69
-28
-25
98
-15
39
34
12
91
-60
1
20
55
-22
77
155
35
8
13
13
37
-29
129
32
-27
50
-27
15
40
22
9
14
56
32
-126
161
-35
96
44
6
-31
-26
34
24
57
-23
74
45
93
1
24
-7
143
30
-40
-37
17
-56
-19
39
69
26
-18
20
5
20
32
-5
-12
-96
36
26
-41
85
-5
-49
83
19
-26
20
37
9
-6
-54
10
57
-29
20
-48
-60
-35
81
-18
-58
-29
-49
85
139
40
16
6
77
-5
38
-56
-42
21
31
-4
-110
-17
20
28
-126
-64
121
19
106
43
62
-82
66
123
-53
45
-106
96
32
12
-61
2
139
51
60
3
-45
-12
-58
23
-94
70
-28
27
-24
-127
15
-22
13
-28
80
-15
-3
-46
61
54
33
-56
-23
-42
1
8
-3
-105
3
-89
11
27
70
-52
-52
-6
-21
-48
-65
46
2
-12
-66
-43
16
-34
30
24
-92
-19
-14
94
-1
80
50
-11
-20
20
39
-80
-9
15
-93
54
-18
95
-30
-20
-11
-17
12
7
-72
80
103
16
-5
-8
6
-53
-53
-1
-26
36
-38
-10
26
33
52
38
70
1
-16
-6
15
49
-30
-63
1
59
-8
147
-22
-55
-148
25
-128
20
-1
-27
-34
12
87
7
-26
-10
-54
-26
29
-3
21
-2
60
-29
17
-8
22
-64
-16
13
-33
-22
66
-9
121
40
61
3
-55
25
15
171
-16
33
-27
-32
94
6
75
13
-22
55
-10
-61
-25
4
100
17
18
77
77
54
-1
73
-4
-54
-17
-95
47
77
-49
-39
15
-9
-71
20
-27
10
107
152
155
-75
-4
-13
22
-11
89
-57
95
53
90
19
67
-72
28
87
-78
16
-59
-52
-32
18
43
-28
56
-42
53
60
80
-17
2
29
0
132
-133
87
55
37
64
-15
115
5
114
71
99
9
17
15
43
72
65
17
110
88
149
10
-10
-16
12
-2
-49
-89
41
49
-70
85
10
-20
10
46
22
18
-15
-23
-9
-1
32
-3
123
102
35
96
9
-39
45
-25
45
-33
-57
39
-48
13
-22
-35
121
11
-80
33
129
-13
28
12
182
29
-10
42
104
3
62
97
69
21
45
99
27
-11
-9
10
-9
-16
-40
32
-105
-59
31
6
-36
-33
-20
23
-13
84
-29
-45
-49
-26
55
-30
-31
37
-3
-53
-34
62
33
-2
4
-21
27
38
-19
13
20
48
-43
-21
35
134
42
14
4
-28
23
-41
12
7
29
66
83
69
-129
-24
8
49
-60
36
-7
3
57
45
69
-73
38
-35
-4
-20
7
28
14
-50
-85
51
-16
-29
21
86
102
-11
-2
46
63
40
23
46
62
136
-74
9
7
10
44
78
27
-61
36
45
-30
-10
75
-7
37
20
32
43
-6
-45
0
-75
13
19
89
-6
-50
76
-19
145
-14
6
44
50
30
22
-62
-16
98
23
-79
37
44
-25
16
124
-32
-19
-24
7
92
-31
-45
-28
67
-57
155
39
48
-28
49
-20
0
4
78
54
17
16
-25
-26
23
-14
-153
-56
-29
48
-4
27
10
35
44
-11
61
-7
10
60
-32
10
110
81
78
-1
53
6
43
34
-9
-74
9
10
21
-25
6
-22
5
-41
8
-1
-22
-9
-60
38
12
102
-32
16
63
-8
55
-18
14
-105
-23
-47
10
23
-21
-22
56
62
-51
48
18
-101
-9
7
30
6
177
-18
-11
75
65
42
130
62
54
-29
-14
44
14
37
-49
-29
76
23
14
56
67
30
-5
-2
-24
27
-28
-36
6
87
-20
84
109
72
-27
-76
6
36
-4
21
81
9
-43
22
-5
20
42
151
27
-37
85
15
66
-27
42
23
-4
-18
-86
-1
49
105
-5
-41
-81
92
54
-103
131
-20
-65
40
20
-94
-68
11
-3
-55
-19
-12
-15
59
44
-44
-51
1
-59
35
32
56
33
-32
77
-68
36
-33
50
45
30
-41
-112
6
-35
-45
35
29
9
88
-35
1
15
-104
-20
32
-23
-3
44
-56
5
94
79
-1
113
-2
-119
-51
-113
100
91
20
153
52
30
-9
-7
-131
-144
-18
-62
112
-29
129
-6
93
-15
56
33
-23
95
-24
78
40
-14
-51
27
-36
-41
23
61
11
39
53
-9
-61
-99
53
133
-43
-30
69
14
-11
122
-26
-71
-26
-31
-1
-19
-47
24
46
-59
-2
-8
-24
31
12
-39
-18
-32
-6
-10
50
16
22
-1
40
87
-57
38
-73
28
-50
-57
76
3
71
62
-11
59
-64
-52
46
23
83
12
-57
-42
39
-64
50
71
22
-40
-23
30
11
16
17
9
50
-12
-47
-21
67
0
-85
79
-5
-10
14
2
43
41
74
-31
31
28
-30
-20
21
18
80
-38
-32
37
1
99
-46
-4
89
-29
-25
155
-68
20
-3
-5
-3
122
-48
78
179
-102
-56
50
15
47
45
153
-84
43
-24
4
45
-40
6
-47
27
64
23
134
-9
68
25
26
108
60
-57
31
-22
-15
98
35
-20
88
60
-26
72
41
-16
41
68
-5
-15
24
5
-136
-68
-30
-25
-29
16
29
-12
41
80
-40
39
-13
15
-89
14
12
43
15
-63
15
53
16
24
-16
8
48
-15
34
19
50
0
27
-26
-58
27
36
36
27
-31
5
-11
47
9
31
47
65
6
69
-62
84
141
-22
-19
108
-16
-14
3
-55
6
85
171
-59
-42
-23
-2
9
10
25
31
30
-6
28
-6
93
39
-11
-49
39
71
103
-21
17
-5
26
49
-9
20
-6
105
-3
-13
49
-59
-2
25
50
7
20
36
-2
-16
59
18
77
-1
61
-37
36
-3
37
93
66
32
-9
-62
20
2
53
-40
7
13
36
75
-54
-21
174
-2
95
-21
-21
-33
-3
63
-13
136
-30
47
143
-89
-114
-65
-16
89
-25
101
-6
59
75
18
135
30
70
-3
43
-103
121
10
83
-19
-31
-6
15
13
56
67
68
14
12
-77
-104
98
6
-2
-114
-18
-22
30
101
25
-49
-15
37
59
38
88
85
-83
79
25
36
-17
63
-29
52
20
-25
41
26
78
51
62
36
27
67
-47
14
-80
51
-29
69
168
46
-20
0
48
89
-15
-17
26
43
16
43
-30
28
38
154
59
49
-113
1
29
97
40
7
175
32
18
-37
87
-14
-18
7
-33
49
-7
-22
21
40
12
79
16
15
31
55
12
-35
99
73
25
-8
69
-9
-6
9
-17
76
47
8
-32
14
-44
113
22
44
-43
54
-33
-71
50
-72
-16
62
106
-5
8
1
10
33
-130
27
-39
-43
-77
77
30
6
-10
17
-12
13
103
-39
-27
102
17
43
-47
24
14
104
-38
11
50
-39
-107
-29
-49
20
89
7
55
87
44
-2
7
42
20
-21
-23
26
65
-82
32
-36
32
-80
-14
-51
27
-13
-17
67
-81
-56
-1
25
-90
-25
181
41
-17
-24
3
20
-90
30
-49
-22
-132
38
-17
-78
-33
59
37
80
0
23
-42
24
5
-21
-93
17
-27
18
28
103
71
-50
-12
43
62
44
-44
-4
-24
72
41
-103
-24
22
-21
30
-1
70
11
83
12
3
-56
-30
57
-35
2
49
-1
-19
2
59
0
52
38
-25
-1
74
25
2
11
2
6
7
29
27
8
32
26
7
-51
174
12
-18
-26
-15
25
12
85
69
7
15
24
43
57
-46
27
27
-40
15
24
116
-3
43
56
81
67
-50
5
0
151
44
86
-73
167
45
0
24
-32
-18
0
25
-27
-5
47
-3
96
102
-10
16
37
20
129
-8
-71
38
-28
-58
16
-3
41
-32
-80
43
-100
-47
93
43
-17
118
-62
-14
-1
36
79
14
-50
94
-6
-13
-2
75
134
-4
-26
72
160
-14
-98
20
25
42
132
24
43
16
-135
84
26
25
81
-13
14
-3
53
27
-46
54
-8
37
-42
12
-47
5
2
-15
61
-70
95
-24
1
27
-2
68
29
21
38
96
-1
-5
-44
49
93
20
25
-26
-57
-6
29
40
70
53
40
39
89
-49
-20
17
-40
-7
-1
84
6
31
-59
68
-5
52
-29
-21
2
61
-28
18
18
82
4
-3
-22
-10
12
14
4
32
83
-8
-51
-21
81
-6
-11
59
0
58
103
89
43
29
-3
-32
6
-28
64
37
-77
81
11
22
-37
21
-21
118
-42
67
-119
98
-58
46
-131
21
-24
19
74
46
-60
59
-26
-8
-1
-19
-47
35
111
-60
-13
-65
-19
2
49
5
-4
-25
-1
68
20
-27
78
-35
39
-110
-12
13
1
-41
-125
133
44
36
2
-28
107
-11
28
83
32
-42
-87
10
-65
-36
-52
-81
63
84
139
62
1
74
99
57
31
-39
-27
24
30
-13
-72
71
24
106
10
76
17
23
4
58
0
-3
-8
54
43
-35
-3
3
1
62
112
36
-71
19
95
102
10
40
-6
141
64
18
80
-4
7
12
-53
0
45
26
66
-57
41
65
50
7
-85
46
104
37
-1
-80
29
-16
68
25
78
-28
65
17
56
17
34
18
47
-5
-11
35
38
-49
74
-3
90
-16
147
-29
-1
-16
42
20
-63
62
-133
25
27
18
37
47
-18
121
9
-70
-62
-140
10
120
-3
-100
7
62
13
0
17
-10
7
32
-1
-23
-32
26
-93
37
57
-51
85
-22
-21
-21
12
56
-88
-19
-40
43
-25
31
19
79
128
80
17
106
27
32
26
79
-2
2
-33
66
91
56
167
-87
152
-23
114
68
109
-7
0
72
-10
-56
58
-36
11
0
13
61
-43
3
17
1
-34
81
-9
-12
20
-13
53
27
36
-66
-41
50
18
-61
27
-6
22
58
24
-10
-47
-89
76
-44
2
68
12
14
59
41
84
52
35
18
-56
-45
21
37
-166
15
-22
36
6
16
-69
-16
-41
-19
24
9
0
-11
-15
-39
-21
-65
35
23
116
-74
84
4
17
-6
16
20
91
29
53
16
32
28
-73
9
13
103
17
70
-172
-56
37
78
21
-51
-20
13
69
11
-80
-13
47
36
58
17
52
0
4
4
89
-21
13
60
9
5
45
82
-43
-136
-41
-1
-31
-58
-32
26
31
-18
43
-1
70
-93
12
-61
70
-1
-20
27
-51
-9
20
-11
30
93
37
43
-59
57
-133
15
52
0
60
-19
17
-2
-56
-32
5
-19
45
-24
82
-166
8
82
62
84
-20
-9
102
33
-15
155
-135
39
1
24
84
57
36
-37
-26
90
71
-59
4
-10
-27
7
35
6
21
-8
-18
16
-5
-43
10
15
-68
66
44
-52
64
-32
161
-4
51
15
12
113
79
21
-35
68
-79
42
120
20
9
59
-5
-62
9
32
-14
12
76
97
-44
15
69
1
-30
-20
28
-23
2
18
-15
-48
37
-17
33
-80
27
38
56
-25
3
12
162
114
13
-25
128
-6
-10
33
-64
24
40
-24
-130
-22
-10
-19
-2
20
-67
19
-94
58
-27
10
-40
31
57
54
49
0
-4
-70
-3
-21
69
32
-14
-4
-71
104
-44
0
-53
84
-1
-70
6
150
-53
68
39
-50
-69
-55
0
38
-12
52
27
-5
-5
-13
-23
143
37
106
93
-17
42
24
-23
-5
-33
100
63
-3
99
15
-13
45
32
-38
-6
41
103
69
-7
22
-41
1
-59
-24
39
2
-41
37
-24
70
24
65
-4
72
78
33
-54
-18
78
60
-62
3
24
164
26
85
-21
10
1
-27
-5
60
-8
-46
20
22
-14
27
13
112
128
26
43
-16
26
3
67
40
122
43
-53
-23
63
-25
32
67
31
3
-63
-45
-43
90
-97
52
56
-93
53
12
21
43
74
42
85
10
23
10
-21
63
-45
-20
2
24
-15
54
-45
37
-60
-5
6
12
30
-17
18
-3
-13
12
-48
-12
6
-2
45
36
8
34
47
-15
50
30
81
57
19
-3
-43
-21
-71
-1
12
8
-63
-20
81
-43
67
-80
5
50
162
-18
13
-165
27
-2
89
-16
26
-21
-10
24
-35
16
-9
-64
-42
105
28
-69
-22
56
-22
77
141
-8
23
42
-8
-98
13
58
54
39
4
39
33
-100
2
-15
-43
45
8
87
75
-37
-9
-1
25
3
43
30
-50
13
-59
-30
3
-8
46
-11
12
26
-7
-19
-53
55
-3
36
7
2
24
-38
22
-68
8
-18
13
10
20
26
-3
-4
-1
54
-60
41
24
-61
22
22
-48
-17
39
-170
23
-4
71
12
-22
13
-3
45
65
41
6
48
-77
128
43
69
-35
-18
-27
52
-9
-29
95
-34
-1
-58
-24
42
91
15
-15
-42
-62
26
60
-35
5
88
8
-3
-30
15
-48
-11
44
0
17
-1
89
-98
-16
115
-12
98
-48
55
-15
52
22
-70
3
-14
54
71
-20
63
-29
-71
-23
134
8
-159
11
-26
-1
44
-15
85
161
9
45
-99
27
-51
5
-28
-110
60
7
35
15
-91
1
9
-30
5
-30
-19
48
-24
-119
86
-12
-44
-37
12
-31
-19
73
18
128
-28
-10
-37
26
5
-1
20
-6
25
-3
-41
68
53
-20
-29
-42
36
35
-13
-62
-36
-38
124
65
128
41
71
28
-12
43
131
89
4
-52
76
-18
-10
-60
-8
-12
-90
-55
-127
40
29
-34
-5
-7
26
-28
20
-26
21
37
28
-1
-9
-15
-1
-18
54
17
-39
-30
15
44
-59
32
52
192
118
-25
-19
-31
-5
45
25
-17
20
-95
41
-9
-72
-13
-24
82
-50
-12
20
123
192
54
-14
42
10
64
60
-84
27
7
32
-25
-56
-63
-76
-154
-15
67
66
39
-24
-72
6
-43
16
21
4
-64
2
43
18
37
-53
61
-1
-14
-20
65
27
15
49
66
26
-93
-33
21
-6
141
45
-3
62
-12
74
-59
-57
-54
-21
37
-47
-70
1
26
-91
94
78
-20
-49
-49
-79
-69
4
35
-34
-6
103
-1
-2
39
-27
-21
23
-47
39
-76
0
24
-29
-82
-62
1
51
113
-19
-13
22
-45
-50
-34
56
1
90
92
-17
113
8
-14
-15
42
30
55
7
-19
-98
45
-7
19
35
14
80
2
14
22
52
78
64
164
-16
-25
-12
53
84
-55
-3
-17
61
65
11
19
-19
-29
-7
66
20
49
-5
57
177
-19
67
21
12
-33
-15
-70
62
-66
-36
3
21
-1
6
11
40
47
-32
-9
36
-25
-10
-5
110
29
-57
-105
111
28
-27
-87
0
23
32
-18
-12
23
-75
-18
-21
-48
17
17
-38
-22
-50
57
37
98
41
91
65
-3
54
100
-61
5
17
-27
-23
73
-2
97
-39
85
167
-3
-13
-9
16
0
-13
7
10
-50
99
100
-28
1
-30
19
-59
76
104
-176
-54
125
-115
20
1
103
143
-31
48
26
-20
60
-54
-20
-151
14
27
7
-17
-18
-3
26
4
-18
18
27
43
78
-1
34
185
8
22
-10
-16
-9
8
-10
-6
-18
63
-3
44
51
42
-32
-20
7
21
-29
-5
43
-49
80
41
54
69
-48
-42
56
-29
50
65
-29
-29
94
54
0
11
4
0
-2
88
61
-21
52
66
55
-35
44
-34
27
5
26
37
-5
161
23
6
-5
-79
-49
-99
14
26
-7
14
45
162
8
5
17
7
1
36
-5
14
-93
57
-52
13
129
19
-6
-29
68
-16
3
-84
130
5
-10
87
-38
-18
1
-67
90
-33
4
12
38
-41
-2
-15
91
17
-1
-48
20
-15
18
61
49
80
-25
35
3
35
10
-33
-25
-64
11
66
-125
-10
-43
-34
46
-20
0
-13
-58
35
-31
-19
44
11
27
61
25
-20
-12
-9
-8
52
44
-20
-29
-12
77
-39
52
4
42
61
52
-32
-90
82
-12
123
-34
89
67
-17
20
-15
33
24
-19
28
28
8
33
85
-87
52
-13
-13
72
0
95
-140
-33
0
120
55
81
-12
25
18
7
1
72
8
123
9
181
41
-1
-30
114
-44
97
35
102
-120
-45
-16
-47
-21
18
3
-10
47
8
2
22
-53
-4
-32
-12
-24
-23
54
-91
-39
54
50
67
20
63
58
-76
-48
-35
25
93
-59
41
-48
41
63
20
63
-16
117
17
78
52
21
-98
29
12
-11
6
-28
53
-31
175
26
-51
-72
70
102
7
13
38
-11
-88
-29
43
73
-28
94
-52
53
50
-3
-16
52
56
95
-49
-32
14
-28
-81
20
-51
-35
-13
40
-8
23
-26
21
6
56
91
-44
42
-20
-6
-1
18
-18
-29
29
-16
-8
16
141
58
25
-31
78
18
86
103
72
-75
101
26
63
9
-24
150
67
-48
17
71
-23
92
-13
45
-6
25
-32
157
22
6
-31
-47
-35
-23
-81
-64
-34
23
163
14
57
49
-7
-55
38
9
52
10
11
-14
21
-5
21
7
-8
125
28
112
0
-97
65
-19
89
14
41
100
-5
15
43
7
-35
91
1
101
-40
-63
-4
12
-47
-51
106
47
12
-100
-16
-47
9
14
-24
45
17
-31
12
-148
58
-102
-53
74
10
-38
-53
30
50
-120
0
59
23
-25
-15
6
106
4
-17
-30
-44
75
54
-66
-11
44
37
48
158
37
79
84
-1
16
-26
27
16
26
49
0
55
21
-35
26
-47
-4
-32
-5
-35
76
69
-15
16
-69
6
75
97
14
134
-4
91
85
-40
59
-29
45
-49
111
99
-69
37
7
-41
-80
-97
23
-53
-17
-8
-14
-7
-7
36
-27
-28
-37
-19
3
64
37
12
27
-60
44
-29
46
103
109
73
-17
-24
-25
89
27
27
-25
-11
30
-49
46
51
71
17
62
10
-96
27
11
-42
0
-67
-18
69
61
21
-6
54
-73
18
-47
-14
9
-93
34
116
-27
-14
-20
98
-17
67
-60
17
-79
66
-125
-68
71
80
-11
-40
33
63
-48
-53
81
-76
-67
43
-151
51
86
5
-24
42
-37
-14
82
2
53
185
27
23
33
83
-136
123
-53
16
62
-84
7
106
-27
19
39
32
-80
-51
27
-28
53
-24
-23
18
7
-4
-4
-19
21
43
-13
-65
7
62
-131
-67
54
2
-61
60
33
-14
-19
-26
-19
-98
6
-38
72
17
12
32
17
-11
-42
43
10
-107
35
34
27
-140
-158
10
15
4
-24
21
139
-8
-33
33
1
6
-90
46
24
79
-44
50
9
11
14
97
-28
35
50
-1
66
52
3
-22
-39
53
-26
4
83
99
-41
27
87
9
17
-48
28
-25
-56
-1
65
-23
-66
-72
80
-26
39
57
49
-13
8
-3
35
-38
-103
-45
-2
-34
-28
-89
23
2
9
48
32
1
-36
37
-10
-48
24
62
35
63
-45
-112
6
-55
117
-5
3
1
49
5
-7
-14
19
-22
89
-47
117
32
8
22
90
-12
84
