-66
-42
-129
-79
-110
-79
-79
-132
-4
-87
-80
-37
-24
-18
-49
-55
-21
-44
-79
-50
-57
-68
-22
-29
-79
-65
-67
-15
-10
-49
-91
-47
4
-89
-57
-38
-36
-15
-5
-56
-46
-54
-66
-47
-59
-67
-60
-88
-93
-78
-29
-26
-26
-49
-27
-59
-87
-42
-92
-69
-81
-40
-59
-60
-72
-36
-99
-98
-53
-73
-29
-37
-83
-18
-102
-36
-25
-37
-56
-37
-71
15
-67
-18
-98
-46
-116
-53
-34
-19
-75
-35
-14
18
7
-69
-36
-32
-41
-41
-123
-95
-78
-36
-84
-22
-132
-52
-64
-43
-74
-81
-22
-7
-30
-67
-22
-41
-62
-47
-106
-33
4
-4
-69
-83
-29
-49
-89
-96
-75
-57
-12
-85
-37
-56
-10
-51
-77
-56
-100
-56
-8
-100
-78
-71
-10
-86
-78
-22
-75
17
-67
-79
-37
-61
-14
-94
-52
-92
-30
-42
-104
-73
-79
-55
-109
-67
-70
-20
-84
-29
-8
-76
-18
-63
-26
-43
-173
-34
-64
-66
-88
-79
-48
-49
-56
-36
-59
-59
-54
-68
-61
-56
-7
-56
-67
-32
-91
-63
-19
-75
-70
-78
-83
-47
-96
-51
-24
-93
-57
-101
-15
-18
-57
-36
-123
-36
-16
-97
8
-13
-55
-80
-107
-97
-47
-42
-68
-24
-18
4
-50
-65
-55
-76
-21
-95
-92
-26
-84
-59
-42
-45
-20
-45
-61
-40
-23
-60
-49
-91
-27
-55
-94
-59
-53
-82
-54
-68
-61
-36
-60
-70
-91
-46
-92
-14
-26
-67
-67
-74
-68
-36
-45
-56
-46
-9
-19
-66
-22
-78
-79
-4
-83
-88
-45
-53
-36
-85
-46
-49
-70
-21
-42
-69
-35
-21
-56
-35
-69
-33
-60
-9
-46
-85
-24
-34
-18
-55
-12
-55
-27
-26
-51
-57
-35
-41
-80
-28
-64
-31
-72
-43
-1
-32
-49
-75
-68
-27
-93
11
-85
-100
-67
-94
-39
-78
-21
-89
-30
-57
-63
-54
-3
8
-10
-72
-25
-45
-53
-69
-59
-38
-58
-65
-64
-14
-104
-29
-29
-83
-40
-30
-73
-61
-45
-14
-68
-49
-3
9
-97
-8
-67
-44
-58
-81
-109
-12
-19
-76
-91
-25
-72
-28
-10
-39
-45
-59
-37
-16
-15
-73
-52
-45
-16
-77
-32
-57
-58
-91
-36
-55
-53
6
-31
-29
-64
-84
-86
-65
24
-42
-73
-102
-16
-64
-26
-42
-65
-24
-30
-29
-71
-80
-43
-22
-67
-66
-39
-33
-34
-37
-82
-31
-69
-50
-13
-62
-55
-25
-36
-7
-7
-106
-85
-39
-69
-26
-9
-57
-39
6
-49
2
-30
-19
-67
-61
-23
-9
-110
-27
-109
-72
-61
-34
-91
-56
15
-56
-42
-41
-90
-38
-60
-39
-61
-57
-108
-52
-23
-130
-107
-62
-72
-50
-61
-59
-35
-38
-70
-76
-29
-76
-34
-40
-29
-70
-25
-71
-21
-31
-64
-24
-32
-30
-51
-77
-12
-37
-72
-43
-12
-116
-46
-62
-75
-23
-13
-34
-95
19
32
-68
-26
-16
-71
-45
2
-37
-36
-35
-105
-76
-74
-75
-22
-62
-46
-40
-102
-71
-62
-38
-104
-10
32
-22
-47
-23
-17
-54
-33
-44
-40
-41
-122
-43
-20
-84
-60
-77
-96
-58
-36
-40
-51
-80
-51
-45
-92
-17
-81
-49
-29
-61
-41
-53
-53
-25
-23
-93
-78
-17
-85
-94
-62
-79
-5
-78
-5
-35
-64
-58
-134
-70
-62
-85
-5
-50
-51
-74
-80
-107
-3
-34
-53
3
-99
-90
-32
-36
-27
-78
-38
-10
-104
-44
-98
-68
-5
-64
-41
-110
-53
-59
-59
-67
-29
-6
-39
-62
-121
-53
-46
-54
-77
-18
-18
-22
-44
-100
-61
-55
-34
16
-143
-21
-9
-110
-27
-39
-102
-71
-85
-23
-42
-77
-97
-41
-40
-51
3
-56
29
-84
-76
-75
-19
-71
-89
-50
-112
-58
-64
-45
-57
-16
-86
-69
-28
-72
-38
-40
-24
-54
-12
-8
-41
-38
-31
-89
-58
-48
-44
-95
-87
-87
-43
-32
-2
-75
7
-32
-76
-82
-81
-13
-59
-37
-1
-27
-34
-11
-31
-31
-60
-23
-102
-32
-52
-26
-64
-15
-89
-35
-27
-117
-53
-78
-47
-36
-41
-36
-87
-88
-90
-47
-62
-31
-5
0
-37
-24
-42
-49
-95
-60
-56
-70
-38
-67
-25
-61
-29
-19
-51
-42
-81
-36
-62
-84
-80
-66
-24
-98
-59
-66
-45
-62
-21
-17
-22
-88
-68
-29
-42
-61
-40
-77
-40
-43
-115
-12
-93
-27
-83
-42
-27
-5
-85
-5
-52
-72
-20
-101
-28
-77
-33
-40
-131
-29
-41
-59
-54
-91
-57
-66
-11
-18
-22
-33
-71
-69
-42
-51
-40
-83
-30
-63
-34
-53
-34
-22
-60
-95
-60
-80
-36
-5
-87
-49
-105
-27
-54
-57
-66
-25
-9
-22
-110
-95
-57
-45
-35
-42
-18
-74
-1
-83
-41
-71
-22
-11
-79
-75
-82
-68
-45
-71
-31
-54
-24
-7
-30
-36
-26
-99
-57
-54
-11
-121
-101
-44
-73
-36
-75
-40
-49
-92
-49
-54
-56
-30
-51
-25
-80
-76
-31
-60
-29
-45
-43
-8
-63
-26
-4
15
-113
-81
-17
4
-63
-82
-9
-53
-120
-81
-79
-41
-60
-39
-54
-13
-34
-6
-11
-93
-47
-30
-92
-58
-71
-53
-125
-56
-51
-32
-85
-74
-26
-63
-34
0
-53
-22
-69
-56
-31
-42
-49
-25
-7
-53
-59
-17
-51
-59
-66
-28
-38
-50
-31
-40
-45
17
-69
-60
-27
-34
-56
-44
-66
-39
-7
-99
-10
-54
-38
-15
-53
-28
-87
-88
-91
-37
-84
-78
-53
-27
-84
-39
-96
-56
-8
-59
-73
-46
-35
-57
-77
-62
-15
-7
-53
-28
-84
-21
-33
-95
-70
-83
-16
-66
-59
-62
-51
-47
-35
-40
-18
-10
-50
-102
-79
-30
-13
-45
-8
-57
-34
-5
-79
-24
-81
-72
-40
-17
-30
-51
-52
-9
-109
-51
-96
-107
-28
-17
-66
-3
-62
-70
-93
-30
-50
-16
-39
-59
-92
-115
-79
-63
-11
-34
-51
-65
-3
-16
-25
-10
-45
-67
-112
-59
-46
-42
0
-68
-47
-71
0
-32
-36
-32
-22
-52
-115
-59
-84
-68
-67
-60
-49
-87
-25
-71
-27
-113
-75
-56
-51
-63
-21
-42
-51
2
-57
-48
-19
-68
-57
-63
-116
-105
-35
-22
-23
-8
-85
-56
-32
-102
-101
-47
9
-61
-53
-35
-77
-37
-23
-51
-24
-78
-42
-30
-84
-7
-20
-25
-99
-56
-37
-5
-69
-128
-88
-103
-81
-31
-52
-25
-64
-10
-37
-63
-1
-36
-26
-61
-48
-27
-72
-73
-44
-33
-72
-64
-77
-85
-82
-37
-77
-60
-43
-63
-52
-49
-37
-31
1
-37
-46
-83
-87
-48
-52
-37
-94
-27
-51
-1
-24
-94
-1
-56
-57
-48
15
-78
-53
-43
-33
-98
-41
-75
-69
-72
-88
-64
4
-22
-113
-36
-82
-59
-39
-64
-60
-82
-84
-35
3
-35
-52
-46
-29
-72
-89
-112
-34
-31
-45
-80
-43
-7
4
-30
-54
-26
-54
-36
-99
-54
-38
-77
-74
-54
-100
-100
-99
-110
-60
-116
-12
-63
-50
-66
-80
-70
-59
2
-41
-25
-41
-61
-71
-42
-76
-45
-18
-85
-53
-65
-21
-33
-116
-60
-54
-20
-136
-10
-61
-64
-60
-56
-59
-61
-65
-24
-89
-38
-9
-54
-27
-96
-66
-15
-25
-98
-49
-33
-19
-6
-27
-1
-9
-23
-68
-70
-54
-46
-87
-44
-39
-42
-43
-86
-59
-47
-49
-80
-51
-69
-13
-63
35
-63
-116
-62
-11
-26
3
-46
-15
-36
-47
-104
-78
-37
-48
-51
-55
-29
-53
-60
-69
-34
-37
-68
-63
-68
-64
-28
-54
-102
-84
-29
-8
-74
5
-15
-7
-39
-57
-56
-38
-5
-116
-34
-18
-68
-38
-60
-24
-1
-25
-82
-69
-94
-63
-51
-113
-39
-75
-31
-116
-87
-59
-109
-31
-13
-93
-84
-76
-32
-11
-37
-11
-31
-1
-18
-43
-20
-48
-96
-15
-16
-75
-57
-92
-54
-101
-55
-29
-38
-59
-42
-89
-77
-76
-85
-67
-44
-50
-110
-65
-25
-19
-56
-26
-46
-44
-54
-95
-72
-27
-30
-66
-85
-46
-23
-64
-29
-71
-36
-61
-51
-43
-42
14
-95
-27
-56
-47
-100
-39
-82
7
-24
-70
-46
-75
-81
-50
-71
-100
-55
-22
-74
-59
11
-105
-54
-87
-30
-4
-80
-45
-70
-42
-5
-47
-87
-48
-20
-71
-40
-78
-15
4
-69
-93
15
-7
-82
-61
-66
19
-60
-93
-88
-62
-18
-38
-86
-39
-93
-13
-21
-26
-50
-25
-80
-84
-41
-8
-80
-96
11
-56
-134
-53
-60
-25
-44
-62
-109
32
-29
-84
-12
-51
-47
-19
-68
-57
-36
-54
-60
-47
-75
-65
-38
-68
-18
-46
-83
-52
-59
-48
-34
11
-54
-91
-48
-85
-51
-17
-49
-49
-69
-71
-36
-42
-26
-62
-42
-22
-13
-78
9
-50
-60
-10
-17
-104
-60
-33
-76
-68
-38
-21
-56
-60
-46
-63
-52
-50
-58
-88
-75
-57
-21
-107
-61
-37
-38
-60
-71
-72
-48
-95
-104
-49
-22
-74
-96
-36
3
-41
-77
-55
31
-57
-63
-7
-72
-13
-38
-82
-65
-70
-69
-56
-21
-93
-44
-57
-15
-10
-73
-39
-84
8
-53
-57
-81
-63
-32
-66
-24
-85
-57
-46
-94
-62
3
-56
-53
-73
-64
-65
-18
-101
-70
-58
-98
-35
-39
-40
-54
-77
-101
-16
-36
-31
-21
-2
-38
-39
-116
-25
-23
-63
-74
-5
-61
-24
-62
-22
-58
-64
-38
-75
-54
-25
-4
-50
-45
-36
-27
-42
-57
-108
-69
-20
-91
-44
-68
-68
-43
-63
-88
-48
-70
-17
-154
-79
-40
-35
-58
-25
-72
-25
-118
-58
-20
-12
6
-75
-40
-24
-48
-127
-50
-51
-26
-20
-53
-36
-73
-35
-30
-23
-12
-4
-89
-58
-69
-64
-71
-34
-34
-32
-24
-18
-64
11
-43
-100
-76
-11
-16
-51
-53
-57
-25
-68
-78
-7
-69
-61
-40
-53
10
-96
-20
-17
-29
-8
-57
-34
-35
-5
-12
-84
-32
-11
-76
-76
-100
-72
-39
-97
-43
-62
-56
-41
-23
-108
-2
-18
-30
-41
-51
-60
-29
-14
-14
-6
-31
-68
-83
-22
-26
-34
-96
-48
-52
-7
-30
-122
-78
-63
-14
-90
-14
-33
-58
14
-55
-5
-129
-37
-72
-65
-93
-13
-77
-96
-99
-14
-26
-66
-41
-53
-51
-92
-41
-48
-48
-21
-18
-77
-34
-57
-39
-76
-70
-37
-46
-111
-28
-65
-47
-80
-19
-58
-22
-69
-74
-32
-14
-40
-37
-42
-63
-71
-92
-116
-24
-17
-89
7
-60
-59
-81
-89
-92
-28
-12
-82
-93
-80
-62
-72
-37
-81
-54
-2
3
-95
-53
-38
-55
-76
-17
-60
-70
-83
-121
6
-25
-49
-52
-11
-41
-70
-14
2
-30
-28
-33
-8
-89
-55
10
-72
-84
-72
-42
-36
-55
-53
-66
-48
-24
-72
-37
-29
-76
-60
-51
-58
-15
-29
-53
-83
-33
-89
-111
-37
-29
-107
-15
-54
-82
-13
-34
-49
-7
-52
8
-124
-35
-82
-103
-52
-98
13
-26
-58
-35
-56
-7
-43
-18
-54
-56
-27
-81
-108
-89
-22
-5
-85
-43
-33
-49
-73
-76
-1
-55
-53
-29
-34
-96
-38
-87
-76
-32
-23
-21
-98
-84
-60
-3
-79
-39
-30
-103
-44
-9
-1
-35
-53
-94
-58
-33
-86
-59
-70
-12
-13
-43
-28
-37
-34
8
-72
-31
-110
-96
-90
-55
-63
-92
-78
-53
-64
-63
-48
-80
-80
-59
-51
-112
-74
-9
-52
-73
-76
-18
-57
-61
-52
-61
-27
-25
-35
6
-105
-67
-79
-17
-76
-65
-52
-5
-37
-42
0
-75
-104
-75
-28
-39
-59
-51
-58
-92
-24
-52
-59
-32
-45
-91
-63
-36
-19
-99
-75
-36
-32
-53
-56
-40
-57
-49
-52
-87
-5
-40
-28
-19
-52
-49
-50
-34
-83
-59
-27
-50
-60
-36
-68
-57
1
-35
-12
-70
-10
-32
-64
-91
-23
-42
-59
-68
-59
-50
-36
-101
-53
-7
-17
-111
-10
-52
-5
-35
-92
-59
-49
-51
-45
-62
-131
-77
-45
-17
-18
-27
-79
-27
-87
7
-60
-29
-73
-3
-59
-96
-27
0
-43
-46
-45
-42
-23
-49
-68
-10
-64
-95
-60
-32
-61
-130
-61
-9
-41
-31
-73
-16
-66
-84
-118
-42
-59
-61
-66
-12
-54
-53
-6
-104
-9
-44
-31
-11
-50
-9
-80
-69
-67
-26
-14
-16
-45
-48
-37
-61
-68
-70
-24
-38
-56
-30
-11
-76
-26
-2
-52
-53
-77
-36
-38
-40
32
-78
-83
-32
-83
-69
-8
-54
-57
-57
-109
-30
12
-126
-34
-32
-41
33
-72
-48
-73
-97
-21
-46
-85
-43
8
-77
-108
-57
-50
-37
-36
-42
1
-70
-40
-98
-98
-2
-64
-34
-69
-70
-50
-49
-56
-9
-81
-58
-38
-48
-52
-73
-11
-45
-36
-63
-24
-18
-39
-69
-41
-13
-31
-29
-60
-51
-73
-30
-61
-11
-36
-5
-52
-29
-5
-56
-36
-2
-6
-60
-48
-37
-42
-68
-47
-60
-88
-71
-44
-62
-11
-34
-32
-37
-20
-72
-99
-47
-24
1
-19
-129
-54
-89
-35
-7
-9
-56
-52
-102
-83
-22
-66
-25
-65
-55
-76
7
-39
-12
-57
-47
-54
-73
-22
-45
-25
-69
-46
-139
-39
-76
-28
-37
-40
-40
-50
-69
-26
-66
-74
-28
-45
-70
-22
-59
-43
-126
-93
-62
-9
-35
-72
-34
-40
-65
-43
-65
-18
-44
-42
-63
-66
14
-61
-19
-89
-35
-51
-85
-103
-42
-37
-1
-82
-63
-31
-67
-23
-65
-104
-58
-28
-32
-21
-35
-44
-75
-43
-72
-60
-114
-12
-35
-38
-74
-33
-20
-38
-5
-12
-62
-62
-59
-48
-45
-58
-41
-86
-65
-36
-19
-50
-84
-31
-64
-61
-69
-58
-53
-79
6
-74
-59
-73
-46
-64
-43
-38
-68
-68
-44
-101
8
3
-61
-24
-98
-56
-99
-76
-98
-43
-21
-75
-27
-83
-53
-53
-42
-58
-36
-46
-44
-68
-39
-63
-42
-46
-65
-111
-98
-48
-42
-41
-111
-114
-3
-36
-115
-69
-25
-52
-3
-85
-94
-52
-43
-41
-60
-49
-38
-50
-89
-46
-28
-22
-44
-33
-21
-4
-49
-75
-65
-78
-43
-68
-102
-11
-56
4
-94
-92
-93
-35
-31
-52
-80
-37
-34
-26
-172
-58
-63
-76
-79
-59
-110
-74
20
-33
-11
-34
-92
-45
-13
1
-14
-73
-38
-70
-85
-10
-69
-30
-3
-50
-99
-85
-37
-78
-32
-67
-65
-47
-90
-45
-86
-31
-39
-62
-31
-40
-56
-99
-44
-26
-37
-28
-27
-41
-56
-46
-85
-11
-31
9
-53
-31
-14
-83
-62
-55
-68
-1
-82
-2
-74
15
-95
-88
-46
-10
-45
-90
-109
-61
7
-98
-100
-74
-61
11
-96
-55
-70
-93
0
-76
-89
-59
-89
-31
-32
-66
-78
-61
-47
-48
11
-54
-2
-17
-80
-22
-59
-43
-50
-47
-77
-77
-83
-25
-85
-19
-30
-32
-52
-54
-40
-81
-85
-91
-65
25
-35
-37
-72
-152
-41
-74
-13
-41
-63
-1
-92
-74
11
-93
-68
-66
-99
-104
-9
-31
-52
-65
-13
-56
-53
-60
-75
-43
-112
-81
-55
-67
-97
-50
-20
-72
-58
-61
-34
-43
-92
-78
-12
-107
-45
-39
-67
5
-52
-77
-37
-21
-42
-55
-36
-23
-56
-66
-98
-75
-1
-66
-1
-60
-42
-69
-74
-29
-8
-88
-19
-79
-39
-70
-67
-67
-39
-36
-5
-5
-76
-125
-55
-1
-124
-59
-45
-40
-76
-19
-18
-30
-30
-71
-54
-39
-34
-16
-14
-48
-46
-17
-85
-8
-12
3
-49
-85
-39
-41
-34
-80
-47
-21
-56
-68
-31
-66
-111
-79
-48
-34
-75
-44
-51
-43
-29
-74
-34
-67
-72
-19
-26
-54
-46
-52
-7
-25
-8
-76
-37
-55
-40
-1
-37
-32
-70
-66
-58
-1
-30
-80
-41
-56
-68
-81
-37
-56
-65
-74
-16
-64
-59
-97
-85
-12
-74
-35
-77
-62
-35
-25
-75
-50
-30
-7
-88
-18
-53
-37
-71
-33
-46
-79
-72
-66
-66
-10
-60
-36
-45
-44
-54
-59
-74
-24
-26
-19
-119
-56
-19
-47
-75
-22
-28
-58
-56
-74
-96
-33
-37
-17
-80
-43
-33
-94
-59
-40
-29
-34
-49
-25
-34
-46
-51
-30
-106
-68
-60
-26
-48
-43
-81
-44
-32
-5
-49
-39
-41
-24
-78
-10
-87
-75
-37
-64
-45
-56
-69
-68
-66
-13
-53
-74
-53
-19
-49
-83
-62
-39
-61
-23
-33
-25
-39
-62
-15
-110
-47
-73
-99
-22
-6
-129
-49
-68
-44
-83
-2
-90
-7
-87
-10
-76
-27
-6
-21
-68
-49
-63
-49
-39
-56
-11
-43
-46
-47
-73
-104
-51
-42
-76
-45
-36
-105
15
-31
-120
-26
-25
-50
-54
-13
-2
-34
-61
-55
-41
0
-54
-60
-108
-117
21
-59
-87
-132
-35
-85
-33
-34
-94
-28
-64
-46
-125
-50
-12
-53
-69
-58
-48
-6
-26
-4
-56
5
-104
-57
-75
-42
-74
-21
-86
-15
-37
-75
-47
-29
-3
-62
-62
-34
-10
-21
-77
-47
-83
-37
-73
-29
-87
-100
-3
-7
-28
-36
-48
-22
-47
-69
-59
-69
-53
-94
9
-13
-15
-31
-64
-47
-75
2
-90
-57
-78
-51
-52
-75
-101
-43
-16
-20
-66
-13
-43
-57
-70
-18
-114
-50
-76
-35
-49
-41
-24
-59
-32
-32
-34
-18
-71
-112
-122
-39
-116
-65
-79
-37
-60
-36
-102
-63
-92
-21
-30
-118
-26
-114
-73
-59
-45
-62
-59
-49
-58
-106
-62
-86
-71
-26
-108
-64
-82
-90
-99
-21
-94
-58
-104
-91
-40
-36
-65
-27
35
-77
-85
-66
-69
-42
-34
-117
-17
4
-72
-53
-73
-44
-30
-97
-56
-41
-51
-59
-61
-26
-67
-16
-104
-29
-68
-79
-39
-67
-81
-30
-30
-84
-116
-92
-6
-38
-13
-22
-47
-32
-57
-20
-62
-38
-64
-37
-67
-51
-117
1
-56
-27
-36
-35
-45
-25
-93
-53
-31
-51
-15
-64
-71
-22
-61
-37
-32
-63
-35
-60
-62
-85
-56
-8
-27
-50
-31
-39
-35
-61
-16
-99
-39
-2
-60
-24
-20
-69
-44
-25
-44
-51
-80
-29
-36
-36
23
-57
-58
-47
-10
-73
-100
-43
-58
36
-107
-37
-34
-41
-136
-87
20
-40
-45
-88
-36
-10
-101
-5
-29
-40
-61
-116
11
-68
-55
-80
-89
-39
-56
-69
-96
-20
-87
-86
-46
-65
-12
-84
-85
-32
-45
-66
-50
-84
-49
-71
-66
2
-2
-63
-64
-7
-72
-79
-114
-58
-94
-53
1
-67
-47
-55
-25
-41
-49
-52
-49
-7
-75
-39
-37
-24
-94
-72
-63
-118
-32
-5
-38
-58
34
-102
-72
-29
-36
-53
-29
-19
-62
-21
-63
-75
5
-25
-31
-38
-29
-16
-21
-47
-62
-64
-12
-23
-63
-50
-61
-48
-21
8
-36
-9
-35
-43
-16
-40
-38
-95
-61
-63
2
-106
-49
-36
3
-76
-32
-64
-40
-44
-46
-8
-117
-46
-21
-15
-56
-68
-43
-11
-19
-34
-90
-50
-16
-20
-50
-27
-51
-10
-35
-52
-12
28
-32
-72
-59
-51
-43
-59
-37
-54
-22
-51
-34
-77
-57
-25
-20
-68
-48
17
-53
-58
0
16
-38
-48
-42
-87
-60
-16
-109
-55
11
-97
-55
-20
-12
-99
-22
3
-98
24
-37
-52
-60
-39
-48
-19
-5
-14
-31
-66
-99
-81
-46
-50
-29
-42
-84
-41
-53
-45
-99
-45
-94
-13
-94
-68
-64
-26
3
-5
-46
-33
-86
-47
-105
-27
-21
-81
-62
-75
-99
-63
13
-91
-50
-13
-98
6
-44
15
-101
-73
-32
-80
-40
-40
-34
-4
-45
-45
-47
-37
-58
-95
-12
1
-82
-38
-58
-39
-57
-83
-64
-54
-66
-98
-46
-16
-56
-85
-67
-56
-37
-32
-31
-34
-44
-26
-108
-80
-29
-120
-59
-55
-76
-53
-87
-32
-75
-39
-86
-7
-23
-77
-25
-65
-104
-52
-18
-32
-39
-72
-75
-82
-64
-61
-81
-44
-56
-96
-120
-38
-55
-78
-29
-52
-23
8
-75
-20
-48
-48
-48
-101
-33
-44
-15
-9
-63
-81
-24
-2
-24
-30
-51
-11
-61
-44
-78
-65
-84
-17
-84
2
-85
-88
-41
-61
-80
-68
-85
-21
-78
-63
-32
-36
-89
-13
-41
-83
-57
-96
-46
-41
-101
-78
-62
-54
-93
-39
-28
-19
-13
-62
6
-79
-110
-50
-13
-39
-70
-83
-24
-64
-53
-70
-73
-35
-61
-53
-63
-10
-45
-44
-42
-32
-1
-58
-97
-53
-89
-44
-13
-72
-105
-42
-53
-30
-1
-98
-96
-17
-55
29
-55
-74
-101
-66
-70
-104
-110
-69
-51
-10
-102
-51
-33
-62
-102
-117
-63
-18
-58
-40
-53
-25
-80
-69
-7
-69
-39
-62
-75
-58
-52
-33
-40
-85
-55
-94
-22
-52
-9
-69
-74
-60
-52
-28
-38
-3
-39
-109
-113
-8
-114
-113
-52
-96
-86
-12
-115
-106
-76
-57
-68
-96
-72
-79
-67
-98
-89
4
-41
-69
-32
-49
-100
-21
-68
-85
-44
-51
-79
-81
-84
-60
-62
-44
-53
-47
-48
-77
-78
-71
-25
-39
-27
-12
-64
-53
-13
-62
-91
-25
-29
-45
-19
-82
-70
-46
-62
-94
-136
-70
-32
-53
-55
-115
-44
-77
-21
-6
-44
-46
-36
-42
-72
-32
-40
8
-4
-23
7
-102
-45
-20
20
-7
-115
-113
-49
-44
-47
-67
-44
-64
-34
-35
-36
-38
-11
-79
-74
-85
10
-40
-80
-93
-83
-46
-71
-46
-52
-77
-11
-66
-78
-33
-38
-57
-70
-96
-94
-71
-116
-39
-69
-5
-66
-45
-63
-31
-59
-70
-100
-9
-33
-38
-10
-50
-57
14
-8
-74
-78
-59
-59
-49
-36
-31
-71
-30
-33
-27
-94
-88
-59
-83
-15
-14
-39
-27
-59
-1
-86
10
-72
-94
-29
-54
-54
-66
-102
-45
-106
-69
-63
-43
-37
-59
-30
-28
-89
-38
-81
-61
-92
-42
-94
-4
-54
-41
13
-71
-37
-63
-72
-25
-118
-48
6
-42
-24
-94
-44
-59
-60
-52
-52
-35
-68
-74
-21
-37
-109
9
-23
-21
-71
-13
14
-35
-33
-48
-91
-86
-82
-71
-24
-31
-45
-18
-54
-56
-41
-26
-73
-49
-24
-52
-73
-79
-60
-72
-56
-56
-53
-67
-33
-63
-21
-52
-111
-130
-41
-60
-49
-92
-12
-58
-57
-9
-34
-19
-46
-101
-71
-73
-16
-54
-86
-28
-70
-39
-99
-53
-43
-23
-65
-45
-24
-71
-29
-45
-91
-98
-53
-52
-74
8
-89
-121
-77
-45
-12
-48
-52
-48
-60
-49
-86
-13
-27
-52
-58
-29
-66
-24
-3
-34
-24
-41
-47
-87
-69
-62
-32
-3
-63
-85
-21
-33
-42
-45
-23
-41
-20
-40
-76
-30
-40
-80
-14
-13
-62
-79
-91
-89
-36
-99
-39
-40
-104
-28
-20
-36
-18
-46
-69
-14
-23
-42
-83
-66
-91
-1
-87
-26
-65
-57
-58
7
-58
-84
-63
-82
-64
-6
-2
-72
-37
-49
-54
-11
-29
-48
-69
-51
-67
-17
-122
-25
-72
-12
-66
-90
-27
-7
-50
-59
-34
-55
-61
-32
-18
-56
-55
-61
-41
-25
7
-45
-62
-32
-44
-53
-5
-15
-56
-95
-52
-21
-74
-9
-3
-69
-16
-107
-13
-42
-33
-25
-29
-12
-86
-51
-40
-69
-73
-10
-5
-79
-13
-36
-26
-42
-40
-35
-12
-49
-47
-91
-36
27
-15
-35
-75
-62
-82
-78
-26
-67
-43
-55
-91
-78
-34
-38
-35
-16
-61
-31
-2
-43
-59
-28
-59
-8
-50
-64
-52
-23
-18
-48
-68
-44
-62
-61
-71
-105
-26
-57
-56
-1
-31
-38
-42
-30
-22
-3
-70
-50
-79
-41
-34
-14
-53
-44
-16
-71
-80
-49
-41
-94
-35
-42
-94
-69
-86
-38
-36
-85
-19
-31
-39
-44
-55
-73
-71
-99
-62
-31
-61
-79
-87
-39
-25
-31
-78
-90
-35
-100
-43
-29
-65
-84
-55
-75
-1
-15
-51
-47
-5
-56
-50
-69
-23
-56
-32
-97
-63
-42
12
-38
-17
-5
-44
-17
-17
-10
-32
-80
-47
-17
-30
-128
-50
-66
-48
-19
-40
-56
-10
-80
-36
-46
-76
-55
-3
-21
-64
-26
-39
1
-54
-1
-48
-121
-11
-57
-58
-82
-30
-42
-68
-35
-54
-55
-63
-41
-56
-68
-72
-78
-69
-50
-54
-43
-37
-58
-54
-46
-29
-48
-86
-38
-69
-18
-18
-112
-51
-51
-55
-80
-74
-39
-22
-44
-76
-42
-110
-51
-89
-12
-41
-13
-25
-101
-24
-83
-95
-73
-11
-57
-63
-71
-50
-49
-44
-98
-49
-21
-52
6
-44
-29
-126
-5
-12
-82
-51
-31
17
-56
6
-72
-45
-108
-61
-27
-65
-94
-44
-92
-27
-20
-3
-55
-15
-38
-45
-87
9
16
-56
-78
-36
-32
-23
-70
-102
-13
-35
-65
-29
-35
-25
-28
-57
-37
-91
-21
-17
-21
-44
-67
-30
-35
-90
-77
-132
-49
-94
-41
-55
-58
-10
-65
-9
-31
-28
-58
-37
-61
-62
-98
-55
-29
-62
-48
-43
-50
-13
-42
-10
-4
-49
-43
-77
0
-31
-96
-30
-66
-73
-172
-126
-25
-33
-73
-50
-23
-85
-29
-10
-41
-50
-103
-62
-30
-25
-62
-67
-5
-21
-23
-28
-93
-19
-89
-48
-33
-7
-115
-97
-39
-92
-68
-34
-89
0
-63
-35
-53
-26
-30
-22
-55
-55
-87
-57
-38
15
-38
-44
-32
-61
-88
-67
-7
-38
-72
-72
-61
-61
-98
4
-67
-22
-56
-37
-51
-28
-16
-40
-7
-61
-19
-23
-50
-73
-72
-182
-134
-40
-17
-37
-49
-72
-29
-51
-50
-155
-33
-71
-55
-45
-82
-41
-16
-76
-78
-34
-24
-38
-25
-56
-87
-33
-64
-31
-28
-1
-47
-111
-19
-38
-43
-87
-86
-1
-60
-11
-9
2
-71
-114
-51
-50
-42
-120
-58
-11
-36
-44
-9
-25
-78
-40
-63
-67
-60
12
-24
-68
-31
-14
-75
-27
-21
-5
-50
-2
-39
-45
-82
-95
-6
-67
-44
-77
-37
-45
-60
-57
-38
-12
-62
-69
-42
-40
-63
-41
-41
1
-55
-68
-47
-3
-33
-30
-40
-104
-29
-58
-26
-61
-41
-2
-9
-65
-9
-85
-12
-25
-34
-75
-66
-14
-15
-54
-24
-56
-55
-93
-57
-64
-59
31
-98
-92
-25
-70
-45
-21
-77
-84
-10
-21
-98
-91
-40
-49
-78
-11
-41
-68
-65
-22
-45
-58
-9
-96
-30
-45
-25
-31
-38
-13
-76
-121
-110
-103
-29
-45
-68
-48
-56
-46
-77
-2
-41
1
-44
-36
-63
-52
-19
-85
-22
-64
-49
-31
-23
-98
-50
-75
-43
-21
-89
-101
-92
10
-21
-36
-54
-41
-19
-27
-70
-72
-18
-19
-16
-103
-67
-20
-42
-67
-75
-59
-53
-43
-91
-21
-128
-60
-42
-44
-70
6
-74
-85
-40
-55
-71
-114
-31
-22
-30
-50
-31
-2
-40
-14
-38
-16
-17
-64
-28
-33
-3
-61
-49
-51
-41
-72
-62
-89
-68
-72
-35
-39
-73
-60
-68
-4
-49
-67
-54
-75
-83
-32
-51
-11
-64
-118
-46
-32
-73
-63
-27
-121
-53
-59
-64
-43
-77
-57
-33
-49
-57
-68
-43
-105
-67
-32
-59
-64
-42
-45
-40
-34
-17
-81
-26
-74
-64
-29
-73
-75
-54
-107
-29
-43
-86
-87
-24
-87
-33
-44
-11
-40
3
-38
-51
-68
-63
-47
-49
-78
-36
-87
-62
-54
-33
-37
-76
-10
-59
-60
-83
-32
2
-53
-26
-48
-75
-69
-49
-27
-51
-93
-22
-27
-110
-59
-66
-61
-51
-53
2
-76
-51
-70
-56
-41
-13
-62
-42
-24
-25
-40
-46
-81
-77
-70
-16
-13
-14
-39
-35
4
-16
-35
-87
-70
-61
-66
-95
-84
-87
-73
-27
-39
-54
-56
-104
16
-54
-5
-57
-3
-73
-30
-38
-46
-51
-32
-90
-75
-62
-40
-7
-89
-54
-61
-72
-87
-27
-47
-22
-57
-62
-28
-87
-32
-44
-67
-51
-4
-72
-43
-82
-2
-109
0
29
-79
-32
-63
-67
-98
-63
-83
-1
-23
-105
-36
-38
-68
-37
-56
-13
-48
-46
-91
-63
-63
-51
-41
-32
-9
-47
-23
-98
-56
-54
-26
-42
-3
-41
-41
-52
-41
-53
-71
-74
-68
-46
-68
-76
-49
-38
-38
-71
-7
-78
-94
-47
-70
-5
-53
-34
-42
14
-63
-28
-49
-71
-1
-32
-110
-44
-68
-57
-76
-83
-68
-39
-69
-11
-49
-61
-1
-1
-21
-26
-57
-67
-95
-72
3
-61
-90
-66
-51
-65
-42
-63
-106
-58
-85
-14
19
-47
-26
-52
-40
2
-43
-52
-10
-48
-19
-48
-38
-40
-61
-58
-109
-92
-86
-47
-20
12
-65
-80
-87
-42
-85
-23
-64
-34
-70
-85
-64
-38
-69
-48
2
-18
-19
-56
-40
-62
-23
-32
-31
2
-39
-50
-23
-73
-16
-31
-82
-25
-10
-48
17
-55
-81
-39
-69
-109
-69
-3
-64
-26
2
-40
-102
-31
-45
-70
-79
-39
-82
-64
-48
-54
-33
-26
-38
-38
-34
-2
-29
-61
-67
-31
-34
-68
-34
-55
-8
-34
-50
-37
-24
-68
-5
-61
-61
-40
9
-63
-36
-77
-83
-45
-90
-62
-4
-108
25
2
-29
-42
-47
-51
-94
-25
-29
-64
-96
-82
-38
-85
-34
-49
-53
-43
-52
-76
-36
-58
18
-87
-69
-28
-25
-11
-56
-5
-13
-45
-57
-90
-79
-24
-81
33
-51
-29
-64
-68
-54
-83
-36
-16
-51
-38
-89
-58
-52
-41
-114
-71
-1
-41
-41
-88
-38
24
-83
3
-58
-22
-20
34
-102
-62
-64
-91
-96
-3
-57
-115
-113
-5
-66
6
-99
-39
-77
-65
-14
-40
-77
-23
-73
-65
-70
-21
1
-37
8
0
-48
-112
-1
-71
-3
-73
-27
-41
-34
-1
-55
-57
-32
-61
-32
-58
-76
-72
-57
-2
-76
-44
-72
-44
-61
-63
-56
-173
-59
-45
-71
-104
-82
-79
-53
-93
-31
-68
-43
-57
-39
-23
-23
-33
-23
20
-5
-56
-33
-33
-129
-65
-68
-6
-34
-24
-72
-80
-3
-63
-27
-101
-70
-54
-11
-22
-71
-48
-1
-49
-48
-70
-85
-52
-71
-15
-73
-73
-48
-66
-65
-30
-78
-59
-36
-52
-32
-68
-51
-135
-2
-4
-1
-43
-40
-94
-51
-13
-90
-58
-19
-98
-41
-100
-53
-86
-28
-68
-36
-63
-32
-38
17
-44
-29
-66
4
-59
-60
-28
0
-66
-38
-40
-27
-25
-8
-87
-33
-54
-46
-32
-27
-12
-67
-62
-96
-43
-12
-76
-33
-122
-4
-85
-89
-28
-45
-42
-95
-75
20
-48
-7
-50
-47
-58
-38
-42
-10
-40
-13
-99
-49
-39
-50
-63
-98
-44
-62
-53
-67
-70
-46
-19
-22
-26
-53
-7
-55
-59
-31
-106
-68
-13
-59
-71
-40
-73
-23
-32
-14
-29
-78
-69
-20
-110
-45
-38
-49
-29
-53
-67
-87
-51
-52
-41
-108
-111
-56
-95
-42
-24
-13
-29
-139
-79
-32
-14
-83
-98
-58
-65
-83
-108
-40
-71
-53
-63
-54
-2
-55
-63
-66
-14
-88
-72
-65
-66
-19
-16
-77
-16
-35
-68
-116
-63
-30
-23
-33
15
-32
-90
-32
-81
-44
-96
-58
-56
-82
-83
-83
-74
-66
-61
-63
-9
-37
-24
-74
-46
-37
12
-61
-20
-77
-49
-52
-31
-54
15
-90
-51
-85
-55
-56
-44
-58
-56
-110
-63
-11
-64
-34
-5
-30
-58
-57
-53
9
-39
-5
-57
-75
-40
-49
-88
-42
-37
-76
-80
-145
-49
-26
-21
-70
-27
-51
-105
-54
-31
-46
-23
-23
-6
-76
-54
6
-33
-45
-44
-52
21
-32
-20
-50
-30
-68
-36
-30
-13
-143
-43
-87
-52
-57
-5
8
-30
-16
-91
-107
-38
-26
-97
-24
-45
-40
-33
-83
-26
-23
-28
-106
-18
-41
-56
-58
-22
-52
-68
-24
-39
23
-63
-50
-70
-36
-52
-95
-22
-20
-85
-102
-29
-102
-18
-32
-67
-9
-71
11
-50
-80
-44
-44
-48
-78
-49
-63
-13
-23
-14
-33
-26
-35
-34
-9
-62
-110
-82
-72
-79
-40
-29
-19
-57
-41
1
-61
-81
-84
-75
21
-75
12
-41
-60
-34
-64
-4
-33
-18
-45
-105
-72
-30
-29
-40
-47
-30
-47
-60
-14
-63
-44
-98
-3
-20
-37
-32
-94
-34
-66
-82
-73
-67
-38
-34
-78
-53
-24
-56
-9
-8
-32
-89
-66
-103
-32
-93
-9
-120
-81
-67
-40
-127
-56
-64
-33
-58
-43
-62
-32
-70
-109
24
-36
-76
-68
-44
-41
-40
-17
-69
-90
-61
-32
-39
-31
-47
-70
1
-61
-53
-47
-37
-49
-52
-57
-49
-71
-44
-24
-41
-51
-49
-38
-56
-85
-70
-31
-81
-66
-44
-16
-78
-104
-35
-117
-39
-58
-33
2
-34
-74
-83
-34
-45
14
-65
-71
-60
-3
-28
-119
-65
-36
-50
-84
-77
-30
-50
-46
-54
-32
-77
-29
-67
-69
-17
-38
-79
-58
-45
-89
-28
-24
-79
-70
-26
-35
-53
-54
-74
-27
-62
-21
-22
-85
-7
-115
-37
-33
-15
-21
-70
-19
-3
-55
-68
-34
0
-60
-47
-29
-9
-79
-71
-51
-37
-22
-45
-29
-73
-92
-89
-101
-38
-49
-67
-79
-53
-30
-56
-73
-73
-52
-30
-73
-30
-1
-75
-79
-55
-36
-53
-53
-60
-42
-122
-77
-76
-66
-49
-53
-62
3
-112
-52
-46
-110
-38
-102
-29
-97
-79
-81
-57
-15
-56
-50
-22
-49
2
-98
-63
-52
-72
-9
-59
-66
-35
-67
-55
-101
-43
-60
-64
-75
-52
-47
-1
-2
-118
-25
-69
-72
-27
-46
-81
-43
-25
-36
-46
-73
-7
-67
-67
-61
3
-24
-18
-29
-84
-80
-37
-39
-64
28
0
-63
-48
-50
-29
-3
-67
-78
-19
-47
-56
-40
3
-27
-24
-114
-30
-57
-29
-95
-80
-69
-56
-39
-45
-83
-70
-28
-13
-46
-103
-64
-70
-107
-27
-5
14
-41
-38
-2
-42
-77
-69
-107
11
-19
-68
-59
-67
-72
-23
-53
-45
-73
-45
-31
-182
-74
-56
-30
-39
-57
-56
3
-39
-32
-72
-55
-48
-2
-32
-54
-27
-66
-79
-68
-55
-38
-67
-25
-15
-51
-77
-52
-49
-118
-72
-75
-70
-69
-31
-48
-71
-71
-19
-112
-38
-13
-57
-53
-60
-23
-90
-76
-66
-56
-56
36
-54
-9
-20
-61
-44
-73
-56
2
-75
-63
-52
-37
11
-52
-40
11
-56
2
-30
-40
-58
-44
-11
-24
-53
-45
-27
-19
-36
-73
-64
-23
-36
-71
-11
-24
-53
19
-39
-38
-37
-80
-36
-30
-56
-97
-28
-19
-82
-71
-80
-52
-37
-34
-61
-74
-70
-55
-49
-31
-81
-57
-73
-51
-55
-20
-84
-37
-49
-51
-79
-42
-89
-52
-77
-7
-46
-2
-87
-69
-56
-44
-8
-34
-85
-10
8
-15
-3
-24
-84
37
-22
-4
-30
-106
-16
-93
-72
-71
-70
-10
-56
-86
-6
-63
-48
-29
-43
-25
-116
-82
-20
-45
-43
-1
-70
-85
-67
-28
-2
-15
-93
-108
-29
-53
-55
-39
-55
-56
-36
-58
-66
-78
-105
-84
-11
-40
-154
-28
-41
-32
-55
-24
-37
-23
-83
-42
-51
-74
-33
-131
-56
-73
-27
-72
-38
-45
