440
-21
-433
-223
317
226
7
-481
235
340
-8
-544
-147
190
-800
53
-644
130
480
-596
-22
-215
-1
5
231
400
49
59
-496
53
-66
110
381
-28
183
432
182
235
-150
-211
-749
-351
413
54
247
-765
532
122
4
-78
490
440
-31
12
-152
161
19
294
73
-382
267
321
69
-456
-197
321
278
120
180
369
344
-163
6
28
175
-181
132
68
-636
84
90
19
70
423
-25
333
219
-609
70
-122
194
-30
-211
489
-199
439
-497
-711
-454
129
359
126
240
-370
-56
-75
-691
-450
-68
342
232
255
285
-581
275
140
437
475
-87
99
288
-81
-176
194
-791
117
120
-60
194
-94
-240
9
-243
132
-162
-31
128
135
64
71
-143
168
466
-83
162
155
424
320
303
98
610
-221
-541
207
-357
48
-367
-685
-568
24
-247
-70
105
-389
-567
-90
-538
288
-186
161
-293
-534
374
201
474
-613
579
-8
-74
-456
-385
166
71
333
-555
232
235
173
374
-401
161
-248
116
-593
-6
-181
-148
44
-561
258
271
300
18
385
-378
163
309
409
-305
228
-247
213
200
448
98
-340
187
242
-81
-541
-527
-311
-450
-391
128
227
-32
68
-94
-772
-787
-795
-226
-589
-835
-239
261
499
-248
-671
241
156
72
-795
-280
-34
-33
91
102
518
-185
502
-687
-422
115
-733
-407
68
254
216
234
162
-212
289
66
-306
166
-584
-65
-195
-390
71
47
602
281
224
-110
-45
123
-687
82
-199
283
611
62
-68
-478
356
-406
295
266
306
347
-173
-766
182
133
-588
-309
-299
147
-487
-561
-96
-355
-628
227
176
-54
191
411
157
103
-161
433
80
162
341
-340
249
309
-453
-748
169
-397
-203
212
128
86
314
-34
107
-721
-614
-216
15
33
21
-583
59
38
-53
228
278
-107
-205
171
-71
-212
65
563
3
-189
-82
64
-766
-234
269
326
-350
-580
-43
75
-15
243
304
531
156
123
76
77
-475
394
299
94
-116
350
126
149
-368
353
-34
172
142
52
-654
237
357
268
28
-286
162
-447
293
-96
-280
-281
-500
219
262
-121
-550
246
-152
-106
-410
-589
-124
-115
-573
-247
162
-243
307
-768
-78
98
-102
-210
-471
-435
292
258
130
367
106
-249
-60
245
150
94
-142
190
56
98
650
142
-597
434
198
-41
98
-775
370
322
-411
201
-754
-206
254
77
-347
-510
-365
-511
-555
-33
387
285
-192
195
70
299
-57
41
99
216
262
-4
172
126
320
364
357
-512
331
286
169
-251
153
222
261
153
27
62
-44
-332
-55
263
263
-470
-583
187
21
61
33
114
-100
-129
209
250
-246
219
-234
117
-286
-427
234
184
314
149
-473
-385
624
386
440
82
-749
-237
-52
-393
-388
-718
87
246
461
234
-197
-628
-121
-523
277
222
-18
79
-151
-157
-56
191
49
87
-357
252
221
49
-13
-55
-604
248
-138
-714
-286
114
-5
-372
113
-51
133
45
-249
557
265
424
-674
1
-14
-48
364
-158
-100
-554
276
64
290
135
-499
342
71
-600
-625
74
234
14
-496
25
417
78
-682
-339
-630
508
11
476
297
-412
-9
416
25
-272
-225
-45
-59
206
46
248
107
307
123
-20
23
338
232
123
-603
366
-468
93
499
283
537
217
-174
267
305
72
199
-81
-737
-79
1
218
-465
-685
-397
-240
227
258
-41
108
-687
-439
-100
73
-358
311
123
59
-582
99
-178
237
417
-406
183
203
-541
-27
82
108
48
61
162
280
-28
306
-228
-183
51
99
495
-376
-611
48
-165
189
-66
259
-760
-656
-620
232
-448
52
159
-678
420
199
-587
-539
-175
-12
-83
6
-393
-33
-329
114
5
648
-735
77
-174
61
152
165
158
70
200
184
292
354
-148
-26
-344
-370
24
-197
-267
-123
-287
275
-291
194
-98
263
463
482
460
-66
269
371
-255
149
-251
91
396
-69
-445
299
269
55
122
183
-1
-10
430
552
-123
-218
-347
245
451
-407
-496
284
16
204
286
63
-277
198
261
110
230
-325
-650
451
525
245
129
87
41
-559
-498
-36
40
-571
4
295
-746
-410
3
104
40
69
-63
226
-47
-381
115
-518
589
73
87
-514
266
519
-617
495
209
-79
95
-5
577
112
-78
-93
-553
85
-614
-369
-402
216
-498
-18
-76
422
164
-778
-182
-208
-509
-121
248
95
200
-60
-503
-340
-382
-28
424
-407
87
269
490
110
-786
-354
108
288
-12
-672
-175
58
-88
-467
28
190
-151
378
-342
206
-231
-76
-303
-440
-727
-86
-674
283
-382
169
107
-672
-52
-24
191
162
-521
12
-402
-408
-159
-91
-402
359
652
-602
-114
-81
502
110
38
-469
174
-62
-663
-94
147
288
209
193
296
-210
-597
298
-565
-150
62
133
-672
166
400
343
356
200
45
231
-294
-735
-468
209
326
-69
411
-173
-636
-616
81
-463
394
-628
-100
525
441
236
-28
162
206
624
-538
383
-776
69
-204
-513
-670
-2
212
-300
299
231
189
1
-639
307
128
208
-66
71
-64
291
222
-13
300
-100
-672
221
-155
96
297
-67
-67
-71
347
139
472
-535
234
381
275
150
350
-670
-253
211
-249
328
-32
73
-248
344
223
549
-334
-56
-459
15
411
-495
-157
287
367
-364
-552
176
432
-69
-528
317
317
-2
131
220
-56
-597
175
315
121
-76
-137
11
373
-496
-194
-501
110
215
-15
-288
-355
-596
162
149
-616
371
-129
-235
190
199
218
-132
133
270
-127
-691
-374
133
198
173
316
183
258
287
-594
-200
278
427
-440
23
-142
-354
51
101
-103
60
-25
11
124
57
-99
187
104
110
112
55
225
73
474
250
-496
161
-30
198
-537
364
270
259
12
-168
219
532
-206
128
165
254
-475
-329
-87
340
-421
152
162
399
-730
151
376
-201
188
87
169
525
465
-72
307
430
-501
490
78
-171
290
323
256
-679
462
69
104
-326
-42
-414
124
-184
-351
227
128
311
199
69
70
332
-202
-33
-267
86
-489
317
-427
291
-124
-111
-7
-666
-666
-2
202
397
-614
213
212
-5
72
-77
405
292
226
-683
-587
424
155
-656
171
-32
439
155
57
-617
-189
318
209
212
266
86
267
90
-236
329
52
153
-351
21
267
387
-646
639
-156
260
119
573
395
275
152
-379
-167
332
59
327
-215
55
-590
-448
200
327
-218
255
269
90
421
326
306
-360
216
104
251
463
-41
471
-136
73
-97
-700
359
118
-663
342
-5
117
179
163
-548
-773
-404
-693
11
291
-197
348
-45
320
184
189
139
-366
210
-387
-141
-205
-650
-205
156
19
205
106
182
202
-52
-746
64
-557
234
-242
-778
-672
-114
207
-278
-535
405
203
172
112
193
148
88
-558
-471
336
-616
218
-81
158
79
236
184
-682
111
160
-403
275
139
-199
133
-30
-192
135
18
101
47
-115
-28
-760
116
326
314
-400
117
53
-272
221
-429
51
365
-538
142
242
172
213
132
-385
-654
-182
139
90
-72
-358
-112
-257
251
-391
359
9
-327
367
159
193
218
3
297
35
-169
613
145
98
98
-130
166
387
-113
149
148
108
56
-223
-423
114
-444
-511
-248
191
77
-7
-532
150
542
-103
-339
-623
-90
-212
59
-594
-54
165
266
-305
-456
235
190
-123
271
414
-436
183
206
113
396
-286
279
-464
-215
-461
672
50
177
-134
-684
-64
277
-244
203
-41
-106
100
-522
194
-596
336
171
153
269
200
336
-106
359
343
433
130
-67
42
96
-278
209
224
160
392
-496
290
192
96
313
-634
228
-110
-295
152
161
409
24
-422
173
155
-5
-130
209
307
-98
-114
120
-497
-54
550
-121
-151
45
51
228
-38
190
-239
-64
108
361
94
356
-619
159
149
266
-389
112
-143
-135
297
-689
299
-566
326
97
152
-395
11
-307
252
203
203
-694
400
179
-239
195
-686
-394
-667
159
114
-181
-179
203
69
60
78
-46
132
149
94
-299
245
349
223
-287
-47
672
8
43
-749
-676
316
-511
-237
234
-88
32
-27
-97
-679
-739
112
-504
-80
-533
31
453
14
58
309
614
-232
-722
62
-39
157
-496
144
319
-281
116
-118
27
165
348
40
227
287
134
-98
312
160
-69
177
258
-407
221
-393
-98
11
73
-684
121
-372
-611
-87
203
-354
-239
39
-372
182
-65
-3
-264
307
361
87
-696
343
127
-806
150
21
-776
154
-297
537
-504
445
56
56
228
-674
-636
222
-792
87
-414
-296
215
160
-623
-26
-567
-482
43
72
376
241
198
-33
24
19
99
78
19
24
394
209
98
519
274
-74
142
97
150
-677
531
59
118
-533
198
100
408
-77
89
207
548
119
192
-48
-27
33
-88
51
167
-68
234
273
251
237
-74
19
324
337
227
-45
356
441
351
-273
-86
485
45
-69
-245
-653
362
-94
-78
145
-48
-384
391
242
307
342
194
356
317
326
-449
188
-303
-1
-683
-727
5
-33
328
10
-388
52
93
-442
232
325
218
12
240
154
-532
-617
228
-42
331
24
70
-668
325
290
230
257
141
311
-28
64
311
-90
-750
9
-593
-99
285
-400
247
-495
317
314
345
-750
-395
106
48
140
321
287
-610
-492
53
197
248
244
-693
336
-597
157
86
-327
-450
-694
451
69
-663
-183
142
162
163
237
168
247
-778
327
-77
202
542
98
66
320
168
254
124
-563
-99
201
-33
255
-91
495
-447
251
-190
140
-786
-113
-87
-711
-380
197
19
343
-394
165
38
417
-466
383
294
-102
306
139
473
-683
209
-233
105
354
-145
-89
-112
502
-87
131
-578
-372
546
-59
452
-427
-13
-406
-571
217
192
-496
-692
25
-63
427
415
505
523
525
444
332
295
220
421
-47
-472
234
91
134
365
-626
166
141
-385
228
-1
160
-746
526
156
-3
-148
-73
-666
55
86
404
-415
3
140
188
-113
-393
539
291
160
-389
-143
219
-159
-544
359
-322
323
259
-739
545
-169
-151
265
-835
216
-66
525
-387
296
18
404
-327
230
-565
90
121
194
-628
312
-5
-391
333
-464
345
-168
-414
-91
296
247
-648
246
-124
-109
53
346
-315
329
-548
214
124
331
511
42
-513
-418
0
-17
-629
138
95
100
192
-98
57
18
127
218
-244
136
81
585
-579
-91
183
-134
-349
70
314
-410
269
-701
589
57
503
-492
403
-407
103
231
120
-727
-477
-403
-342
198
492
90
-547
-37
106
-414
-89
-533
-585
-150
49
87
79
-236
-665
-313
-625
165
40
-591
381
364
274
-354
-435
82
80
-442
-48
132
-65
61
245
-277
-242
-113
39
-515
126
326
232
-9
340
118
-553
174
-322
-103
211
433
263
77
571
179
146
-45
327
93
123
353
-364
-672
-2
109
114
-186
-661
-60
223
-465
130
221
-395
-83
92
111
-60
179
159
261
-175
-674
291
117
114
409
-216
-547
-518
-678
19
92
-181
74
-331
67
53
156
-28
-32
640
-340
417
-599
70
-320
194
-791
218
198
110
-141
-176
-61
-277
184
-8
-151
563
-229
636
419
47
-677
-766
472
52
265
-433
-167
-502
-21
152
180
317
315
-358
148
365
-710
277
-347
-694
221
60
157
-533
-136
19
393
180
49
537
296
298
188
240
344
227
142
111
-51
-148
68
152
229
190
149
-482
-426
302
-231
179
-504
184
171
-79
-314
-657
283
229
161
396
-52
128
51
466
209
171
-214
-1
-663
585
24
171
-43
-492
-687
222
-79
262
-8
-79
-263
197
-387
-180
246
-727
303
270
152
112
-351
-710
-696
-27
111
589
-316
-92
-685
366
-58
-632
401
-597
102
353
-699
209
124
-42
279
164
-284
222
173
-350
92
532
151
382
-288
-183
304
388
263
-508
157
542
-679
297
-36
-73
-96
282
100
-394
291
-318
366
252
-376
295
-444
466
-2
-567
-512
6
-257
-137
177
63
198
-440
-116
-37
-653
99
566
-45
-31
505
-159
129
-406
-571
217
242
-746
58
230
91
554
209
155
-60
419
132
-731
353
98
94
-149
-34
213
101
49
-147
212
-728
172
70
146
291
225
483
233
113
143
318
50
-196
221
-271
337
-601
133
-288
-658
385
146
-129
276
231
200
-407
361
-394
-31
-579
-192
-561
115
218
-582
-305
-258
140
520
238
-2
-362
276
-215
115
263
-53
226
44
-114
281
372
-569
126
-372
389
-391
157
-52
351
-421
-198
353
171
-624
161
115
-125
-65
362
31
-246
-130
229
63
129
-461
297
80
213
-407
376
-46
-753
-51
-190
222
-83
-771
475
187
105
-260
-396
-496
113
219
75
423
224
80
172
198
38
-90
380
139
546
396
205
91
109
-579
16
255
511
-96
150
384
146
118
-154
-29
-36
-677
-45
-423
179
387
-663
6
-285
121
84
260
-430
-303
-539
-577
283
104
262
-59
162
255
490
-722
460
73
324
387
353
53
-210
264
-197
-158
104
-512
451
335
-557
-639
335
-270
267
-38
-245
-507
31
-553
116
177
45
-173
-719
392
189
357
-579
330
-478
-215
51
-398
161
-30
-509
84
438
188
-656
-1
67
-61
-421
-140
-172
-461
186
261
-687
86
333
-679
-422
192
184
194
-792
-295
77
-286
203
-644
29
-143
340
525
215
380
284
142
-731
176
64
-66
-187
252
9
-45
549
-319
-293
170
-228
187
-94
156
-607
-488
474
113
-666
-81
324
121
469
-109
-737
437
-547
217
-604
126
-84
86
210
-690
74
359
-135
-77
-3
178
-660
17
-681
403
307
436
255
307
-295
291
-236
-123
55
-340
-241
245
329
273
522
-192
-78
418
227
320
207
214
208
72
-566
346
167
-692
304
143
-239
421
152
129
372
92
67
-103
-197
276
-316
-663
303
154
-132
308
-635
159
-617
-173
-625
47
-240
19
-75
-121
-721
-363
-364
150
292
108
157
314
-201
-712
22
-111
156
466
-666
271
-340
49
-339
261
155
-119
-663
-605
-594
216
-72
299
150
134
91
441
245
106
-558
-179
342
-148
537
-52
-31
-132
245
-682
244
-459
-266
63
-178
301
71
158
-299
-362
162
127
461
101
-3
-78
337
406
-451
254
127
-349
-285
63
255
-414
157
162
13
311
-94
11
-182
473
-354
320
-14
202
-231
295
-353
230
222
456
167
-271
-288
178
-766
198
-28
-637
8
-625
-722
525
-195
127
275
236
-187
-519
-118
396
158
349
323
265
170
-722
320
160
406
179
-248
59
-89
-138
-693
510
254
320
242
304
-744
-273
302
459
192
-504
411
-31
-448
-69
84
71
360
276
376
525
100
-674
-54
-415
251
139
660
-655
316
111
-260
-101
274
344
-244
262
225
249
-634
283
-453
114
-153
-503
286
45
246
-457
6
-53
111
-134
-364
-428
269
394
-467
187
-77
330
44
-740
114
3
-29
280
68
459
91
-41
209
206
427
-476
397
-776
334
299
-80
174
-495
-277
174
-382
299
79
52
219
-668
436
-329
294
446
116
504
-90
-692
279
-156
356
355
94
-78
39
480
391
333
15
284
187
431
374
-185
195
-1
320
-482
470
85
311
311
319
-510
264
-172
145
245
272
-175
-353
-464
138
19
-161
-127
-675
261
574
149
-184
-233
539
-303
-588
-187
179
345
-339
166
38
-124
-192
53
372
344
-62
-211
362
284
314
186
418
288
64
340
256
477
208
293
-523
155
632
347
-402
188
101
469
48
-485
213
-358
172
-7
-394
210
-284
365
117
-502
276
106
203
-359
321
225
-91
80
198
81
68
-185
-84
222
-131
573
-59
166
205
-693
78
-183
277
-772
-27
87
50
-569
26
-797
-260
304
86
237
-4
208
226
-43
389
25
156
186
-588
34
499
168
-118
135
136
409
582
-216
194
-601
120
304
8
-109
147
556
344
207
229
-24
66
-489
-318
212
66
-56
-641
-47
157
58
250
439
185
-632
-409
202
-254
-541
182
162
-237
71
-441
-51
345
-563
-206
99
-287
-558
-110
-465
226
-525
-504
275
-324
-267
-469
68
251
279
336
-26
222
86
131
133
-569
-349
-222
307
86
172
158
-339
-589
161
263
-112
183
-237
-246
-327
-668
82
-449
-20
394
-617
-672
-21
301
-313
232
301
255
49
266
305
332
279
525
275
418
285
478
-588
193
256
-186
269
72
293
-636
241
-601
-776
378
-581
-749
-123
-499
227
188
247
-570
-76
208
79
149
-225
227
14
197
160
101
-153
92
219
337
-157
241
-211
-597
128
336
332
41
276
-497
191
-236
-566
133
271
-119
239
-182
226
85
-300
399
215
267
12
198
-38
191
427
-532
-552
-372
-145
-72
-478
-76
149
64
120
-22
477
-696
416
161
332
-214
-67
-697
158
214
329
-605
329
198
-83
194
139
573
118
326
69
-129
-14
-114
105
-57
-616
268
181
51
103
8
-94
246
-180
220
262
151
-604
411
-700
64
83
-632
243
254
-406
392
483
43
-159
-336
-228
427
188
128
269
94
119
315
247
40
165
214
82
153
-46
283
-657
-289
-149
193
144
63
516
-4
-537
99
221
-122
21
103
86
-421
157
-271
68
27
319
307
233
102
-177
169
289
240
166
-93
54
219
60
60
260
-711
-165
-140
345
329
-86
-692
-641
-579
-445
-794
105
-135
291
-277
-347
-521
350
-281
251
-62
337
220
-83
-83
-628
21
-157
490
-79
-318
-192
-771
-102
45
171
-88
-710
367
-176
528
565
173
-202
-170
187
-408
408
338
-495
-654
-309
148
-718
79
172
-669
159
249
-601
-658
353
-342
149
131
-700
458
216
-96
324
220
355
-604
199
-53
-472
-143
253
-461
-45
192
58
-689
146
326
-125
439
161
3
-32
115
161
-446
303
176
-661
268
-2
-685
-36
311
-24
-74
-494
-121
59
236
-484
223
300
169
-320
-179
-246
-222
-147
102
417
-677
169
247
-82
-476
408
60
187
-25
577
-37
405
17
114
-250
245
247
-75
-35
102
-671
277
81
-666
270
-396
209
505
219
193
586
-397
-150
-27
118
423
602
318
179
504
293
-33
47
-650
344
345
213
-801
228
-55
-179
165
-74
569
-100
511
141
-485
421
174
-53
537
85
301
-432
159
156
207
-188
345
-386
100
249
222
-610
19
-132
239
-2
215
108
-258
-493
326
-215
-111
639
-621
-54
225
316
127
232
355
647
289
-503
231
-189
-686
62
490
467
-211
-233
-124
-744
293
-754
-724
-386
25
120
-187
38
-57
96
428
-770
190
231
121
70
-133
360
-613
-569
111
-127
58
128
463
103
317
359
287
-362
-719
446
80
-306
-664
-797
-48
-439
329
140
565
-98
-274
265
-605
120
-259
192
191
-180
-24
74
-106
296
90
137
-681
442
-365
-270
117
-686
-1
392
-38
40
285
-183
123
119
317
-580
-581
-617
87
-208
258
-120
-50
-78
-60
120
496
205
40
-689
-3
589
130
159
-136
-114
-452
-208
-571
-631
321
-307
159
161
516
372
-560
212
375
75
563
-96
32
110
232
-572
98
-196
-401
430
40
415
-489
354
-696
236
265
-180
58
138
441
-421
56
155
-375
206
212
158
505
298
426
-499
272
-199
-728
62
147
-1
-734
-389
314
480
203
-713
219
4
340
192
-81
-402
133
-357
-122
286
-323
-379
190
162
-106
-49
136
316
205
-290
-617
198
-340
-572
131
-97
-576
56
552
-8
-291
84
434
-28
-765
415
120
-63
471
-93
149
405
-493
247
337
-93
213
322
-421
256
-584
409
128
82
-327
-753
-453
35
28
194
56
-26
-293
196
-42
-118
-372
-754
-463
109
121
84
496
-133
-775
227
-97
330
112
233
238
-311
-107
-33
227
281
-64
-47
-330
183
-19
-387
85
269
165
86
-414
-588
-105
107
460
382
-33
-100
100
-682
-16
-228
282
523
394
180
-162
-178
325
-148
285
-501
-697
377
-470
-622
111
-118
238
171
-12
-411
-266
132
-583
-572
-194
69
-169
-105
-401
502
-61
517
230
138
224
-58
340
401
-131
235
60
-98
182
-789
-409
220
-45
192
-770
-82
-237
179
184
377
114
-94
-727
553
-32
-127
-754
183
394
67
254
283
-15
232
-663
223
254
405
-123
106
-129
49
-241
331
-173
180
-168
-623
195
233
266
-159
356
218
-397
143
-582
-471
512
205
460
-548
196
-729
170
-112
222
-6
-614
114
-77
285
359
205
226
136
210
5
-627
-122
218
174
-791
424
171
-75
-45
73
-20
51
409
226
246
71
241
-23
94
-576
129
-97
301
128
-69
176
45
315
-677
-481
248
-743
187
353
-259
-714
359
-63
207
10
184
131
-27
-102
184
231
235
434
181
-349
213
113
162
113
202
178
-479
267
157
303
131
34
325
-6
311
511
477
-2
-210
-89
303
214
-25
98
83
-92
28
323
168
465
-65
-114
-450
-711
114
36
182
17
-8
-33
254
-283
-107
-711
195
299
360
-428
440
75
161
-661
-539
203
-566
-366
57
354
-136
92
-524
-150
121
-83
-262
-397
-20
199
-60
-45
-547
-423
23
82
207
-487
235
-556
-652
227
-278
-727
81
-709
207
149
-727
98
147
-380
365
-80
171
-121
-604
77
192
451
-436
-496
151
-44
117
-73
73
112
192
-448
-340
427
166
204
-459
-102
373
-36
-171
-27
-76
-5
-331
-137
598
490
-669
328
140
195
-536
478
-347
-257
233
130
399
-251
-427
412
-53
44
-176
76
190
85
303
166
202
-625
-548
26
184
241
-729
223
-216
470
301
-272
303
299
90
339
210
577
-196
-13
378
194
219
-77
-16
380
-43
-26
-58
324
-199
264
427
214
-59
-44
-206
-299
-182
-610
-64
-280
211
204
-459
71
362
-224
-562
208
193
56
156
-5
162
-355
96
275
403
-453
-565
542
345
-562
-513
317
131
-212
228
-324
-658
-652
408
262
161
-66
31
-26
188
-550
124
173
238
523
21
188
-663
394
-432
57
-663
432
41
-421
353
82
-93
-727
311
-594
171
-451
87
-30
-54
98
-127
72
308
202
-754
-121
153
520
-682
376
284
-77
197
229
158
356
502
74
-631
297
-295
68
130
-174
284
356
104
93
213
-198
171
478
262
174
-683
216
243
-169
325
536
150
-364
611
175
-190
198
263
-277
111
412
10
290
-247
-538
-336
61
-94
-73
179
271
-145
-668
-653
420
-139
102
228
-368
179
34
148
-621
-669
-555
-151
-55
420
-322
158
252
484
117
228
248
141
-672
-393
-325
364
3
221
22
342
-146
-203
-73
320
162
170
304
-54
-19
301
252
427
-388
-388
102
-123
64
200
-291
-88
77
314
332
-79
130
-285
248
492
127
113
553
19
-636
-436
213
503
280
135
-592
309
239
340
-600
-593
25
-106
179
206
32
180
245
-603
135
212
-185
159
237
400
364
-91
260
-86
232
565
-233
46
163
-20
181
312
470
335
266
195
359
251
297
-115
352
61
138
-380
471
127
145
607
-628
24
-157
-331
148
-97
335
-353
178
-537
-121
171
-23
256
153
198
534
120
-150
209
338
-710
-265
-495
222
213
49
271
-24
-427
-494
369
-327
183
179
333
285
260
465
203
-368
9
-458
197
227
301
-296
-627
200
-532
246
480
-42
-61
14
331
-561
-37
382
266
-707
292
142
-667
-503
162
-663
213
72
440
159
231
156
317
373
66
0
49
337
246
188
-700
198
256
54
91
-302
-594
36
-53
417
-567
534
-81
-30
-313
239
475
260
-456
-791
192
-589
378
-156
94
-663
44
123
259
129
177
-473
187
73
144
350
-611
183
-66
-601
184
176
394
311
349
190
234
55
343
-637
212
-163
-495
358
-77
74
140
-692
187
-431
271
246
-195
-492
-605
337
253
191
-325
258
-35
295
220
260
-476
40
204
-32
263
-137
-695
226
13
26
338
111
-251
224
30
-110
-748
124
128
-241
412
72
128
173
-33
17
-513
162
81
232
553
-619
490
-492
166
-14
-347
-96
-120
-695
-285
213
233
-596
-150
-301
94
301
477
233
256
255
-390
-146
412
146
-368
136
-352
-348
556
260
119
-301
105
467
59
365
-529
-109
278
215
74
89
-387
-544
186
-680
-100
-592
283
-628
242
-531
-696
334
-61
44
-153
39
107
16
315
-588
74
-644
-39
-30
234
-110
-32
-601
-127
159
-622
197
485
72
-181
50
50
240
264
-553
305
412
153
252
191
299
11
94
-433
-194
114
188
230
-445
263
-147
-4
-54
-526
235
411
-11
-541
394
-429
214
-430
75
-10
-686
88
-187
152
-182
52
-406
101
50
239
38
206
335
20
-138
-713
78
183
312
-188
-585
102
-773
376
220
250
155
121
261
329
-752
418
282
-149
155
235
-525
278
268
176
-14
-556
399
206
266
38
-36
156
-512
351
179
-215
21
529
-52
-270
-196
179
133
265
-559
133
463
221
334
-153
-105
465
-79
-263
269
-299
126
-359
-125
95
218
337
-612
53
56
-128
-690
-141
190
98
-113
-608
510
-153
-585
-420
134
352
-227
-170
308
-182
78
-260
169
111
150
-505
561
-149
158
-4
52
573
-581
-668
296
-145
370
-110
-414
-77
93
-386
-547
285
-439
-34
-686
366
-297
333
-423
290
-31
-133
87
85
84
246
340
176
-216
339
-211
-674
-351
-182
-746
132
170
-331
233
-630
366
117
-683
-405
-171
112
297
254
-334
287
-196
326
244
-26
270
-514
298
-94
209
344
-449
530
367
509
-749
75
268
136
-722
33
112
413
-250
-174
-464
-7
105
249
400
71
199
-600
255
-62
84
172
166
87
111
-771
-175
96
-511
-283
247
133
-148
195
77
166
233
-8
-92
-96
190
-365
-508
244
-340
397
113
210
-354
57
394
152
188
131
-385
-419
121
207
-173
-100
-230
522
231
103
172
219
-1
433
-92
198
-247
-2
398
-259
179
-334
-18
159
-570
166
178
386
-143
173
-631
324
-690
-663
339
71
-29
-280
465
-299
-405
-311
161
234
-333
128
405
-354
77
-579
-103
262
480
184
118
251
548
-16
-153
51
261
261
-158
220
374
104
-2
59
129
208
-523
358
-118
156
122
12
167
311
278
636
284
306
-340
317
162
276
-468
289
-303
195
382
180
386
-24
250
248
-354
359
119
-538
77
236
152
222
171
-182
-619
323
-131
221
32
240
169
-7
304
-150
-83
182
-701
331
304
-441
-637
465
-164
167
-400
105
-62
-710
-503
-36
-162
350
306
218
-541
-397
418
-737
269
465
-674
9
358
420
461
284
-131
215
-50
240
217
133
65
73
-247
-683
314
129
-547
406
55
-127
-281
142
11
9
-515
108
351
-479
14
169
99
172
566
331
-618
336
-329
313
295
482
-122
162
401
233
-648
-244
141
157
171
471
-339
127
281
-358
263
-453
-64
-596
81
-754
-183
253
331
-635
119
-676
249
-400
224
-84
147
-458
143
105
323
-294
83
311
173
123
-496
113
50
12
457
221
55
132
-241
86
-465
285
-526
-35
-96
114
-60
-148
205
408
75
233
-101
64
124
-537
217
157
-429
-646
-271
460
-45
171
-150
255
538
-439
106
-348
129
120
-103
136
40
142
430
6
121
106
100
102
-637
263
86
184
-140
-50
-262
177
-389
648
-31
-327
-120
-504
-93
-603
104
438
226
225
268
-750
-185
-686
400
-37
-567
-568
252
-669
284
-800
412
-248
20
-309
327
-334
-582
114
159
586
196
84
432
-681
138
-203
550
180
135
-58
-55
-194
123
-682
329
-92
591
8
-662
353
239
192
-109
196
28
-619
441
49
-331
270
183
107
-184
346
226
48
243
49
-651
159
188
187
-61
159
-258
-6
-96
-456
-499
259
200
-189
-4
-620
23
-509
143
43
-118
8
-577
121
-267
247
218
-235
211
-302
137
147
232
281
-562
-211
378
210
-167
14
98
369
163
269
96
-241
162
-352
-124
-199
-629
171
-527
-420
107
297
-729
-318
453
343
-570
556
27
-385
-278
217
245
-89
-552
-354
210
370
-64
-211
60
133
-27
301
162
517
218
303
305
-82
378
322
182
416
326
338
110
144
-211
-566
98
268
-445
218
420
-237
-147
45
384
-441
322
392
18
-411
-165
210
-184
400
291
196
-661
274
215
52
-548
-471
-433
314
225
342
433
309
-98
266
323
333
-37
-589
-90
-91
-358
90
140
-214
-340
529
109
10
-33
427
173
-138
158
-533
236
-94
-255
63
236
202
166
-368
184
-602
-47
445
243
356
372
133
292
71
-265
-41
-632
187
263
-426
-131
130
539
-267
393
-170
-11
318
-526
401
-19
267
-284
-48
55
-436
-596
221
184
124
304
-680
-280
189
-404
-573
-599
367
210
9
97
411
71
414
-707
188
-599
465
-122
168
109
230
-617
236
-178
123
78
128
-579
278
-456
561
263
199
-597
334
28
-62
-404
-614
376
-550
-12
-787
179
-81
-43
343
121
-76
113
246
206
-332
-37
-620
387
369
-619
211
246
677
121
294
245
115
258
109
-4
-505
465
214
98
532
-156
217
104
-13
183
484
-173
-433
-641
-497
312
-486
-12
275
276
-214
372
249
241
156
574
226
161
139
-149
167
183
441
-452
-667
114
-119
-318
248
-92
-555
554
-314
-547
351
29
-599
-26
-662
372
-568
-233
227
-195
176
-605
-119
-601
-258
-554
-628
200
-263
126
-94
191
3
-264
-118
-503
60
206
24
181
211
-752
470
-592
-59
123
211
-286
256
5
103
197
-78
94
209
254
150
164
-791
102
314
98
307
-130
-180
414
-14
96
-628
254
-280
-696
232
99
171
26
311
-476
219
409
165
301
-302
-8
-83
309
-182
472
301
-192
-187
161
164
-352
-247
-21
102
222
-147
123
256
21
286
-108
82
108
353
122
-130
299
173
192
451
205
62
82
41
-32
549
-206
-50
-556
103
-272
-671
585
-270
-700
283
134
-100
38
312
263
99
-353
-192
261
-40
416
-727
-641
280
-465
108
-724
291
-448
-620
-127
111
415
93
90
295
-256
-617
-567
-108
188
211
-93
212
71
236
577
254
90
-242
-676
-170
197
263
378
-665
-750
248
-714
164
-216
-662
278
-422
-78
183
202
82
-115
116
101
-163
141
-519
-150
306
-428
-43
-40
100
119
175
-28
301
106
338
194
-114
174
320
-182
182
-94
269
-292
135
342
-41
265
189
-41
-41
213
397
175
70
129
-138
289
285
466
-375
371
-3
-727
12
90
-190
-9
-644
-17
133
276
248
-801
-737
-52
221
-18
326
215
299
-601
-668
-429
427
217
248
388
-358
302
-628
84
-78
247
-150
-590
120
349
82
-286
159
-277
-179
281
224
82
210
-650
138
191
490
254
248
333
360
-330
99
243
-281
421
273
68
-82
456
134
-381
346
-128
250
101
31
495
167
232
-664
15
-12
235
-256
45
143
267
130
-54
283
636
165
229
304
24
-45
391
289
-664
-662
-243
-598
223
-465
60
-349
176
249
322
-666
269
-196
293
-546
-158
286
216
-302
-91
336
-674
556
45
-54
141
-452
-66
-385
147
-340
346
90
63
-360
269
41
34
320
112
159
105
-186
12
-391
93
270
217
-48
-287
350
-505
-401
-572
177
-48
-270
86
237
-121
112
-2
-107
-403
63
233
-89
207
99
-237
-168
55
-391
364
82
-349
-240
311
-98
259
-681
53
177
31
-468
272
159
553
162
229
-570
-518
147
418
41
302
190
98
-492
194
363
-52
55
390
-24
120
62
106
323
512
-342
59
-628
-627
416
245
417
62
432
173
3
-611
511
62
171
-746
598
114
-698
361
-338
-346
62
-113
57
191
180
247
202
98
101
159
56
56
21
304
307
26
227
-190
-243
61
129
683
-423
166
208
242
308
345
162
510
-181
-754
-94
171
225
66
247
283
376
-588
23
129
-626
-497
-221
282
-543
-39
106
-86
-116
-41
133
42
44
141
-44
-4
-418
24
166
-240
-339
-562
40
171
-588
147
-66
-151
18
161
29
-554
133
-456
-97
406
33
408
546
172
92
171
248
308
166
8
445
-559
-106
166
317
276
353
1
88
525
127
75
-375
471
-48
110
289
96
55
549
341
-134
-167
137
304
411
230
332
158
-146
-130
216
84
246
-102
246
339
-112
-349
81
-212
234
98
109
184
-544
297
373
24
-44
-60
245
-548
-375
-509
260
409
-695
-32
-609
278
-115
83
-114
64
269
131
203
-242
514
-566
-41
259
-59
169
478
-68
-338
-243
-33
117
208
-654
-64
200
280
-312
146
-281
8
-141
-365
39
44
525
-144
102
510
256
190
-255
68
-94
175
565
-663
133
181
12
-34
-499
301
-45
270
262
-475
110
-172
94
-130
324
49
-127
-580
246
-566
62
126
201
-674
237
-393
82
229
261
-311
21
-349
-304
88
-75
-433
84
162
312
112
