-93
-95
-98
-58
-61
-47
-11
-52
-67
-40
-64
-31
-64
-52
-18
-58
-58
-9
-27
-84
-70
-21
-47
-49
-71
-23
-20
-39
-45
-58
-64
-59
-108
-70
-76
-18
-44
-83
-21
-88
-52
-69
-81
-59
-22
-51
-83
-73
-62
-68
-31
-69
-39
-32
-46
-70
-96
-43
-65
-81
-22
-77
-46
-49
-45
-30
-18
-8
-76
-19
-55
-20
-94
-37
-63
-86
-21
-78
-21
-27
-48
-67
-108
-79
-27
-58
-74
-63
-48
-64
-67
-47
-80
-63
-27
-39
-24
-6
-26
-57
-59
-105
-56
-63
-71
-55
-55
-67
-56
-77
-45
-58
-36
-67
-23
-36
-52
16
-48
-11
-48
-59
-42
-25
-25
-59
-76
-51
-68
-109
-81
-48
-56
-99
-20
-63
-47
-71
-96
-14
-52
-45
4
-75
-40
-58
-48
-70
-102
-13
-63
-18
-113
-80
-15
-36
-110
-37
-99
-45
-76
-77
-56
-43
-25
-73
-65
-14
-105
-64
-31
-43
-34
-49
-63
-60
-85
-93
-28
-59
-19
-85
-75
-73
-41
-113
-29
-60
-69
-57
-60
-66
-65
-53
-69
-72
-40
-44
-20
-49
-66
-27
-98
-26
-13
-10
-66
-78
-53
-20
-48
-60
-48
-23
-51
-33
-45
-20
-42
-39
-27
2
-29
-22
-78
-68
-57
-57
-30
-61
-21
-59
-42
-47
-33
-36
-54
-72
-5
-33
-67
-106
-47
-84
-72
-98
-59
-26
-43
-55
-19
-65
-78
-1
-79
-6
-51
-29
-81
-33
-17
-54
-34
-23
-16
-51
10
-59
-6
-55
-59
-29
-25
-37
-41
-15
-111
-39
-41
-30
-108
5
-71
-35
-67
-45
-35
-64
-94
-49
-36
-80
-89
-49
-53
-44
-17
-42
-66
-109
-85
-38
-41
-68
-61
-44
-26
-126
-70
-60
-57
-44
-85
-73
-51
-55
-70
-58
-90
-84
-37
-106
-58
-28
-76
-65
-56
-28
-77
-71
-52
-63
-66
-39
-56
-67
-94
-75
-57
-38
-72
-59
-63
-68
3
-59
-85
-61
-50
-67
-9
-71
-25
-71
-35
-33
-29
-82
-61
-68
-57
-54
-65
-41
-71
-72
-33
-60
-20
-6
-22
-113
-34
-21
-85
-87
-76
-62
-9
-101
-79
-107
-58
-11
-41
-68
-27
-26
-83
-45
-63
-52
-47
-64
-40
-60
-55
-39
-70
-22
-39
-56
-81
-60
-60
-41
-26
-39
-74
-4
-56
-23
-59
-41
-19
-76
-31
-32
-10
-84
-70
-47
-80
-62
-64
-113
-108
-64
-59
-20
-5
-56
-57
-33
-16
-41
-92
-77
-83
-6
-84
-43
-11
-77
-81
-82
-54
-92
-31
-8
-48
-27
-45
-45
-39
-41
-54
-72
-9
-88
-75
-38
-67
-22
-66
2
-16
-66
-2
-19
-77
-67
-62
-54
-27
-55
-89
-21
-48
-39
-8
-63
-43
-91
-18
-80
-39
-77
-74
-63
-23
-11
-24
-75
-73
-78
3
-49
-11
-30
-59
-39
-83
-89
-23
-99
-20
-83
-54
-33
-12
-72
-48
-65
-24
-33
-52
-23
-27
-62
-89
-46
-81
-15
-8
-60
-51
-12
-79
-78
-65
-81
-65
-68
-58
-58
-67
-74
-57
-10
-17
-30
-81
-40
-68
-89
-53
-21
-47
-39
-29
-54
-59
-62
-59
-75
-33
-45
-30
-103
3
-24
-62
-60
-73
-77
-21
-68
-65
-22
-105
-33
-65
-54
-48
-66
-98
-110
-34
-16
-34
-67
-51
-12
-46
-68
-35
-43
-54
-103
-56
-51
-53
-37
-23
-52
-37
-46
-93
-57
-33
-67
-58
-27
-96
-70
-49
-14
-42
-27
-57
-109
-91
-90
-36
-68
-62
-36
-82
-62
-25
-46
-36
-69
-81
-45
-66
-53
-20
-46
-43
-19
-98
-50
-59
-1
-53
-71
-51
-72
-75
-109
-17
-31
-36
-20
-28
-25
-33
-88
-107
-55
-48
-60
-33
-10
-55
-40
-54
-49
-44
-51
-30
-76
-79
-41
-19
-60
-55
-40
-32
-68
-49
-30
-58
-52
-52
-58
-56
-22
-38
-44
-16
-135
-91
-43
-11
-44
-16
-43
-28
-62
-63
-96
-43
-64
-63
-31
-98
-64
-58
-47
-65
-25
-73
-35
-37
-76
-49
-80
-38
-29
-26
-43
-45
-64
-61
-26
-46
-39
-49
-90
-7
-86
-57
-68
-35
-30
-52
-63
-61
-43
-64
-59
-89
-43
-21
-25
-34
-97
-79
-54
-77
-94
-54
-92
-58
-36
-25
-23
-19
-65
-79
-51
-80
-46
-80
-75
-1
-56
-84
-41
-63
-42
-35
-35
-64
-53
-80
-2
-58
-10
-112
-38
-35
-14
-101
-28
-32
-73
-44
-42
-30
-38
-59
-34
-78
-19
-88
-64
-48
-81
-44
-60
-62
-51
-33
-72
-49
-10
-60
-80
-135
-65
-28
-24
-37
-58
-52
-56
-47
-39
-45
-76
-79
-35
-43
-51
-63
-72
-36
-67
-20
-35
-78
-19
-10
-80
-81
-46
-48
-40
-4
-56
-92
-2
-64
-78
-43
-75
-40
-46
-54
-44
-43
-73
-80
-30
-72
-54
-39
-102
-17
-41
-31
-77
-30
-27
-97
-22
-19
-92
-59
-38
-10
-97
-49
-35
-77
-33
-56
-23
-77
-67
-70
-46
-62
-60
-42
-65
-24
-59
-58
-80
-21
-113
-83
-84
-48
-32
-82
-69
-61
-37
-45
-13
-67
-68
-70
-68
-51
-32
-66
-51
-64
-44
-59
-44
-48
-74
-57
-56
-29
-19
-90
-37
-30
-44
-25
-81
-25
-66
-127
-93
-71
-21
-64
-62
-5
-90
-21
-100
-53
-71
-25
17
-59
-107
-83
-52
-103
-23
-68
-28
-70
-75
-78
-79
-45
-42
-59
-31
-14
-31
-70
-36
-47
-53
-14
-63
-94
-27
-65
-39
-64
-37
-61
-6
-41
-29
-68
-100
-35
-56
-50
-54
-38
9
-48
-55
-35
-65
-110
-30
-51
-69
-88
-85
-57
-58
-62
-68
-50
-60
-82
-106
-15
-32
-18
-42
-74
-40
-25
-40
-73
-77
-57
-88
-66
-87
-67
-37
-103
-47
-30
-21
-36
-98
-51
-31
-32
-70
-22
-13
-83
-81
7
-70
-30
-33
-68
-60
-55
-57
-45
-76
-61
-98
-16
-41
-20
-31
-47
-59
-15
-65
-62
-52
-100
-56
-41
-66
-22
-60
-75
-59
-36
-41
-54
-54
-43
-58
-68
-91
-86
-83
-67
-54
-19
-58
-58
-45
-20
-44
7
-46
-78
-22
-60
-13
-46
-66
-3
-36
-11
-25
-75
-55
-97
-42
-53
-69
-51
-73
-38
-21
-73
-54
-90
3
-99
-36
-15
-43
-20
-31
-79
-32
-13
-61
-49
-72
-56
-32
-52
-83
-34
-57
-65
-56
-58
-74
-55
-28
-57
-75
-35
-67
-67
-69
-67
-51
-27
-24
-54
-61
-101
-59
-42
-45
-42
-54
14
-21
-27
-127
-55
-87
-67
-30
-38
-58
-68
-65
-80
-21
-41
-47
-45
7
-51
-83
-39
-31
-79
-78
-73
-50
-52
-58
-62
-41
-93
-75
-40
-30
-80
-39
-58
-22
-59
-42
-33
-47
-22
-52
-63
-53
-44
-31
-24
-27
-37
-71
-75
-60
-66
-79
-32
-23
-47
-82
-56
-86
-55
-82
-50
-44
-28
-15
-49
-80
-18
-88
-66
-41
-51
-77
-50
-64
-51
-49
-70
-62
-44
-63
-49
-58
-91
-75
-63
-50
6
-59
-46
-83
-87
-61
-105
-46
0
-37
-55
-40
-1
-30
-52
-69
-46
-45
-66
-15
-32
-52
-30
-10
-19
-44
-57
-27
-33
-56
-68
-15
-24
-76
-53
-56
-42
-33
-30
-42
-60
-24
-5
-22
-33
-39
-25
-57
-22
-22
-34
-12
-8
-37
-75
-55
-49
-18
-68
-30
-21
-12
-61
-64
-72
-77
-50
-71
-62
-84
-55
-71
-8
-15
-79
-41
-44
-83
-45
-33
-110
-33
-78
-59
-38
-67
-60
-80
-52
-51
-14
-91
-17
-20
-64
-59
6
-55
-89
-22
-54
-24
-79
-83
-80
10
-50
-29
-48
-42
-48
-11
-84
-66
-78
-22
-108
-102
-63
-58
-44
-78
-64
-47
-50
-51
-8
-29
-16
-58
-63
-44
-61
-51
-57
-25
-96
-4
-58
-99
-90
-54
-64
-8
-53
-9
-49
-24
-31
-115
-50
-70
-17
-106
-54
-53
-44
-43
-64
-25
-16
-99
-76
-89
-40
-19
-22
-88
-18
-24
-39
4
-36
-44
-35
-13
-48
-80
-95
-87
-43
-46
-37
-60
-39
-79
-51
-47
-23
-54
-23
-50
-77
-64
-117
-32
-58
-38
-60
-55
-97
-95
7
-35
-87
-69
-64
-43
-69
-33
-19
-39
-47
-53
-60
-117
-37
-38
-33
5
-47
-57
-45
-52
-23
-94
-26
-72
-33
-68
-60
-77
-69
-48
-87
-66
-69
-21
-33
-58
-69
-14
-27
-55
-52
-43
-29
-53
-38
-53
-38
-36
-55
-32
2
-60
-37
-63
-98
-51
-31
-24
-88
-50
-45
-108
-85
-87
-90
-39
-54
-108
-37
-92
-17
-59
-40
-58
-19
-79
-75
-100
-61
-24
-49
-2
-65
-46
-70
-70
-32
-9
-58
-50
-94
-43
-83
-55
-77
-54
-96
-24
-38
-54
-44
-69
2
-27
-41
-44
-55
-67
-68
-42
-63
-45
-37
-38
-54
-83
-35
-39
-33
-41
-44
-38
-79
-63
-25
-57
-42
-78
-87
-9
-49
-3
0
-46
-51
-16
-74
-24
-54
-121
-50
-52
-41
-28
-22
-30
-43
-58
-108
-42
-42
-76
-27
-36
-24
-52
-54
-95
-62
-90
-35
-61
-56
-16
-86
-48
-38
-74
-46
-38
-61
-59
-60
-54
-43
1
-70
-69
-84
-62
-5
-127
-72
-57
-29
-49
-27
-19
-59
-58
-94
-65
-67
-36
-36
-27
-22
-49
-58
-77
-38
-91
-43
-29
-92
-38
-55
-83
-60
-36
-111
-56
-48
-61
-48
-63
-49
-31
-56
-95
-22
-13
-127
-36
-46
-99
-82
-34
-30
-68
-76
-71
-42
-71
-27
-51
-32
-69
-74
-66
-21
-31
-61
-46
-54
-54
-50
-52
-41
-10
-66
-50
-80
-71
-25
-43
-55
-73
-17
-42
-14
-60
-99
-58
-32
-51
-62
-32
-30
-66
1
-17
-65
-47
-19
-41
-37
-107
-21
-87
-57
-57
-68
-3
-56
-77
-41
-19
-75
-39
-47
-61
-22
-25
-38
-33
-28
-31
-66
-46
-57
-38
-57
-88
-68
-84
-54
-33
-27
-75
-92
-66
-35
-24
-103
-43
-92
-27
-27
-82
-69
-63
-64
-66
-21
-60
-64
-24
-68
-17
-36
-89
-56
-55
-77
-55
-79
-42
-34
-63
-59
-17
-15
-67
-20
-64
-13
-13
-11
-40
-41
-52
-82
-73
-43
-52
-100
-46
-48
-50
16
-66
-39
-17
-24
-82
-50
-69
-68
-68
-73
-70
-26
-44
-40
-61
-54
-37
-45
-112
-54
-17
-42
-47
-33
-36
-31
-86
-72
-95
-64
-105
-89
-59
-94
-56
-47
17
-34
-54
-84
-53
-52
-26
-25
-83
-27
-74
-64
-72
-68
-52
-88
-48
-69
-40
-56
-88
-48
-39
-66
-64
-55
-21
-95
-59
-38
-62
-32
-45
-81
-33
-68
-57
-76
-29
-37
-83
-37
-55
-34
-55
-36
-56
-8
-66
-85
-28
-58
-40
-71
-68
-34
-61
-31
-58
-70
-24
-78
-67
-60
-6
-74
-69
-60
-29
-24
-40
-46
-14
-86
-50
-95
-25
-11
-64
-17
-75
-69
-32
-32
-42
-72
-32
-74
-41
-37
-76
-27
-31
-60
-83
-57
-51
-54
-32
-76
-33
-63
-27
-60
-56
-84
-33
-61
-48
-56
-31
-67
-22
-44
-37
2
-71
-54
-46
-48
-8
-9
-14
-47
-14
-45
-11
-30
-85
-58
-88
-46
-86
-38
-55
-91
-64
-27
-103
-77
-80
-65
-74
-13
-27
-47
-55
-43
-46
-24
-16
-57
-23
-5
-69
-13
-69
-71
-46
-100
-41
-50
-30
-84
-113
-39
-64
-62
-53
-35
-64
-30
-79
-59
-57
-69
-90
-42
-37
-16
-72
-32
-38
-50
-61
-55
-40
-33
-17
-33
-10
-25
-78
-53
-86
-51
-73
-36
-32
-56
-58
-76
-36
-42
-67
-60
-58
-54
-51
-3
-27
-36
-48
-85
-101
-20
0
-19
-16
-36
-39
-33
-64
-79
-71
-21
-36
-19
-54
-98
-61
-78
-8
-30
-52
-52
-30
-44
-60
-39
-40
-69
-83
-20
-50
-13
-42
-58
-75
-63
-27
-22
-59
-48
-32
-70
-43
-25
-24
-84
-79
-10
-32
-48
-57
-61
-13
-34
-29
-58
-101
-80
-88
-73
-42
-66
-116
-61
-31
-68
-70
-73
-35
-30
-5
-51
-64
-22
-49
-78
-77
-91
-41
-17
-66
-46
-44
-41
-47
-63
-62
-42
-99
-39
-81
-25
-77
-50
-27
-70
-53
-57
-21
-56
-21
-39
-21
-45
-59
-56
-87
-63
-51
-70
-26
-83
-32
-65
-72
-28
-62
-84
-59
-40
-41
-45
-62
-46
-48
-75
-70
-61
-44
-38
-71
-29
-69
-53
-62
-79
-70
-52
-44
-81
-19
-97
-69
-76
-79
-101
-29
-58
-43
-96
-7
-31
-75
-49
-88
-21
-71
-61
-54
-81
-13
-69
-51
-42
-88
-44
-54
-37
-89
-45
-84
-75
-75
-31
-65
-38
-56
3
-18
-40
-108
-19
-63
-20
-77
-77
-60
-77
-68
-97
-62
-18
-42
-44
-29
-6
-25
-80
-42
-68
-53
-115
-52
-74
-34
-26
-66
-36
-55
-53
-23
-46
-77
-8
-33
-71
6
-34
-87
-71
-41
-74
-62
-50
-59
5
-111
-60
-98
-60
-56
-49
-11
-24
-9
-83
-38
-75
-84
-10
-59
-45
-69
-40
-51
-17
-46
-39
-49
-56
-36
-72
-33
-69
-71
-65
-42
-36
-59
-44
-46
-31
-64
17
-46
-16
-36
-43
-67
-109
-74
-40
-33
-25
-98
34
-24
-74
-27
-1
-65
-34
-33
-47
-36
-59
-72
-78
-82
-4
-8
-92
-43
-66
-70
-60
-61
-31
-47
-25
-64
-40
-78
-40
-69
-50
-91
-14
-82
-61
-80
-37
-49
-93
-86
-61
-54
-83
-70
-87
-90
-53
-82
-65
-33
-60
-39
-74
-49
-42
-61
-40
-48
-24
-21
-32
-25
-32
-31
-91
-52
-86
-92
-31
-50
-94
-59
-84
34
-18
-60
-27
-20
3
-35
-59
-71
-48
-28
-67
-73
-58
-45
-112
-51
-69
-87
-25
-64
-44
-11
-22
-21
-12
-56
-46
-98
-84
-83
-55
-67
-85
-58
-45
-27
-56
-55
-73
-74
-52
-63
-49
-77
-64
-59
-25
-11
-46
-43
-66
-52
-25
-90
-60
-88
-37
-108
-38
-59
-29
-97
-45
-66
-21
-45
-54
-66
1
-62
-49
-48
-77
-64
-77
-9
-18
-31
-31
-38
-48
-56
-40
-13
-68
-50
-49
-2
-70
-29
-51
-49
-30
-98
-101
-30
-25
-25
-63
-58
-77
-41
-16
-15
-30
6
-42
-36
-45
-55
-19
-68
-71
-107
-31
-54
-57
-53
-78
-80
-66
-93
-11
-82
-48
-25
-79
-102
-79
-25
-70
-67
-12
-77
-45
-55
-61
-45
-38
-29
-54
-79
-19
-66
-28
-31
-83
-35
-52
-2
-59
-61
-15
-54
-40
-16
-43
-99
-69
-45
-58
-81
-53
-86
-40
-47
-50
-66
-76
-54
-55
-73
-39
3
-95
-34
-57
-97
-37
-16
-3
-25
-62
-80
-24
-44
-24
-65
-31
-51
-42
-41
-76
-80
-45
-40
-80
-48
-41
-91
-49
-64
-39
-63
-36
-37
-28
-72
-42
-91
-80
-27
-21
-39
-53
-55
-46
-47
-68
-32
-72
-41
-21
-68
-36
-35
-68
-44
-60
-40
-68
-100
-33
-73
-84
-38
-51
-61
-58
-24
-53
-56
-87
-39
-70
-15
-118
-79
-69
-69
-40
-79
-18
-57
-48
-49
-43
-65
-44
-32
-69
-96
-32
-39
-38
-54
-72
-27
-32
-76
-48
-10
-48
-103
-55
-117
-40
-55
-97
-63
-44
-83
-69
-49
-49
-72
-66
-42
-19
-72
-30
-44
-38
-40
-87
-48
-81
-52
-66
-22
-33
-78
-31
-17
-41
-82
-41
-32
-70
-65
-46
-81
-62
-55
-14
-91
-46
-73
-53
-58
-59
-25
-29
-59
-39
-26
-96
-36
-11
-44
-80
-24
-69
-46
16
-50
-57
-49
-45
-24
-46
-39
-76
-62
-19
11
8
-50
-17
-55
-27
-29
-25
-71
-70
-54
-80
-78
-28
-40
-8
-40
-37
-36
-15
-71
-52
-47
-48
-82
-60
-39
-49
-55
-27
5
-28
-52
-69
-69
-58
-94
-39
-86
-49
-38
-55
1
-31
-68
-33
-49
-1
-31
-91
-58
-57
-88
-40
-31
-40
-39
2
-93
-27
-62
-74
-28
-92
-59
-11
-68
-2
-21
-38
-85
-35
-73
-24
24
-69
-45
-68
-72
-33
-41
-39
-59
-8
-21
-60
-45
-68
-22
-19
-24
-54
-63
-76
-46
-54
-25
-35
-63
-82
-91
-43
-64
-51
-49
-45
-30
-59
-99
-22
-83
-88
-101
-66
-68
-48
-79
-42
-26
-64
-53
-24
-58
-60
-48
-37
-52
-38
-49
-42
-11
-80
-90
-23
-78
-57
-18
-91
-68
-71
-51
-47
-69
-39
-25
-82
-40
-109
-59
-33
-24
-92
-41
-61
-45
-32
-47
-20
-99
-72
-52
-80
-45
-32
-27
-33
-65
-48
3
-66
-79
-66
-94
-43
-58
-17
-49
-40
-21
-79
-49
10
-63
-135
-19
-25
-54
-32
-49
-23
-17
-78
-30
-88
-52
-64
-79
-3
-38
-58
-42
-71
-23
-68
-39
-64
-58
-40
-94
-41
-40
-69
-22
-50
-21
-42
-38
-1
-54
-29
-16
-86
-58
-62
-36
-64
-77
-68
-5
-61
-77
-39
-51
-13
-12
-37
-60
-44
0
-49
-51
-64
-34
-26
-8
-43
-38
-48
-20
-75
-64
-42
-35
-18
-105
-83
-64
-39
-44
-52
-68
-45
-64
-40
-15
-34
-68
-81
-63
-59
-36
-27
-66
-47
-71
-36
-49
-87
-78
-102
-77
-67
-68
-51
-58
-53
-71
-74
-35
-20
-66
-50
-35
-45
-58
-35
-43
-58
-4
-49
-88
-45
-70
-77
-10
-54
-86
-61
-36
-52
-61
-74
-66
-94
-97
-79
-38
-40
-99
-20
-74
-70
-48
-68
-67
-60
-70
-55
-39
-90
-64
-63
-66
-49
-59
-22
-60
-43
-57
-100
-63
-54
-57
-30
-17
-17
-78
-67
-56
-46
-19
-76
-65
-59
-147
-98
-69
-59
-53
-51
-81
-57
-10
-48
-58
-102
-71
-19
-82
-126
-38
-34
-97
-46
-20
-54
-28
-71
-47
-41
-19
-58
-50
-58
-15
-35
-68
-52
-42
-25
-38
-133
-57
-39
-63
-96
-56
-85
-68
-56
-44
-25
-59
-62
-44
-24
-91
-44
-31
-53
-80
-62
-72
-84
-72
-34
-45
-34
-82
-22
-43
30
-86
-3
-58
-61
-39
-82
-63
-42
-87
-66
-7
-39
-58
-46
-52
-73
-109
-58
-76
-50
-18
-91
-68
-43
-42
-90
-57
-84
-23
-31
-51
-54
-31
-79
-50
-59
-44
-58
-46
-60
-39
-30
-62
-41
-56
-18
-71
-60
-34
-46
-56
-67
-38
-59
-73
-42
-52
-37
-49
-15
-94
-46
-80
-13
-74
-2
-91
-77
-62
-80
-11
-59
-102
-46
-70
-43
-58
-106
-42
-22
-63
-67
-79
-62
-21
-23
-97
-51
-32
-54
-4
-57
-63
-51
-89
-69
-16
-93
-19
-13
-40
-74
-25
-70
-68
-59
-46
-14
-24
-90
-79
-98
-63
-77
-74
-63
-9
-117
-64
14
-31
-65
-38
-26
-104
-75
-29
-53
-51
-53
-64
-69
-40
3
-34
-26
-27
-53
-88
-81
-68
-48
-71
-59
-27
-35
-71
-61
-63
-35
-65
-53
-42
-30
-67
-10
-67
-45
-67
-66
-92
-88
-71
-39
-50
-50
-59
-18
-66
-17
-126
-65
-62
-2
-12
-55
-19
-78
-39
-89
-32
-109
-23
-27
-31
-57
-50
-64
-61
-32
-97
-43
-5
-66
-68
-84
-43
-78
-30
-19
-43
-54
-64
-24
-74
-43
-71
-43
-65
-67
-56
-86
-43
-73
-89
-63
-46
-74
-42
-71
-47
-42
-66
-78
-35
-26
-30
-10
9
-33
-43
-55
-44
-80
-40
-62
-46
-57
-30
-55
-74
-54
-64
-7
-37
-36
-59
-40
-12
-40
-59
-118
-46
-107
-19
-71
-63
-37
-60
-62
-67
-46
-6
-9
-59
-85
-48
-30
-37
-53
-75
-56
-33
-31
-75
-42
-37
-51
-59
-69
-69
-69
-79
-54
-59
-111
-61
-76
-58
-42
-110
-58
-79
-70
-33
-15
-56
-75
-62
-70
-64
-49
-67
-34
-29
-59
-16
-46
-69
-58
-43
-90
-36
-85
-82
-41
-65
-33
-92
-60
-33
-36
-53
-69
-79
-66
-56
-49
-51
-74
-55
-112
-21
-50
-108
-58
-22
-48
-54
-52
-38
-60
-69
-33
-23
-44
-76
-40
-63
-53
-50
-53
-45
-50
-37
-86
-47
-32
-92
-31
-12
-75
-64
-30
-62
-50
-14
-46
-22
-53
-86
-31
-78
-50
-75
5
-16
-62
-60
-18
-71
-56
-26
-35
-46
-31
-75
-51
-101
-19
-83
-16
-31
-38
-22
-94
-56
-74
-19
-83
-90
-37
-60
-5
-25
-74
-43
-38
-20
-62
-97
-61
-49
-89
-91
-62
-73
-23
-39
-98
-71
-71
-73
-79
-51
-30
-87
-37
-13
-47
-42
-34
-68
-74
-47
-25
-65
-61
-93
-72
-53
-46
-23
-47
-27
-20
-18
-47
-68
-93
-71
-92
-69
-44
-47
-22
-75
-25
-19
-32
-114
-90
-33
-63
-13
-34
-70
0
-76
-58
-65
-25
-83
-57
-63
-66
-8
-72
-57
-33
-96
-58
-86
-53
-47
-38
-27
-90
-61
-11
-63
-47
-37
-16
-41
-87
-78
-57
-56
4
-63
-22
-14
-73
-44
-48
-32
-82
-37
-23
-36
-45
-18
-78
-19
-8
-87
-62
-87
-24
-38
-48
-62
-72
-63
-32
-73
-73
-92
-36
-70
0
2
-36
-51
-47
-69
-67
-35
-33
-54
-66
-50
-32
-40
-29
-44
-65
-55
-42
-33
-24
-118
-61
-55
1
-75
-46
-54
-49
-71
-67
-34
-11
-52
-48
-97
-24
-64
-31
-62
-67
-44
-15
-21
-34
3
-100
-84
-44
-42
-52
-46
-24
-105
-62
-26
-51
-53
-53
-47
-28
-47
-14
-19
-45
-59
-66
-20
-78
-46
-60
-40
-77
-44
7
-41
-40
-2
-30
-83
-47
-54
-73
-29
-60
-61
-82
-40
-31
-29
-49
-22
-47
-68
-55
-19
-75
-42
-58
-14
1
-33
-50
-39
-60
-5
-68
-38
-8
-25
-53
-78
-6
-59
-40
-73
-70
-16
-20
-98
-9
-34
-91
-105
-78
-66
-101
-61
-66
-48
-41
-57
-25
-97
-35
-46
-68
-70
-60
-62
-121
-60
-38
-11
-36
4
-56
-62
-66
-80
-13
-78
-23
-43
-38
-63
-34
-63
-80
-116
-98
-23
-96
-29
-56
-93
-36
-72
-13
-62
-73
-64
-46
-86
-30
-37
-57
-29
-57
-22
-65
-40
-71
-37
-31
-33
-60
-21
-62
-59
-4
-48
-88
-16
-79
-70
-66
-16
-66
-56
-11
-36
-40
-68
-46
-22
-67
-54
-42
-74
-29
-68
-87
-49
-22
-71
-71
-66
-70
-58
-35
-46
-56
-25
-37
-77
-27
-4
-30
8
-29
-59
-87
-28
-20
-2
-76
-73
-65
-85
-32
-47
-37
2
-90
-46
-56
-82
-57
-60
-32
-85
1
-39
-72
-80
-7
-114
-69
-54
-68
-50
0
-49
-15
-49
-87
-4
-17
-77
-58
-37
-26
-94
-79
6
-60
-62
-75
-31
-87
-44
-69
-33
-52
-48
-13
-27
-20
-63
-45
-35
-61
-123
-69
-51
-79
-66
-57
-56
-29
-44
-57
-41
-67
-10
-24
-68
-84
-84
-33
-35
1
-40
-30
-39
-10
-46
-80
-41
-94
-53
-60
-49
-63
-75
-85
-89
-107
-33
-38
-17
-54
-46
-79
-43
-59
-20
-79
-43
-19
-14
-57
-51
-49
-22
-13
-29
-66
-69
-50
-41
-36
-50
-30
-27
-42
-79
-56
-29
-61
-18
-56
-28
-6
-54
-13
-20
-27
-9
-78
-84
-57
-27
-85
-92
-29
-77
-62
-42
-27
-52
-58
-61
-51
-37
-54
-80
-13
-97
-33
-1
-97
-44
-53
-24
-35
-63
-39
-62
-71
-35
-36
-35
-91
-34
-27
-64
-13
-58
-106
-56
-72
-43
-49
-71
-70
-71
-22
-22
-29
-45
-56
-28
-42
-58
-81
-57
-61
-58
-90
-49
-66
-41
-39
-61
-109
-54
-65
-85
-61
-42
-57
-43
-73
-15
-9
-59
-1
-54
22
-45
-54
-32
-23
-53
-66
-13
-54
-32
-34
-85
-31
-46
-99
-116
-76
-70
-60
-78
-59
-39
-27
-55
-32
-58
-61
-78
-53
-78
-72
-10
-72
-69
1
1
-51
-24
-45
-63
-57
-69
-58
-69
-71
-44
13
-51
-50
-65
-42
-47
-44
-79
-78
-33
-66
-70
-83
-33
-55
-38
-37
-45
-28
-68
-49
-75
-15
-43
-53
-31
-47
-11
-91
-40
-23
-68
-51
-85
-62
-56
-56
-51
-35
-57
-31
-82
-56
-58
-34
-25
7
-94
-38
-33
-64
-77
-111
-57
-14
-121
-69
-41
-44
-52
-39
-79
-62
-65
-45
-14
-79
6
-48
-69
-123
-73
-59
-23
-60
-16
-54
-49
-35
-22
-30
-39
-55
-38
-117
-50
-34
-37
-83
-49
-16
-45
-20
-36
-97
-7
-39
-77
-36
-37
-20
-75
-78
-47
-53
-32
-54
-49
-33
-8
-58
-108
-59
-76
-29
-80
-72
-38
-14
-82
-53
-24
-43
-44
-58
-87
-66
-77
-51
-60
-41
-13
-30
-57
-11
-30
-43
-92
-64
-93
-33
-56
-69
-36
-70
-59
-29
-87
-97
-48
-45
-103
-20
-14
-74
-66
-24
-74
-69
-28
-91
-25
-94
-50
-13
-58
-51
-48
-62
-54
-50
-103
-67
-78
-36
-68
-38
-71
-26
-105
-17
-31
-50
-19
-73
-43
-39
-70
-37
-76
-65
-38
-23
-39
-49
-44
-34
-44
-117
-53
-72
-50
-56
-32
-78
-62
-49
-59
0
-38
-34
-73
1
-41
-60
-54
-54
-54
-28
-93
-63
-40
-75
-52
-5
-47
-32
-27
-60
-46
-48
-85
-20
-83
-62
-74
-98
-28
-80
-54
-48
-53
-53
-73
-52
-40
-14
-43
-55
-64
-51
-72
-32
-39
-56
-22
-80
-61
-31
-30
-30
-29
-88
-33
-24
-35
-61
-56
-45
-47
-83
-47
-59
-54
-69
-48
-71
-22
-73
-32
-82
-58
-69
-46
-54
-21
-84
-88
-48
-27
-82
-72
-49
-126
-51
-25
-5
-54
-50
-55
-76
-52
-59
-30
-60
-19
-66
-36
-45
-27
-70
-79
-51
-22
-58
-24
-25
-42
-49
-44
-35
-49
3
-86
-5
-52
-73
-80
-52
-99
-29
-32
-90
-47
-55
-49
-14
-62
-60
-70
-49
-46
-17
-11
-23
-90
-25
-42
-89
-72
-36
-57
-39
-39
-83
-24
-46
-56
-52
-65
-51
-16
-45
-71
-91
-75
-30
-70
-102
-51
-48
-30
-88
-35
-44
-89
-53
-108
3
-38
-90
-24
-56
-23
-42
-63
-33
-29
-99
-20
-106
-67
-68
-39
-100
-86
-28
-25
-51
-35
0
-40
-8
-37
-70
-69
-32
-2
-32
-27
-68
-24
-35
-53
-17
-66
-11
-91
-42
-69
-4
-45
-41
-57
-62
-51
-43
-39
-33
-25
-75
-77
-56
-29
-48
-58
-51
-59
-63
-48
-54
-52
-43
-71
-84
-56
-75
-29
-72
-22
-59
-63
-51
-59
-66
-78
-37
-32
-56
-56
-34
-44
-2
-24
-17
-50
-41
-52
-17
-69
-63
-64
-27
-27
-41
-30
-93
-36
-43
-25
-15
-34
-73
-58
-39
-47
-59
-55
-92
-72
-48
-72
-39
-23
-82
-39
-105
-24
-56
-47
-49
-49
-27
-20
-53
-81
-96
-47
-65
-94
-66
-83
-51
-85
-69
-43
-60
-60
-68
-56
-57
-77
8
-38
-27
-13
-17
-40
-40
-95
-66
-84
-54
-63
-57
-41
-27
-55
-55
34
-54
-37
-44
-86
-37
3
-50
-107
-20
-48
-77
-41
-64
-62
-74
-72
-54
-24
-39
-80
-37
-49
-84
-80
-39
-28
-4
-87
-38
-94
-66
-32
-83
-47
-41
-30
-35
-34
-70
-104
-73
-60
-2
-42
-25
-17
-60
-58
-53
-75
-13
-73
-41
-50
-68
-70
-52
-60
-27
-56
-65
-96
-23
-86
-55
-40
-54
-72
-19
-40
-29
-25
-38
-61
-83
-117
-9
-39
-91
-11
-59
-27
-61
-43
-64
-41
-23
-84
-80
-60
-49
-37
-54
-36
2
-75
-21
-83
-74
-36
-66
11
-61
-46
-71
-25
-55
-6
-66
-55
-40
-67
-33
-66
-76
-52
-20
-26
-56
-91
-16
-48
-50
-52
-34
-55
-27
-10
-45
0
-52
-27
-75
-2
-66
-42
-41
-25
-17
-56
-6
-63
-83
-20
-55
-39
-53
-33
8
-40
-48
-84
-25
-16
-86
-6
-102
-48
-29
-20
-35
-38
-28
-69
-36
-37
-31
-53
-22
-13
-69
-43
-80
-68
-51
-51
-35
-39
-89
-33
-71
-9
-47
-75
-21
-37
-82
-11
-61
-75
-61
-28
-68
-23
-53
-40
-52
-25
-68
-113
-61
-66
-71
-24
-64
-41
-52
-74
-41
-68
-56
-54
-74
-54
-33
-35
-36
-52
-85
-37
-51
-67
-87
-44
-73
-59
-19
-7
15
-31
-54
-75
-49
-82
-61
-86
-96
-43
-47
-31
-86
-29
-56
-63
-50
-6
-59
-32
-50
-44
-81
-53
-64
-46
-60
-52
-44
-55
-92
-36
-94
-43
-71
-37
-71
-37
-51
-55
-43
-51
-44
-63
-79
-82
-58
-41
-96
-80
-16
-8
-51
-114
-57
-48
-32
-62
-16
-4
-27
-41
-27
-102
-35
-60
-65
-75
-34
-86
-30
-85
-39
-43
-37
-66
-49
-69
-76
-31
-82
-13
-35
-64
-47
-35
-81
-104
-38
-69
-83
-91
-30
-27
-65
-74
-44
-37
-110
-26
-38
-49
-61
-6
-15
-39
-47
-44
-45
-29
-98
-15
-40
-121
-47
-85
-68
-62
-87
-69
-14
-43
-70
-40
-36
-32
-76
-88
-37
-96
-47
-94
-20
-30
-69
-52
-29
-30
-53
-91
-31
-76
-47
-84
-88
-23
-74
-59
-60
-9
-70
-79
-72
-30
-26
-19
-41
-63
-1
-73
35
-44
-52
-29
-31
-66
-37
-28
-35
-77
-52
-75
-107
-31
-94
-67
-39
-106
-12
-19
-59
-72
-35
-71
-22
-69
-94
-59
-77
-77
-80
-9
-88
-90
-14
-58
-22
-50
-61
-52
-64
-30
-21
-41
-60
-28
-76
-151
-77
-77
-64
-48
-51
-44
-62
-88
-62
-85
-78
-40
-73
-113
-29
-31
-82
-7
-9
-59
-135
-51
-51
-41
-84
-79
-70
-54
-36
-12
-34
-23
-8
-42
-70
-13
-71
-77
-94
-49
-54
-51
-84
-89
-58
-45
-55
-75
-62
-59
-107
-47
-85
-72
-15
-61
-94
-91
-57
-99
-60
-64
-29
-63
-70
-74
-52
-103
-59
-62
-66
-46
-68
-31
-33
-76
-70
-58
-78
-60
-75
-43
-89
-52
-49
-98
-68
-58
-58
-38
-52
-39
-9
13
-37
-11
-58
-21
-27
-75
-19
-4
-55
-33
-82
-76
-22
-58
-31
-11
-73
-69
-100
-25
-33
-30
-75
-53
-82
-87
-5
-82
-66
-47
-45
-47
-45
-60
-54
-95
-8
-79
-84
-86
-68
-24
-29
-17
-66
-50
-103
-44
-127
-52
-18
-89
-71
-88
-40
-39
-40
-44
-9
-16
-36
-77
-43
-50
-34
-33
-44
-62
-52
-2
-26
-51
-21
-64
-51
-41
19
-90
-74
-21
-66
-23
-25
-94
-46
-103
-22
-53
-58
-34
-58
-16
-66
-80
-90
-88
-93
-33
-94
-87
-66
-57
-7
-55
-69
-36
-43
-105
-97
-57
-49
-84
-55
-9
-9
-34
-13
-42
-58
-64
-84
-65
-48
-39
-74
-14
-66
-89
-37
-9
-77
-60
-70
-54
-20
-45
-66
3
-25
-55
-46
-42
-37
-25
-43
-51
-28
-44
-66
-97
-41
-36
-72
-84
-73
-33
-62
-33
-46
-62
-118
-60
-58
-57
-43
-15
-83
-36
-50
-68
-76
-88
-6
-52
-50
-10
-13
-58
-49
-77
-40
-61
-35
-53
-60
-79
-25
-77
-38
-74
-69
-62
-34
-54
-40
-69
-27
-36
5
-71
-17
-47
-56
21
-23
-96
-43
-40
-16
-47
-32
-22
-37
-45
-41
-58
-27
-92
-95
-49
-38
-91
-70
-53
-32
-22
-65
-98
-67
-54
-92
-80
-68
-77
-68
-21
-68
-40
-70
-22
-36
-25
-95
-28
-50
-54
-27
-53
-39
-69
-99
-60
-55
-24
-11
-24
-44
-49
-33
-73
-32
-68
-49
-52
-76
-66
-37
-58
-50
-12
4
-11
-39
-43
-51
-100
-1
-84
-72
-41
-59
-72
-38
-68
-51
-27
-57
-18
-22
-59
-66
-53
-39
-60
-45
19
-29
-22
-107
-47
-22
-29
-44
-38
-52
-70
-60
-9
-82
-79
-47
-44
-7
-54
-64
-23
-74
-77
-85
-71
-42
-75
-35
-43
-41
-14
-50
-57
-80
-51
-85
-57
-93
-57
-60
-46
-66
-72
-61
-80
-17
-48
-74
-74
-65
-62
-38
-27
-53
-18
-104
-15
-46
-14
-102
-19
-59
-64
-14
-95
-58
-56
-43
-33
-45
-82
-72
-21
-61
-37
-89
-33
-68
-42
-81
-23
-27
-65
-90
-30
-74
-26
-67
-45
-23
1
-35
-47
-50
-31
-101
-14
-83
-50
-10
-69
-72
-51
-78
-28
-73
-70
-45
-65
-20
-52
-12
-59
-40
-15
-69
-92
-17
-6
-43
-18
-50
-30
-22
-36
-55
-94
-27
-28
-103
-26
-17
-64
-69
-31
-74
-60
-2
-96
-20
-46
-39
-58
-94
-29
-68
-72
-15
-65
-22
-46
-27
-51
-84
-42
-63
-90
-63
-31
-72
-93
-99
-53
-33
-12
-49
-72
-54
-50
-2
-61
-22
-83
-76
-59
-49
-10
-14
-39
-30
-50
-29
-79
-29
-46
-45
1
-95
-20
-79
-33
-26
-70
-101
-66
-27
-46
-76
-56
-79
-91
-77
-33
-19
-57
-15
-14
-53
-20
-15
-57
-73
-64
-38
-36
-31
-21
-74
-49
-41
30
-62
-52
-51
-84
-109
-47
-50
-36
-74
-46
-73
-51
-42
-77
-32
-38
-19
-39
-50
-36
-51
-127
-34
-53
-64
24
-48
5
-35
-61
-40
-109
-79
-58
-41
-42
-62
-118
-35
-43
-18
-46
-74
-27
-15
-10
-76
-32
-60
-62
-83
-79
-54
-33
-92
-59
-30
-10
-57
-31
-31
-31
-62
-73
-62
-102
-61
-47
-55
1
-77
-53
-62
-78
-65
-57
-35
-92
-7
-63
-48
-67
-52
-53
-35
-59
-49
-25
-45
-31
-43
-17
-83
-37
-52
-99
-28
-33
-58
-63
-48
-101
-66
-27
-50
-68
-50
-27
-40
-81
-29
-43
-51
-46
-26
-46
-37
-75
-10
-27
-30
-65
-36
-36
-75
-59
-21
-9
-73
-52
-63
-30
-54
-27
-69
-34
-36
-46
-56
-61
-8
-53
-95
-21
-54
-31
-47
-49
-56
-54
-60
-9
-33
-66
-33
-48
-61
-36
-107
-98
-72
-58
-45
-38
-29
-43
-25
-22
-55
-39
-57
-65
-14
-61
-79
-37
-69
-13
-71
-65
-62
-81
-56
-56
-50
-90
-30
-87
-33
-52
-87
-46
-42
-19
-79
-73
-89
-78
-9
-44
-20
-60
-35
-75
-14
-44
-51
-85
-71
-52
-66
-52
-58
-48
-51
-52
-71
-20
-112
-56
-28
-41
-21
-9
-35
-70
-51
-90
-91
-104
-121
-74
-72
-53
-83
-54
-52
-68
-85
-63
-20
-52
-2
-57
-1
-83
-67
-72
-21
-65
-69
-49
-57
-46
-49
-33
-46
-48
-40
23
-52
-44
-32
-32
-32
-68
-81
-47
-35
-68
-39
-69
-16
-108
-4
-36
-65
-52
-57
-101
-81
-45
-39
-68
-24
-61
-85
-45
-30
-27
-61
-61
-110
-59
-20
-42
-7
-56
-59
-19
-60
-31
-69
-68
-45
-76
-7
-44
-15
-62
-76
-16
-57
-65
-68
-25
-79
-39
-59
-33
-58
-36
-77
-48
-52
-84
-19
-52
-47
-49
-96
-43
-51
-77
-63
-51
-63
-64
-48
-62
-39
-27
-61
-32
-91
-58
-37
-62
-17
-49
-57
-65
-77
-97
-74
-42
-20
-41
-65
-99
-60
-25
-54
-79
-25
-88
-54
-71
-91
-26
-72
-75
-101
-46
-14
-56
-60
-84
-72
-58
-73
-23
-76
-55
-19
-135
-64
-60
-22
-8
-37
0
-69
-43
-73
-29
-27
-65
-88
-86
-79
-76
-42
-75
-10
-33
-25
-43
-35
-40
-10
-24
-37
-59
-66
-20
-30
-82
