334
383
-80
-583
-87
-252
256
258
395
5
-151
11
143
-202
-358
171
219
-594
-30
281
410
-395
-71
93
205
-109
-481
264
-400
123
238
99
-552
-59
412
-172
16
159
50
537
-441
134
285
-611
-158
-388
32
523
-102
228
587
-507
58
-227
70
67
-149
179
353
-84
287
-493
-67
-282
168
325
272
-591
-159
-64
-209
-201
102
-100
282
367
393
486
384
367
180
232
-207
400
-93
28
-261
409
231
400
293
114
130
-290
-360
443
-313
415
-54
-60
43
-339
89
222
-553
438
-455
56
269
-619
209
198
-179
-491
175
-80
357
19
-36
-7
-270
-522
-340
-313
132
13
412
-62
70
201
242
376
-345
-228
352
-448
113
-65
-460
-22
-9
-22
177
307
370
46
199
16
357
-147
-408
-9
-297
-237
328
283
-572
-58
92
347
310
227
-135
140
366
197
-300
80
144
-479
-85
16
-245
40
-461
65
-700
-86
-151
247
331
-37
176
361
372
351
48
-594
-303
-292
-502
27
103
384
-211
354
34
-25
-44
205
10
473
609
57
-537
222
-579
339
180
122
-542
-176
-197
184
203
107
132
-132
320
217
-149
23
51
298
-440
-123
-146
-521
-153
-420
200
114
-256
43
363
281
-450
228
292
-30
-1
107
265
237
-587
-15
-387
-384
276
228
404
-150
-59
-306
70
178
393
93
33
-300
-700
136
-181
-346
343
-301
-475
-113
200
283
192
116
-228
-50
-239
-30
355
-92
451
237
-699
149
-210
340
255
-356
161
-45
-186
113
71
472
-351
-33
-269
282
187
103
76
152
-56
14
128
233
448
-104
256
190
-502
125
-458
-119
51
-96
281
-461
232
36
-346
188
201
-174
-17
43
-126
292
410
-28
-61
197
-228
131
-25
-274
62
284
-226
16
-207
129
-138
-420
-315
312
10
335
217
307
-563
289
-137
-345
28
225
93
34
-735
-507
102
-166
-247
-289
521
-597
205
182
32
-451
48
-15
-49
-135
-243
114
-313
-73
-157
-19
373
-48
137
-40
24
-254
406
340
102
135
-317
409
-208
-268
16
-331
387
116
85
-383
-54
-416
91
32
-286
-677
189
5
-539
240
67
-354
-61
-103
-363
54
-496
-371
-363
-571
30
-436
-127
-431
-20
-288
-280
59
-380
364
85
129
208
-384
168
-380
-173
-613
360
-48
-324
-80
-271
177
-12
319
-280
-90
292
-157
-82
-130
167
8
22
-298
1
-200
192
387
277
-319
-118
348
191
-139
-290
-98
-363
-249
-202
12
-188
382
-23
-66
448
351
-522
211
340
160
368
-473
28
167
362
45
-4
709
282
262
-369
-111
-10
362
-340
-325
245
76
-69
-222
32
354
312
-207
-711
668
335
449
-52
206
-394
-7
373
142
143
-263
182
295
411
-507
152
-292
231
-792
365
140
154
-363
369
222
-268
-35
-171
174
-505
354
170
22
184
-495
-214
-214
337
29
220
458
182
188
-539
-435
-355
-267
-108
-474
-186
362
-309
-289
-387
-344
300
-627
-42
412
36
304
346
314
295
284
350
211
-37
-432
-434
-282
140
403
-207
258
316
269
150
124
7
-493
125
-512
394
-144
648
-699
210
33
-265
-263
-38
-83
81
96
-483
196
448
87
-4
-229
110
-51
174
133
318
-28
320
400
-8
271
-693
-21
473
357
324
185
-373
382
-37
227
-54
-591
102
-231
-131
682
-241
-207
-25
46
-585
-142
-450
-330
292
240
-327
236
642
-501
-121
-109
86
285
-318
-53
617
132
-434
-279
176
224
139
-106
125
-79
36
315
-223
-515
-338
17
248
-164
120
12
-135
245
126
-414
488
-25
-624
-3
4
263
-449
-496
337
-61
-576
-208
142
436
274
409
-245
-571
-37
-85
33
87
-366
126
-511
326
-343
312
149
13
578
-376
-16
-615
427
-403
409
203
-325
196
275
-72
-108
251
-135
-392
-317
308
-551
295
-418
36
89
-7
417
361
205
-388
364
143
521
-130
99
-10
30
-170
-240
-168
142
40
539
342
35
611
170
279
59
-125
-111
-239
415
159
-628
240
90
264
143
-193
225
-607
146
-37
-248
353
-65
-22
461
-372
-605
189
-501
71
90
-78
327
152
-40
161
107
349
-292
208
-282
459
-518
488
-436
-22
154
244
135
310
44
-455
350
-410
-115
-240
126
-98
-615
175
-359
202
-112
-464
-137
403
-530
74
301
-177
-557
-553
346
-63
267
-591
352
-93
302
393
-151
153
207
273
-604
39
509
-389
3
183
335
130
234
349
-3
-573
-69
-644
170
31
342
-375
-619
-360
129
-282
146
-66
255
-93
335
125
33
-493
-108
-114
325
111
149
198
174
107
-587
-426
-115
260
257
-186
-125
404
-131
24
177
362
111
-180
393
377
156
-11
-431
-484
-316
176
168
-481
178
15
38
25
457
263
-468
-120
400
-26
592
224
-302
-184
-386
344
8
453
353
397
62
-489
-705
242
235
-4
-194
324
-128
195
138
-454
98
369
-459
-208
-23
392
-631
-161
-149
290
126
-609
223
276
-454
198
-547
-40
378
51
368
108
-395
-16
364
48
281
331
-66
-160
297
10
-263
60
544
-409
-210
-431
151
66
87
-399
-55
117
-203
-881
405
464
-333
274
-17
-280
-20
-501
134
-421
213
11
-296
22
402
133
265
-474
-235
30
-211
198
-316
360
-240
334
-126
-142
128
-246
200
262
-429
-116
388
-426
51
294
390
81
-415
209
-262
166
-609
-134
472
102
-367
-414
447
410
-217
-552
491
-683
384
-532
250
333
-537
301
-27
154
-104
251
-204
134
157
139
194
-4
-158
91
56
322
-223
-413
-103
-340
-677
-24
238
-483
-371
-352
-336
64
-472
-107
-67
256
-582
29
103
-536
131
32
-293
-94
-305
360
365
157
198
-314
397
-124
57
-67
85
-243
-563
271
-397
-145
-259
388
-332
-331
-297
229
62
-247
97
-115
389
727
456
207
166
-553
453
149
-63
-621
31
235
-309
-484
-208
-604
251
422
274
-34
81
-210
-324
61
80
290
-145
258
-310
344
531
369
-435
-131
473
-442
-498
169
14
-390
-121
-87
-59
-455
-389
-19
-881
131
155
-12
-17
-93
7
132
367
72
212
172
537
149
-154
105
-107
-502
32
518
-173
-519
-458
224
51
103
165
71
-179
462
404
30
20
121
-59
-126
16
-138
110
11
485
380
321
-65
-191
-363
149
-211
-361
44
-605
36
267
191
-383
617
-108
43
-375
-32
-161
40
-23
369
158
-258
-111
-22
137
137
-291
167
-245
235
-1
-237
-640
157
542
-55
-218
207
-308
-437
116
10
102
-317
-196
-479
162
70
-354
323
-61
387
405
-384
198
30
-363
-333
115
102
104
169
-345
77
452
-304
18
372
-588
194
143
-384
206
245
-419
213
-292
-462
-2
148
182
353
40
142
-148
-394
120
195
138
-146
-530
-183
412
328
260
-309
524
-68
131
-370
274
-275
1
214
261
96
168
236
-343
21
-199
34
-442
-71
294
239
12
387
146
-399
-61
131
378
195
393
-147
93
-393
211
-9
-254
-13
44
-386
-187
205
-330
-30
215
14
222
-146
231
-83
-811
-395
-314
87
-160
-113
170
300
-371
-358
-49
-141
-11
403
-429
-206
247
62
-273
-347
176
207
-117
-18
-353
178
412
420
-15
-374
473
-93
-221
305
427
370
37
23
-87
-351
-106
275
42
156
80
134
-117
-423
214
542
357
393
-239
326
149
-141
52
-535
154
-431
-7
-182
-468
-391
-53
311
273
101
198
-49
484
-465
-238
438
-393
73
-186
-269
-293
230
84
84
134
-1
-238
-245
178
-499
315
-535
339
-354
159
175
-17
-575
-338
-257
-478
-92
116
-505
432
-50
38
-57
91
107
327
21
374
256
-184
56
-76
-147
-640
390
-205
-161
0
8
216
174
120
-165
-310
-376
70
50
-367
274
241
-24
-298
-535
205
-504
-86
-120
-25
-358
-476
46
71
37
-239
-496
340
270
-906
427
50
-242
-202
136
188
-598
-309
-146
-355
-87
-57
-516
-15
122
345
8
-544
-447
316
-724
369
284
56
57
422
208
381
-153
222
-299
103
-432
443
295
63
-351
-155
-257
-111
445
-621
384
7
-136
281
-220
134
173
216
101
-26
-593
237
334
164
157
33
-227
415
-66
163
-135
326
-621
-337
154
14
-109
280
284
191
-133
-149
227
195
99
-512
272
-222
-121
-568
-20
-151
-109
-269
-235
335
-223
-30
96
-114
-329
-177
261
247
134
-272
112
422
-505
262
129
56
-176
43
377
331
166
285
40
194
-472
-282
479
118
-522
-230
640
205
-474
-100
80
251
306
-141
185
-372
-207
217
-518
-446
-460
119
202
230
-135
103
-193
-164
286
81
-29
-203
-147
-451
-494
66
161
257
324
-15
133
191
-43
-53
531
143
108
-644
118
60
-465
-46
-146
-119
-172
103
-84
-14
-343
207
-305
-458
97
-343
-30
366
-50
42
-199
125
-405
-468
-10
225
310
32
-124
-263
-92
26
1
21
271
56
145
-501
266
-72
-20
54
-123
-38
33
5
-257
241
-547
21
-271
357
-280
195
-529
-354
30
-583
-1
305
28
-4
27
277
-95
-98
90
-27
-120
71
394
564
20
177
-57
-119
102
501
99
-211
171
-134
102
198
-59
-259
412
-128
270
-26
-278
258
-51
103
-108
183
168
-34
-59
-571
-5
404
-156
-203
503
373
-141
-159
580
389
203
331
-114
-476
295
-616
-204
-112
-331
168
380
261
40
-81
-159
36
-28
-576
-332
131
271
-180
121
-463
234
-12
380
132
-232
453
139
-442
103
230
-108
51
-15
-125
-36
-222
-49
74
357
-462
-353
352
261
282
-374
272
259
-616
-338
7
102
-129
-433
-7
-437
121
426
-26
-292
-297
112
191
333
-326
208
-170
329
-217
-615
123
289
326
256
-110
48
-229
366
-34
198
-65
-555
87
69
-180
264
256
-123
18
-271
114
-326
-44
-295
161
586
-333
37
-183
574
39
-167
-473
-230
-515
87
-39
406
339
40
-585
-47
161
163
38
299
-263
13
305
156
219
-22
283
-352
151
-43
-533
-64
57
-245
161
202
36
-3
364
301
267
-314
-344
81
493
-524
-83
-8
33
-383
222
235
363
417
-570
206
203
-30
-290
-186
-77
170
275
-52
16
20
-861
27
-380
-20
-318
110
154
380
-86
-313
-263
-13
38
-80
239
-468
-131
147
-365
268
-2
39
-245
-94
-30
233
-406
231
181
56
258
-120
20
-189
-282
151
25
-314
266
264
-176
-68
-375
201
42
278
407
-385
-545
-322
-183
-353
-55
-383
10
-3
-49
265
-461
93
131
-70
-286
281
-158
-260
-571
-234
-436
-310
-13
-112
-505
-6
-85
-628
361
265
-484
172
-26
263
307
-264
42
-497
-273
-138
-172
43
-292
-83
103
136
232
493
145
-245
405
401
29
179
358
10
267
-31
9
-75
290
-481
92
294
457
132
257
44
285
315
51
246
311
-86
286
-22
-324
143
243
45
-494
302
-591
232
117
-729
-283
580
403
-103
-102
-584
501
-216
496
223
494
482
207
-52
372
296
204
3
-758
135
263
-97
-238
-268
-536
39
-38
-373
13
-388
213
287
-230
-57
-27
-504
-155
131
-208
136
36
-101
-562
265
-22
174
-472
228
-399
205
37
27
-98
-205
131
175
47
-38
-203
397
-217
35
324
397
-482
414
385
-170
-532
446
-152
-328
-52
172
57
39
-25
116
-711
-234
271
-226
377
73
-2
73
-113
-25
-57
300
-23
277
51
155
29
-217
362
203
-553
-378
-381
-155
113
227
75
297
-146
-117
230
-44
322
-157
-155
-414
331
290
29
-383
219
-68
73
38
-263
183
-374
183
222
495
-181
158
-418
389
103
208
279
282
179
394
-241
-199
406
127
-293
-353
-389
175
-117
248
-588
-11
185
238
-623
229
-906
277
-64
-29
448
-87
199
-30
110
416
69
138
343
-292
111
331
347
-8
-570
622
172
-256
500
125
-361
97
-281
-1
392
127
19
132
231
148
345
235
275
-20
194
-197
152
-416
340
323
191
90
-27
-475
203
31
76
110
288
12
190
-283
293
-349
-436
-3
325
-313
-34
552
-507
107
464
-698
50
-131
187
32
542
-361
-227
368
-87
-57
174
10
357
-735
-34
-462
51
-315
-59
-11
106
-254
-406
-68
-375
-152
-225
409
184
82
347
-167
321
-58
59
-471
-267
-217
251
156
178
-581
-3
-184
-160
-493
258
158
113
-464
-81
-62
-497
138
295
-487
-358
-483
-118
-184
-264
-14
-79
349
81
-578
-297
-461
108
621
-61
-231
273
215
7
11
-646
-501
153
45
-385
-498
183
-101
228
277
206
-281
204
-742
367
-700
132
125
13
369
-397
358
-472
-410
-543
388
175
227
-117
95
269
-128
-50
70
-25
-197
51
99
72
-362
-195
-362
-212
-429
143
29
-46
-5
-210
83
313
-161
-111
409
326
35
-80
-574
172
350
-405
171
-125
12
-563
-363
120
125
-5
-331
215
-264
275
337
199
204
597
-409
-44
182
-126
-54
23
150
-47
156
-530
373
12
199
73
254
219
-105
240
29
33
224
393
138
37
51
27
-368
-261
-56
-83
-166
294
-30
222
-509
330
334
-37
-58
-206
-221
176
-373
26
272
-135
286
-310
67
126
329
331
-232
143
-90
-106
13
140
-362
-133
350
386
157
317
234
-44
130
-528
-7
-194
42
-205
19
443
-681
426
-9
204
-275
-78
368
180
392
246
-560
203
165
392
302
320
241
477
-261
-7
190
-458
179
-441
8
81
-263
-34
176
227
-464
273
347
-33
193
149
51
227
-242
-186
351
239
344
-189
28
15
-129
-1
278
-65
27
-52
-147
51
-7
-249
-138
131
161
-7
193
368
100
-562
-58
136
-561
82
203
-400
36
-263
-254
-363
4
-204
117
-378
-80
-461
143
-214
432
49
311
81
121
129
50
284
211
76
-71
-215
494
-425
-27
373
-597
427
-537
-234
-436
-429
19
-24
-432
1
-196
84
-200
-629
-37
6
81
-667
-435
440
18
-90
-472
-290
-600
-230
-478
145
-263
-190
640
-140
-349
-438
159
236
174
-303
133
-177
-542
179
-87
21
-469
-123
171
214
-64
31
24
15
-86
-147
302
-71
56
-130
331
-92
223
371
46
-255
337
-83
-157
180
-505
69
368
299
144
213
257
266
-135
207
233
-37
-16
329
-50
80
89
-65
184
73
275
-227
7
13
72
-82
-235
390
-186
125
242
145
341
-90
-535
20
-638
115
-360
-367
-598
-481
-245
308
52
257
-364
-54
-400
318
19
180
343
498
-382
328
213
92
-486
473
461
49
-78
-5
48
37
-516
78
-32
313
-303
280
4
275
27
271
-152
-279
-667
89
328
107
-96
223
-173
-322
328
302
310
256
162
206
-17
-607
-196
-203
79
6
-20
277
-70
-105
-2
300
-174
-494
-227
-459
27
-45
408
-361
171
38
6
338
297
-489
206
214
363
228
69
87
288
-75
318
-86
176
-269
-409
37
250
-370
-69
321
-397
-318
112
-76
-542
61
306
-451
170
81
-331
446
-28
-110
286
276
-125
201
360
303
33
-91
-122
76
230
84
140
-235
32
261
-38
-179
328
194
-571
298
323
-507
176
182
76
12
-67
-194
-149
461
-571
171
-31
-429
-402
32
464
345
354
122
205
-72
-5
318
-426
290
373
-396
-396
191
-114
93
35
-431
7
295
-216
301
275
293
-35
264
-501
521
509
470
206
97
-505
544
308
-212
-414
-25
255
426
238
2
-365
-383
-318
89
-395
43
-395
236
230
359
-724
47
117
457
347
-103
323
36
284
12
152
101
62
-129
153
-507
-67
-332
201
258
-783
111
-317
204
-168
-243
-159
-118
-71
-165
-129
38
221
-299
-16
337
-440
233
-288
-149
-95
185
176
-129
368
-173
28
-84
-92
193
285
376
181
461
-555
-31
79
357
-52
320
244
-43
293
-432
48
360
-3
46
-1
-75
88
272
250
185
-215
-170
266
-22
-276
162
-310
-14
-387
-135
-429
-388
82
64
166
494
291
368
200
290
385
-194
290
-190
343
326
11
226
-258
-355
-394
447
-419
-451
363
275
-176
-436
-224
308
-222
240
-660
143
-79
-205
-266
36
400
451
348
-195
-219
-13
-83
75
364
308
233
-474
0
-145
86
-80
-587
303
586
208
312
410
344
-217
385
-427
7
445
126
-275
165
267
55
125
-386
126
270
125
495
-158
218
362
-458
12
66
-305
-537
143
508
174
121
145
212
-458
-22
-309
33
-656
255
240
-296
174
229
-331
165
354
-316
-235
-471
-581
-235
216
37
-51
-70
228
-246
239
-272
113
-11
-294
-147
293
-22
-331
368
418
37
310
-522
-537
-409
-410
189
284
-261
-276
-84
-171
393
290
-25
-20
-98
159
-135
-463
393
378
42
-289
-223
-611
-416
395
-23
8
-123
78
-600
183
36
297
284
-12
-220
380
243
-640
391
81
233
-418
306
-125
391
-497
165
27
287
181
-276
109
78
-360
-201
-85
6
342
21
194
400
256
292
210
-303
223
-199
134
61
300
-98
393
-22
228
212
111
-178
-61
-13
17
215
-63
-65
231
-179
186
6
277
0
-612
164
-353
-304
-520
256
315
105
-218
-197
-340
406
-337
-69
-108
121
-371
51
166
237
30
-163
-3
-346
-296
-484
-66
76
-533
-188
158
188
28
-209
-37
115
273
-563
126
390
264
-304
128
-121
71
722
-111
539
96
-373
216
-176
-271
-331
176
-373
-502
-374
-70
170
70
-243
275
228
351
132
39
-317
-285
-268
275
-401
69
-110
60
-630
144
-188
-365
365
448
175
0
109
-290
170
-108
378
-54
1
344
182
386
6
153
-552
249
-571
-466
152
-507
-613
-131
-265
-36
-103
-355
-25
337
237
-310
-378
-133
-172
77
176
179
-501
13
454
-276
-31
104
311
69
213
-87
-225
183
-349
-631
-203
45
15
-90
-39
255
-330
209
-145
142
154
-329
-410
-56
166
184
154
357
-222
-226
198
-497
100
119
-287
-19
44
-127
452
401
-103
9
393
414
-55
390
205
218
-6
39
300
-458
-375
-742
-12
-298
275
-411
-198
-235
-43
20
78
20
-312
161
310
2
138
-576
-135
145
185
-66
-508
48
281
21
274
-420
101
-54
70
658
158
325
126
193
-301
-376
-64
44
42
-324
128
-455
285
374
208
12
89
-15
247
-508
108
314
-48
61
-496
70
-281
-416
82
275
95
-216
-257
-488
259
-426
46
66
387
336
345
378
16
78
-305
228
138
-26
-271
-248
-312
-114
310
-226
-378
103
-119
-98
-70
-553
272
171
-437
-98
302
146
-631
191
203
74
367
-402
277
-297
-395
68
192
-25
2
233
-206
127
327
357
102
249
-659
112
426
88
391
216
46
145
-212
110
-397
-27
168
-234
324
27
-299
-289
374
82
-182
-194
-116
122
452
0
-226
-340
-299
-475
35
297
21
-577
-170
-193
347
337
-95
256
46
326
-34
-98
-37
-30
390
365
324
303
-407
38
257
25
-640
298
-120
-64
167
299
-54
-79
446
-336
185
29
576
235
-87
-34
101
-248
59
-264
-444
-461
-216
-20
-508
155
269
277
106
218
20
64
-243
-184
63
94
57
294
-509
-190
322
734
-25
-65
-80
385
-307
-34
-413
21
-453
-38
398
81
16
227
153
54
323
-204
-526
-50
116
-336
-123
-333
114
92
42
484
-619
65
-95
346
211
34
-118
25
-340
-440
193
378
-394
321
-111
-677
389
167
-45
-342
-94
137
166
204
39
-271
127
110
-140
-85
-103
135
-213
-11
214
353
174
-25
-83
-28
-92
-330
256
-598
-275
185
149
16
145
-343
-508
277
-179
246
-501
397
-83
-16
-96
-385
4
246
209
318
3
128
98
-23
-489
110
-80
80
245
16
250
-80
443
182
335
202
-184
246
-174
168
-228
87
396
-531
25
-241
-27
-289
-235
-615
-271
288
106
-276
227
-361
-370
223
-811
-161
50
-420
95
-327
-310
-97
204
-135
518
128
40
-87
-157
357
103
177
-117
-439
-45
497
73
265
-151
-3
397
151
31
196
69
269
-322
101
-388
110
-261
15
140
-461
221
138
341
-235
25
-65
235
11
37
-184
125
-374
75
181
261
-76
188
-370
-157
121
156
166
-482
-357
-294
51
227
-533
145
-103
-514
50
431
-9
393
225
-347
-154
376
-431
223
-66
220
-69
-605
8
79
86
-161
-57
-162
-87
235
-357
302
64
-231
-113
-10
-193
153
166
73
5
321
385
-502
72
-235
145
128
393
295
-432
375
18
-389
-69
335
6
122
462
19
53
174
-34
182
-55
-217
-77
171
311
144
-418
285
-28
157
-247
-146
46
-276
-50
133
222
134
-221
70
81
7
-10
127
-176
347
-269
-268
-37
64
202
-45
94
398
46
0
-518
-432
136
344
414
261
201
578
-36
-327
108
-383
400
-272
339
198
-262
55
-386
-60
-448
331
-23
285
122
62
170
-105
297
-239
-3
-124
54
-239
362
-16
95
-3
7
303
146
404
-251
325
-83
294
-249
179
29
-107
228
-261
-441
-75
-308
-34
-212
-43
13
389
-284
363
-316
337
-121
-66
110
-118
166
611
-159
-115
276
-288
205
-73
-38
-55
300
-359
-425
-197
279
43
171
303
319
479
30
-527
60
78
343
383
-47
362
81
108
11
111
-382
-361
32
-15
111
-208
341
-19
-128
-4
236
81
28
35
-547
-215
189
386
219
-516
330
-273
204
84
-378
-526
7
196
-210
143
-57
96
16
71
91
16
215
196
64
62
337
340
-18
-159
-431
164
-463
218
44
-152
-105
-188
-356
384
38
27
-52
-84
334
-158
231
183
351
116
-337
223
-197
-70
324
45
-396
197
384
365
-184
86
105
124
380
404
-144
37
299
-67
326
-217
-414
110
194
-105
-245
72
352
375
162
267
190
-91
251
219
-690
-281
372
393
-13
5
70
-598
489
427
251
238
417
-422
-318
388
-532
-228
378
152
-684
-147
133
-357
368
14
-501
-17
-187
-114
218
-524
-289
12
-238
208
-55
145
7
-315
107
477
349
-26
163
-415
-22
-432
-638
279
-390
219
5
-26
-34
93
457
299
-130
266
331
121
-106
-135
207
480
235
-261
-512
66
-377
245
78
327
112
-415
103
222
-624
-486
262
295
-317
106
181
449
39
-387
272
-216
157
59
47
68
225
-214
48
-100
-211
202
-74
207
-436
282
-64
59
170
-48
-358
235
367
-271
-84
-121
217
209
-223
-400
-356
234
-132
87
142
-12
104
185
375
184
245
327
-73
12
112
353
313
-1
34
-420
-309
8
293
-23
227
-106
432
-420
-227
499
-64
38
-199
32
-381
-13
133
298
106
386
106
-167
-619
-322
126
487
61
79
-281
-169
13
113
-265
-255
-441
-9
62
-22
-486
-79
92
-303
61
-71
240
-299
303
238
105
216
-351
-268
-508
500
-4
153
172
323
420
-479
133
380
81
-416
78
322
-298
-51
-558
54
244
-204
183
51
11
-595
255
206
44
73
-257
285
-483
-496
-463
212
-615
-105
131
-211
396
-313
80
384
245
282
333
14
-288
-137
-320
-560
20
135
-108
-271
-395
-265
59
-109
107
209
-144
39
-282
-537
-238
-508
-371
-403
587
227
179
-151
-493
243
56
179
-452
-1
265
51
166
-304
-162
113
52
-473
311
113
-15
-312
191
-230
127
95
-629
-245
-204
237
197
-583
114
321
-322
-28
208
20
391
-526
87
185
2
78
411
323
93
-126
-103
-264
373
-59
-20
374
42
382
-93
403
-24
30
614
373
-453
383
40
196
8
55
358
-410
-532
-111
447
-93
-63
437
30
284
249
77
44
72
-187
-38
82
328
-434
204
-493
-170
422
-376
30
349
-271
-162
-259
-503
-636
-219
-473
-71
592
-333
25
-400
77
302
-232
-556
126
20
17
183
-296
-6
16
-324
120
-426
183
-263
319
176
140
232
-65
-322
-59
-142
159
-61
183
-570
-433
-268
-56
-23
323
243
110
49
236
241
-530
204
-231
297
97
642
286
176
-545
-9
-26
-506
490
113
-232
-259
-497
-144
-31
-185
-184
152
120
-216
-74
-532
-479
113
-366
347
-431
-72
-633
388
-17
7
148
458
129
59
390
277
-322
-275
-49
170
176
70
-497
-411
-83
-70
140
59
-18
-116
33
225
90
-435
-334
126
-446
109
-49
28
170
-249
344
176
-363
266
-616
171
-197
100
453
115
-121
-502
137
103
172
80
143
137
152
-276
302
-306
203
41
-78
152
43
-26
-415
47
294
282
-286
353
235
-371
-13
-451
-38
250
-115
95
45
305
5
-524
12
-57
110
66
-125
-457
-291
0
-376
23
-32
245
140
-11
-323
-212
-123
-512
-230
-535
-132
-446
269
171
19
208
-247
-150
229
-264
206
150
370
-86
338
-79
-128
214
-4
-19
-228
393
-223
197
-544
-374
350
69
-118
-77
182
253
-198
264
-315
310
103
27
281
-304
-14
-68
314
-216
-583
-132
-230
-8
145
-173
486
621
-181
-28
166
-127
-96
93
-572
-362
163
492
368
-449
-83
217
-75
307
275
-252
-616
293
104
-133
-497
-247
-351
-212
-609
-10
108
58
-216
12
-582
403
-237
-191
30
331
126
-83
-106
-374
229
614
126
-391
143
24
-148
309
-134
179
304
-621
200
106
114
-187
-25
-359
92
-221
20
-63
190
-227
51
115
-222
-344
459
180
346
310
-314
227
-659
308
-11
301
271
-198
283
-331
296
-332
-31
-35
-677
-50
-28
-54
-285
224
-419
166
-171
334
230
14
-150
-308
453
-161
404
-223
37
-197
-7
-13
-116
162
-171
35
-3
-291
173
386
-5
343
480
37
-488
-174
274
-193
17
-65
143
351
47
255
301
300
-36
-381
47
102
357
427
110
-431
-426
-287
-574
161
246
213
-544
334
226
-488
243
286
-58
-631
47
28
275
33
302
-25
-192
264
-303
195
139
-83
95
-395
223
118
383
-147
-33
292
-61
-255
127
129
-391
-78
-413
174
-119
110
93
-16
137
-472
-106
336
-287
-401
-677
-183
-237
392
-223
-262
-677
-69
326
-57
137
208
295
-352
-272
298
338
-564
-138
-459
326
-405
-552
-55
-47
-613
318
316
228
129
22
-522
163
-173
123
207
-318
-100
3
69
295
-177
121
-106
-315
439
-181
-273
19
-114
-286
-30
51
-450
-129
-235
25
-30
-410
25
359
235
336
-165
-310
433
-104
124
-27
-76
-340
-145
283
364
-325
103
23
-522
-517
-22
-539
84
161
235
27
-278
-45
42
352
73
-18
174
101
-3
247
-198
243
230
-353
-108
260
279
294
-1
-293
-289
153
-1
-64
271
162
552
-531
-190
263
-289
-144
-196
186
41
109
-36
-357
55
-381
126
-68
30
-360
500
452
-169
136
-84
-659
231
101
-532
-317
365
734
82
165
211
-390
11
303
-487
411
228
-588
-356
88
195
-287
608
-124
-174
255
427
222
360
13
201
-222
-453
-133
216
324
-268
-247
-354
513
179
-407
-708
-470
294
180
-85
121
-15
-194
181
-419
-514
370
-129
349
-98
30
163
43
36
-171
-83
81
269
168
-219
215
468
47
160
-430
304
128
-506
-282
62
179
115
0
190
-140
-159
-5
291
-81
-613
50
50
-542
-263
-131
-381
344
330
191
38
325
-137
-207
-204
249
228
306
-405
373
-239
-538
281
343
298
107
96
227
335
-281
294
200
69
31
258
-488
-371
396
-451
63
-420
-15
109
-380
382
-385
-186
-121
181
335
122
137
-75
397
-31
126
-250
-32
406
-384
362
178
-78
-420
7
203
246
212
61
281
-427
-44
301
-101
-351
-274
77
25
-394
-475
415
73
-104
411
4
-363
178
-118
-78
-183
-155
-444
168
323
-327
233
37
-318
-173
31
-144
158
266
161
-119
-300
-561
-61
257
-73
54
-76
389
275
2
722
187
129
140
-131
-444
-439
-343
-210
175
108
-434
-96
437
-59
180
298
72
-493
-481
212
-532
-466
-225
367
257
14
142
-130
-600
-234
189
-45
212
21
360
27
-453
-94
94
-395
123
-87
-31
-105
81
343
-31
-381
368
416
-194
-34
157
241
-304
-111
-232
-229
121
-53
-507
-616
219
201
-125
-459
42
-92
-173
142
60
-87
-613
-25
-464
-176
-154
-289
400
19
395
257
-136
382
-83
-273
-458
-470
201
-346
129
-278
34
132
140
155
-114
403
-237
109
219
331
5
110
10
-324
81
-64
-348
225
-574
77
-456
92
-516
212
-549
-138
-194
-227
-538
-30
-486
182
-376
114
-414
-494
30
183
-54
-168
23
-304
43
51
86
367
0
-196
-16
396
-32
216
235
-441
-565
-270
-335
-9
448
194
-605
-121
-330
352
323
35
-287
-220
-293
51
92
-584
116
-35
-324
35
-90
249
-391
96
208
-539
118
-568
-318
547
-33
408
-23
-65
50
-382
211
30
-529
-30
81
213
-440
-92
-249
-270
212
234
131
89
-293
174
-348
158
233
-152
-415
181
-123
38
-369
78
58
31
622
324
377
-307
246
357
-537
-484
184
237
-158
-429
208
-116
-149
-385
15
150
244
-126
-232
256
203
-135
26
-487
6
-97
199
276
-56
256
-258
208
106
265
121
214
145
-121
76
-595
131
238
-297
-237
-44
5
-49
11
92
167
-61
-204
-32
-270
380
-130
-90
-68
-252
360
239
115
447
-371
-1
31
296
-186
94
-345
201
73
-85
143
-16
-43
81
183
-142
187
251
404
201
-282
89
207
-171
124
-273
216
168
142
257
-202
-244
46
349
19
-312
92
43
-258
-330
160
60
-395
-388
-204
-28
30
-509
-516
124
389
183
-377
-145
-492
-207
272
188
-229
-424
272
-204
205
-108
-221
13
-407
47
310
-304
-504
111
227
-196
116
2
117
-693
-196
137
-328
648
-213
102
265
-86
117
251
-118
4
-108
245
-526
61
-527
23
-681
333
122
240
-112
76
109
-735
47
39
576
199
-103
114
-133
-518
345
-20
243
-418
5
-135
207
195
-621
206
213
-446
36
-11
179
-7
491
171
10
-380
418
106
290
194
-109
-249
103
402
411
-299
-391
86
-275
268
157
-316
-59
-73
-9
271
-72
140
-129
157
-351
-442
118
-198
-13
-19
-211
-57
-427
52
144
-118
23
-72
-262
227
185
-184
436
234
107
290
384
-141
233
-144
473
-413
402
196
-191
14
-391
10
176
-1
2
-151
-25
150
-389
241
186
186
-496
63
262
-237
267
30
215
-31
170
-524
-306
78
114
-472
-363
222
133
340
-128
-498
427
319
-426
6
-199
210
-440
194
-347
51
-564
347
37
-227
256
69
431
185
69
165
428
99
257
-123
17
-412
-117
-436
494
-121
86
195
316
-325
376
-193
280
-273
303
-495
39
199
279
105
330
240
164
-207
29
-214
-187
373
-100
107
-264
176
216
418
90
-309
115
412
-187
-71
-148
439
102
-25
-42
-160
499
39
-536
342
-146
22
-156
-449
70
394
283
308
69
277
102
10
-140
72
243
485
-90
-473
286
503
61
-26
36
-127
136
-235
-621
31
250
-255
-20
-13
70
-92
179
-293
8
6
106
116
142
-549
84
618
294
-300
-171
-575
72
-31
5
-464
35
317
633
-514
69
159
-415
-318
-248
-4
-141
-76
191
658
447
232
78
148
-70
-572
69
-159
132
-229
-314
-334
-220
-221
39
240
-352
-447
-342
-38
218
-113
183
319
19
57
186
-337
227
107
-267
-238
-628
270
334
-272
143
99
-420
288
-473
135
-492
-440
111
166
-659
-551
157
79
205
-46
-399
-463
-38
-178
8
33
94
-684
334
443
-49
-183
27
7
104
147
215
-521
61
205
-455
51
72
385
317
-621
-464
471
346
189
-61
-66
353
-58
-660
125
284
135
100
-407
208
-115
128
-154
387
80
-383
281
110
-511
167
300
-319
-158
-10
110
154
70
164
363
-8
-175
-365
-537
-505
406
-371
210
178
324
205
173
-318
-260
-395
-3
-512
391
16
-231
-319
156
286
-74
66
-92
-532
-105
247
6
246
256
-300
367
92
276
-58
-455
266
-493
312
-122
215
-493
-403
-87
145
-21
64
-38
239
149
123
-406
59
89
492
-58
-114
121
26
-107
39
154
-569
294
246
-1
121
416
-302
143
-334
156
73
232
-208
232
154
-395
-225
-175
291
116
-19
-139
-512
-74
-56
351
-368
-519
156
12
542
201
245
-68
49
-330
172
-23
-783
-239
300
128
-220
46
-406
-72
-206
160
-19
-196
-30
193
-393
149
268
15
-469
-161
468
-432
188
330
-37
383
-60
-431
-436
314
-841
-115
-71
318
-292
-363
308
-519
-501
286
276
-519
188
-244
70
200
-197
212
-215
61
116
275
122
498
402
35
-113
152
-451
-261
329
155
109
93
-44
82
-364
175
-200
-336
220
220
-298
320
-288
-700
-284
-229
395
416
-132
64
299
-157
-314
-284
46
157
298
144
-410
-83
-19
-539
-185
48
-551
28
-156
422
-501
70
-130
46
-88
-108
-351
-605
-15
389
-138
40
-324
-615
-15
443
345
10
-103
212
304
-292
251
37
428
195
-117
-161
-11
-118
235
49
374
342
224
-85
-416
169
-566
