14
-4
-28
-38
10
-39
-52
29
-29
-24
-15
-2
-52
-19
-6
-11
-17
-31
-24
90
47
103
46
13
53
34
3
-16
-110
-4
12
-45
85
-42
-5
27
54
39
4
70
19
-96
45
-66
-40
-19
66
-78
-30
-49
-69
62
90
-62
22
14
26
88
0
35
-21
-31
15
21
0
87
-34
-22
11
-49
-31
-30
-42
-2
49
41
47
101
-5
50
19
101
14
-57
-93
-12
-36
-22
-14
84
26
-29
0
132
26
18
16
-47
36
47
-45
-31
-7
44
1
-22
-42
3
51
5
76
-9
21
121
-19
48
1
-33
0
-12
45
-51
-22
-48
15
-5
-37
-4
41
67
38
17
-15
13
54
-77
-11
-57
-32
-46
-48
-63
96
-12
-15
48
11
-87
46
47
-9
-11
-75
-19
21
-29
41
26
13
21
43
3
25
-9
3
65
57
-31
50
20
-58
29
-31
-27
74
36
-9
-6
13
3
-56
-32
-6
60
-37
-4
-28
-19
-8
6
84
41
-16
18
-26
-4
48
75
16
-24
-6
-93
-20
-34
78
66
83
-20
37
-12
-22
108
28
-6
-75
97
64
1
-11
-6
-20
-9
61
-77
75
-17
-12
-51
-68
-1
17
-22
49
-25
23
-58
27
13
-7
82
-16
7
-3
-38
74
46
70
31
-55
3
-28
-23
80
-94
8
-60
-22
35
-39
63
-41
-29
-2
111
-35
47
-37
38
-15
-45
79
-49
-8
92
-63
-33
39
-28
-81
-52
90
36
121
74
71
-41
-13
21
31
-39
38
168
5
-43
29
-31
75
-17
35
19
21
-8
-67
-8
124
-45
-63
18
6
15
11
-14
-1
8
39
-2
52
9
27
44
-90
101
0
37
-33
-5
-27
37
-1
58
-28
-25
-36
35
-1
11
-13
2
-34
66
21
34
-7
6
89
54
-27
122
-35
-83
42
56
-59
-12
70
-7
-22
12
-38
27
22
23
-35
38
41
92
34
3
-4
44
-57
13
-52
-60
4
-6
35
3
-4
52
-38
-24
19
11
67
7
17
38
-30
80
103
-7
-22
11
33
-10
-45
33
26
-24
11
38
10
23
52
-43
-10
-28
9
-117
-16
4
-16
12
18
-22
16
10
-2
3
3
59
50
12
31
14
2
14
-30
27
17
-20
8
8
50
-20
16
26
29
-50
2
9
-27
0
-22
28
97
-50
-5
61
-49
-30
3
22
20
-13
1
51
11
75
-6
39
4
-10
53
-18
-49
16
-86
75
-55
21
43
-4
-62
14
24
87
-6
-23
26
-7
65
20
16
114
-12
93
-6
-14
-7
96
-27
43
-21
54
109
25
41
60
29
-37
16
-37
7
-31
-20
10
30
83
14
-11
10
1
-7
41
-31
-29
-15
-44
16
-119
29
62
4
-41
-48
44
-4
37
12
63
50
-61
33
55
-69
-33
39
87
68
-17
45
-4
9
-49
-21
23
-4
-42
5
19
15
21
60
-10
71
55
44
1
-14
-108
-61
-40
86
49
7
70
-73
-2
-16
-43
13
-25
34
51
69
62
40
36
-66
-18
11
-4
-70
-64
117
-45
0
-27
34
-84
1
-5
39
0
-14
22
7
-33
34
-49
17
41
-40
-54
-52
-40
47
20
7
119
36
67
64
-4
-26
65
24
43
32
43
-6
-55
-49
6
-80
9
-11
39
59
-7
-21
34
-83
-49
19
-33
17
32
21
59
-8
-17
22
32
16
0
45
-94
-1
74
60
-27
-3
53
42
-24
35
-31
50
12
120
45
70
3
38
-1
-43
-71
-5
-6
-2
44
82
9
88
-2
-34
47
-22
116
-67
53
56
-12
-67
-35
-24
-12
32
-37
6
-71
77
32
-11
86
-95
24
2
73
13
30
77
67
12
54
-28
28
2
-10
-24
1
16
-34
13
-5
-6
-16
49
-1
10
34
29
-11
1
70
-35
-13
-50
-27
-5
-20
8
-90
131
-38
-67
26
4
45
60
72
19
117
1
63
16
-19
38
-5
-44
-100
54
-40
34
-43
-5
-27
-48
-3
53
-42
28
-127
13
-76
-72
24
65
64
33
90
-7
-50
17
52
44
-3
36
25
-55
22
-37
2
-44
16
55
46
68
68
19
-2
-71
-28
46
-55
-2
105
-97
-1
63
28
-66
-47
81
-21
113
-14
-47
26
-17
39
-112
17
-53
-17
73
51
18
53
-11
43
63
38
-60
80
22
-59
-27
-3
43
53
21
-3
-15
-49
-16
-61
25
50
7
-27
-94
-29
38
41
-81
-30
-10
-5
17
14
-27
-57
10
-86
2
-32
-8
14
44
-30
-8
22
-9
52
35
49
50
-23
12
-47
4
1
78
-48
-5
-10
-26
45
29
-26
36
-16
0
-65
24
49
-19
53
21
10
6
-31
22
-48
-56
-6
18
11
12
-43
45
-28
-119
83
-50
-21
72
61
11
30
69
16
16
-75
-45
-45
18
-53
29
-15
73
-4
21
-18
1
-1
41
16
-20
-40
-45
-25
-26
-1
-27
-1
94
74
-24
-4
106
-3
-46
32
1
51
41
115
4
40
9
-60
6
-18
-11
-76
118
5
-21
50
-26
103
14
65
-3
14
-38
-1
13
31
67
-33
61
-59
-42
92
-4
-54
-33
126
18
94
-49
-26
20
-10
15
19
-7
-12
-48
-1
8
-66
-28
17
-93
-22
8
33
-13
-24
49
-33
-29
-29
41
-43
109
-10
-78
7
45
52
46
67
52
87
17
35
2
57
55
-16
77
29
-44
10
-31
-43
34
27
39
13
24
-4
-22
-32
-39
-18
-55
42
-106
63
87
-46
23
-47
98
34
28
19
7
131
-24
-34
-38
31
46
73
-73
59
45
71
-38
5
8
-11
-110
12
38
45
-86
44
-1
-5
0
18
-34
8
-50
-2
42
40
-3
14
36
-63
28
18
25
-36
-44
-14
19
73
24
-38
41
23
3
53
-5
74
-23
6
60
43
39
62
-6
12
-43
-3
45
-16
33
-54
-19
44
-54
15
-17
-33
22
73
28
-23
-19
-22
-4
66
26
-63
13
-66
20
15
-109
89
4
32
-34
18
16
-55
9
-40
55
34
78
52
47
72
-101
53
-22
66
29
2
20
3
-66
-9
62
-7
51
16
1
-27
-1
23
-93
35
11
24
23
-7
56
35
85
52
-15
-49
38
3
-59
-17
97
66
93
65
101
19
33
-6
-35
48
76
-24
-38
10
-38
-4
12
28
-50
-26
41
3
56
87
-89
38
-16
56
52
7
51
35
-58
-88
10
45
100
-41
10
0
25
-8
-16
59
-68
-56
-97
-28
21
-64
28
22
29
-26
-2
-64
-4
29
-55
-38
66
-2
38
4
-53
52
-14
-33
69
0
-31
3
8
26
68
-41
-75
-3
41
14
98
25
55
51
-12
15
-22
14
38
98
72
-22
-37
-17
-39
57
-22
-19
-59
53
-23
17
19
8
29
33
-49
-5
-28
47
-26
-7
5
10
-90
96
10
-8
7
33
66
-40
-95
-13
18
42
73
10
34
-8
36
30
-99
-49
-91
6
-9
19
-49
-75
-54
-85
0
-72
40
56
-5
-8
7
29
40
67
76
6
-24
-30
-72
28
12
-13
22
21
-19
-12
69
44
-35
67
26
15
-5
-37
-42
19
69
2
-18
101
-62
55
36
24
78
62
-7
87
-22
129
-37
43
-33
8
-53
-1
25
9
25
-5
28
18
38
47
-25
-59
-22
14
15
19
-31
-38
-25
33
-78
74
30
-16
-37
4
4
7
-3
60
-72
-10
23
6
-98
32
-42
4
35
0
-8
45
-4
62
28
33
9
15
-34
-50
30
-7
-52
11
-25
7
28
3
15
80
5
5
66
-13
20
21
10
13
-27
-3
-11
-19
-3
146
-44
-1
-32
11
-38
8
2
122
37
-22
-93
-29
24
44
27
21
54
2
50
14
0
26
48
-31
15
9
-13
-18
-57
21
-14
-76
-18
12
8
64
11
32
35
45
-54
-19
7
-38
-38
-19
-8
35
-28
100
-18
-13
30
-28
100
-27
57
20
41
45
-16
-17
113
-26
25
32
51
15
10
-59
65
13
9
37
-11
-56
-5
45
64
115
-7
21
17
-4
27
-13
2
48
-77
76
50
-43
-45
-46
-107
18
-2
85
-79
92
-16
56
2
20
87
-9
26
-4
-5
96
-31
68
21
-63
-16
-31
-45
37
82
-25
49
66
-30
12
8
-34
-94
68
49
-14
-67
-67
51
-45
16
78
55
45
4
1
47
-16
-15
10
94
5
-44
15
-12
-10
75
-2
-64
14
57
63
14
-85
146
-18
-93
-21
39
34
-41
26
-40
-45
115
24
5
92
52
-3
5
36
17
20
-38
123
-56
66
57
7
-3
-40
44
39
-2
25
-29
5
-10
15
-52
-12
4
-66
-29
41
14
-51
33
50
1
-8
-16
31
-24
-31
69
-49
73
1
-30
42
25
-38
27
-29
36
-39
8
-51
29
3
43
69
46
44
-8
105
-31
97
22
46
72
-31
107
12
-50
20
77
7
0
59
74
-33
16
41
27
13
-31
-80
-22
-31
-29
44
36
-40
44
56
54
61
-54
-48
30
60
-64
33
72
53
-29
-11
10
-42
73
41
-46
7
19
-13
20
8
-13
-46
-23
-13
39
83
-5
-47
7
34
15
-108
41
82
12
94
-28
-47
-34
60
-13
27
1
9
-15
-32
12
-27
2
-37
-30
-31
97
-7
45
-46
65
-12
1
43
45
-4
-65
-2
43
-63
37
35
-59
33
-52
99
7
58
-24
14
44
1
-36
26
9
101
-62
7
-40
-1
13
-10
16
11
62
8
4
-8
-52
44
-46
-102
67
19
33
39
50
-50
7
60
-40
3
20
25
-36
-29
102
22
-17
-15
-49
8
18
3
-23
-116
22
-2
55
-26
19
52
10
50
30
59
-80
33
-44
21
3
67
65
67
18
9
-63
11
-37
29
-56
-91
65
62
61
-6
79
39
20
-124
35
27
22
-19
58
-19
32
47
51
-5
63
13
74
-15
43
30
-19
60
76
66
48
-17
3
-13
66
-43
-75
-9
-16
29
-35
3
3
50
97
38
56
38
-25
-44
-37
32
34
-3
9
-38
50
3
10
11
41
-26
1
118
6
42
50
57
97
-17
5
81
18
56
58
36
-26
-31
-15
12
-23
11
-51
43
-54
23
5
-20
7
2
-62
-24
39
-39
33
-1
-33
53
92
55
100
-27
-62
-43
-96
-71
29
13
49
40
-30
-44
-13
-16
-73
-28
60
-34
48
14
98
3
34
83
131
-50
-19
78
30
96
-25
-38
24
49
-40
-16
75
-72
45
83
-54
101
-29
89
-64
-26
-38
-16
44
36
-8
-19
-30
1
-74
-15
22
-64
114
-13
47
-8
21
32
-27
-4
-32
11
32
73
-37
54
16
37
41
11
12
-18
-77
29
146
-67
5
46
18
-29
49
-49
-11
45
-3
46
97
25
109
13
70
-85
-39
60
-6
-40
0
23
21
-97
-42
-38
32
-28
-92
-66
-47
-23
-23
6
6
-33
122
-2
29
23
-5
-24
11
1
6
-56
29
27
-22
79
46
76
52
15
53
-17
-5
100
56
37
-26
-7
-84
6
50
5
-64
-52
4
124
-73
-108
-5
-48
111
55
-68
-28
-15
56
-19
0
27
73
76
25
-48
-16
60
-13
-3
34
-38
-43
71
-3
-51
-10
68
25
63
-54
-39
-41
37
-41
30
80
-8
11
37
54
11
-66
6
-29
-102
7
-42
107
81
3
-36
32
22
17
39
-37
-1
-49
-112
-49
-27
-59
17
-16
117
-19
78
-55
-38
-38
42
-8
2
12
25
-56
-18
14
19
-18
25
-30
-15
14
18
13
-104
8
14
16
14
-19
-59
35
105
-36
25
-90
12
-67
5
-26
-58
-7
-40
-6
30
-34
-11
-28
19
28
4
-54
96
22
44
-24
45
-63
-39
90
-95
-60
50
44
-6
30
35
74
-3
4
-48
2
14
75
40
19
49
-17
-24
-111
48
-26
-21
-27
46
-86
-14
-48
-98
-33
-31
83
-22
51
24
49
-15
97
-41
32
-74
28
-9
-22
46
73
-1
20
-35
2
-46
-39
49
-17
52
7
29
-36
-112
80
57
41
70
-11
34
-21
76
-42
8
50
-3
50
32
60
-17
77
1
36
-39
-20
-16
-30
-51
-38
8
16
68
81
-19
-15
68
-5
12
18
18
-47
-14
65
14
36
-17
40
-60
45
16
111
81
-21
0
12
-71
63
33
8
63
-5
30
-13
8
138
55
-21
1
111
17
-4
-42
13
37
-48
-98
-51
55
24
52
73
25
-34
66
-9
41
34
-43
-46
4
9
115
-79
39
-41
32
96
-42
-71
33
24
19
7
15
-69
34
-37
35
3
23
-25
-2
-14
35
11
-60
66
39
32
1
1
67
-41
-32
74
2
11
50
42
65
148
-33
6
68
-12
39
24
-8
-94
75
41
-38
14
-34
119
18
76
-7
56
46
37
48
-49
45
46
3
3
17
32
46
10
40
-36
-22
43
-33
-2
27
66
-21
27
-51
100
13
68
-10
-62
-139
15
3
-92
-7
-53
29
-61
24
148
-16
28
35
92
-26
35
-73
75
3
-106
-59
40
58
-9
35
-74
-70
-94
-38
11
-73
32
11
54
8
-16
45
2
5
7
25
24
23
49
-29
-25
-61
-113
-38
2
19
-31
40
14
-16
5
52
8
22
25
35
14
1
14
-3
-5
-56
-5
47
46
-16
-14
6
-57
45
91
66
5
40
19
16
21
-39
-35
30
32
4
75
16
-10
-2
-4
-25
57
44
-5
23
-66
-38
66
26
-22
43
44
0
-45
-8
131
-45
-23
-37
-13
8
-3
-66
16
26
25
55
3
74
-60
86
-18
-84
1
-4
0
46
-41
6
38
-45
-7
21
25
-18
-11
-6
26
3
10
-27
-90
49
2
-7
4
68
-42
11
-2
44
-59
-43
32
57
-127
9
44
5
46
12
114
43
-45
27
13
-20
0
33
-21
69
14
37
-56
19
62
62
19
-50
66
-48
-5
-81
48
56
-2
-11
-15
-8
-1
57
32
-5
-10
-27
-5
22
-60
51
0
20
1
28
5
56
36
0
19
-50
15
-20
36
23
24
19
-20
-99
23
-7
-34
-37
-40
-61
8
23
80
-26
-12
-35
-9
50
-6
-15
-32
25
38
31
67
-78
56
25
-46
57
-36
35
59
-84
56
-14
34
65
35
-35
21
26
102
75
96
-81
-1
5
-6
-13
72
-26
-39
32
55
-6
-71
-30
-8
-37
-80
64
-38
-10
7
44
-29
-17
73
-31
-4
-1
-61
-54
-19
36
11
-26
-51
19
-36
-10
-10
-10
39
-40
129
-40
0
3
-22
24
36
15
65
41
-8
-9
16
80
41
-26
-71
32
38
-20
-19
23
-15
-48
73
9
77
55
6
40
68
2
-4
16
-43
42
-117
-29
8
-66
-4
-56
10
45
-66
-89
114
6
55
-22
78
-34
-8
-58
19
52
37
31
-40
-25
119
15
-64
-5
-52
-19
-53
116
32
17
-14
-7
9
24
51
-25
14
-46
31
93
11
14
-68
53
-51
62
7
24
26
-39
27
23
-39
17
51
92
-20
-14
-5
36
8
-32
23
54
60
30
0
54
12
12
-12
-37
38
-15
-68
6
45
-24
44
-36
47
-38
67
11
78
24
34
0
-48
61
4
18
53
97
23
-22
-31
57
8
23
14
76
-59
-17
54
-48
-16
35
-22
49
-11
42
4
47
3
-19
48
35
-27
45
34
29
-15
11
-98
-2
-86
92
40
-20
17
14
-11
-51
6
32
17
-8
55
76
25
64
23
6
-35
-12
-24
28
-25
59
55
74
0
107
-22
56
-21
63
57
51
79
45
-64
67
19
-1
27
76
55
31
89
-48
20
50
76
-27
65
90
12
33
20
-40
-17
47
-6
-16
-47
-43
7
-74
67
-11
-41
-15
-16
22
-32
-108
39
-52
11
2
73
-7
40
-71
46
-4
39
45
58
52
134
-50
3
21
-16
15
-54
87
-11
-42
3
-53
40
26
-7
9
-28
27
31
-66
33
51
52
37
63
-11
44
-49
-5
1
61
-13
-17
-9
105
-38
-83
4
12
-51
-70
-5
-54
51
41
79
32
-83
19
-81
62
44
26
25
19
-33
72
-12
28
-34
7
-8
30
-5
17
4
9
2
42
-7
26
-16
13
-27
18
11
-38
-18
-13
52
4
59
4
46
-3
35
30
35
-20
45
21
20
-31
-23
39
42
58
17
-19
-37
26
47
-16
77
83
11
67
-28
22
24
-17
-27
4
-1
29
32
-10
-35
49
-39
-61
82
0
17
28
-31
64
-17
-21
-13
46
41
33
-14
-44
42
-24
-21
-23
-33
42
15
40
39
-52
8
-43
46
68
52
-8
-8
-8
27
41
0
39
10
-2
-30
-33
-61
29
74
-53
-37
-30
13
-17
-73
17
-49
7
34
23
-50
-7
46
-80
-6
3
-50
-6
13
30
-6
24
19
-50
-54
-37
38
35
34
-12
82
7
49
11
44
56
-25
-16
92
-29
-14
-7
67
-22
-29
-29
-38
-55
8
-28
-52
-48
65
-87
29
69
64
27
-32
48
7
-10
49
28
19
20
72
-44
3
92
44
0
54
-32
134
-5
47
69
-78
54
-15
-21
69
27
25
-46
-5
88
-5
26
-3
60
11
24
33
46
15
-64
-19
2
-119
45
118
-29
-133
25
-27
52
-15
13
-26
54
20
49
8
-6
-15
-49
-96
-31
-62
99
51
-17
-47
-19
61
34
-56
1
-53
-33
-104
66
4
-18
-41
17
-8
2
23
-58
-30
34
-57
1
-77
-13
20
-104
-12
-27
-4
-18
-72
94
64
-67
-22
-59
-72
51
100
17
-3
-5
-85
-64
-93
18
73
9
-72
0
91
-30
-60
54
23
18
12
39
42
56
7
88
4
-6
10
-42
17
44
51
-64
-9
-56
-31
-39
-14
4
-55
-7
45
21
-47
-12
68
-32
-40
-49
-99
-27
86
-31
-57
-76
68
26
41
107
-26
0
-56
-58
26
29
35
2
-9
35
-40
-44
51
46
-27
26
35
-101
37
55
-3
88
-38
97
-22
22
76
12
68
-2
57
11
19
126
101
-35
8
33
-39
-3
10
54
-108
18
10
68
26
-16
-66
30
-29
48
14
-31
53
-4
-83
17
50
24
33
-19
60
-52
88
14
32
10
34
-94
9
-54
-14
-37
-23
44
-4
7
-62
70
11
19
-18
26
-37
21
60
-57
-24
8
27
-8
70
2
93
34
96
55
-27
49
-16
37
33
-16
12
-97
14
19
36
32
48
52
5
38
7
-32
4
27
-40
-13
-15
-13
-13
34
47
84
16
35
-37
-67
12
-39
-28
0
-34
8
-40
19
-27
32
33
20
5
-8
-33
-33
57
-6
-25
48
11
-76
-56
-80
-127
-49
-15
80
20
-59
16
-19
-14
-9
68
-25
40
-16
-97
10
61
1
38
17
50
-9
-43
23
40
51
23
75
18
-76
26
-76
20
60
75
-39
40
62
27
5
-2
3
-7
20
-12
4
39
-2
-48
33
66
-54
13
66
59
62
-104
5
-31
42
-39
78
24
55
40
52
71
-8
-36
-68
-23
46
78
68
16
53
-5
1
17
64
35
13
-19
-50
-28
11
-10
2
46
-4
52
4
24
-43
28
43
15
1
-23
-9
-5
0
-17
-63
98
22
-16
106
55
11
138
-62
-62
-82
59
-60
-29
-38
3
-38
-7
-62
-14
-46
-26
31
127
23
-14
-24
-4
-83
3
-3
-86
29
-68
27
-22
35
-47
-3
8
36
-18
-4
24
2
118
-21
-11
-67
17
5
62
-13
-35
67
-1
120
15
-75
-7
8
60
7
30
-32
16
38
41
46
8
-40
7
62
-41
-38
-16
80
-44
7
62
9
5
-70
15
-51
-84
-15
51
51
12
6
-52
15
58
-86
-47
87
73
-76
29
-7
-22
-41
95
25
4
-16
56
123
-25
-27
-19
32
-47
-9
5
-76
-25
7
1
6
55
-19
12
92
18
96
-7
19
138
32
-2
-8
68
12
-2
5
-89
58
113
116
-70
28
47
-27
14
-41
-7
33
-27
30
109
-42
78
-8
-22
-91
32
-47
-76
-18
-18
35
97
19
72
-5
17
73
-119
-38
-39
26
68
43
-40
39
90
34
-37
20
1
19
73
29
-2
0
-72
-91
56
-3
-12
-29
-41
48
-139
-56
-40
-11
22
70
12
-111
-18
34
2
53
63
60
-63
-36
48
77
-25
37
73
-87
43
43
-32
-8
23
-30
-16
-13
43
28
-26
-48
35
1
103
-24
-2
8
17
16
-47
55
27
27
35
59
2
2
30
-38
74
30
39
54
65
-21
-64
-3
-29
94
20
15
-53
8
-94
-63
-5
32
29
-85
74
8
-38
35
-11
6
17
4
40
-6
-36
-15
-27
-29
-36
-19
36
55
-11
20
5
-60
-17
39
-7
-25
66
24
24
68
42
-16
47
18
-2
-43
-81
24
37
-9
-16
-16
4
-21
30
49
88
-38
-54
-53
51
105
35
48
13
-59
-2
-81
15
-64
27
-37
-36
-6
26
78
-12
107
-22
-34
38
-29
23
8
64
45
43
69
13
-23
80
-2
37
-8
51
-37
31
11
24
24
60
-43
-46
-43
13
27
84
34
2
65
66
-21
-19
13
-26
52
44
124
-79
-6
-10
48
-54
-11
24
30
17
-24
4
-14
-40
0
0
-14
53
-66
-43
25
47
-19
34
-10
6
-27
-51
-26
67
38
34
2
74
-40
30
-49
3
24
51
1
-16
-8
13
24
-74
-29
-14
-5
3
-53
55
23
55
-5
-27
-20
-8
13
19
-53
-10
64
-18
103
-33
5
33
-24
-5
-97
16
45
10
-19
41
8
-17
-11
-36
8
60
8
-17
19
-17
13
52
78
50
18
4
23
43
31
27
-32
-63
73
32
-32
-6
72
33
80
-133
-80
111
12
97
21
50
73
50
4
43
43
23
14
-15
35
-38
56
70
-11
-35
84
55
-52
16
75
-21
62
16
2
-26
13
-31
-15
42
-17
-40
52
-15
-15
-9
-18
-8
-1
19
-36
-87
-16
2
23
-41
91
-13
-43
-81
29
32
8
-31
-82
-32
54
-47
39
7
-59
12
33
-10
2
-40
-24
10
22
-3
43
-53
53
80
-29
-9
73
31
-20
-72
26
-54
-24
-49
-80
0
13
-13
6
2
-46
60
11
100
6
33
-72
0
-102
46
10
51
-17
-88
102
141
-77
55
-42
73
57
-124
1
-67
-113
15
13
-38
6
-20
-29
-70
29
18
34
-15
20
16
48
-7
-34
17
60
-11
101
9
-79
60
54
50
59
-45
28
34
-5
-40
36
16
43
31
-39
69
62
0
-15
-1
22
40
34
17
76
-40
-17
14
3
-7
-46
-3
-21
27
2
4
-2
-51
-27
-38
-34
65
-24
-32
2
36
37
-29
25
40
-48
-16
22
-9
-68
3
93
-18
68
30
-24
69
-62
-39
65
29
-127
-15
68
-24
-25
18
35
123
42
23
-13
-33
12
7
26
-11
-52
-24
-45
45
-53
-24
-13
75
-9
22
23
-54
-38
33
36
8
44
-7
8
-2
-27
-54
19
-109
8
-32
-25
-20
28
36
21
-3
21
-73
26
-19
-31
43
84
3
-19
-12
-79
7
11
-9
-5
-81
7
34
-55
38
92
-27
73
49
3
51
23
-12
27
32
29
29
1
17
64
126
-35
-5
7
36
95
73
6
-54
1
-47
-40
11
-13
30
31
5
34
-43
-16
64
-14
-11
-18
-55
-16
-47
-44
-41
12
-32
-23
-22
48
-45
123
35
41
30
38
27
8
-28
8
-38
26
-29
-39
-18
14
-7
-4
-16
-13
7
35
15
-13
49
2
-18
46
-10
-43
-5
96
16
-10
26
74
16
-67
42
-31
-42
-14
38
15
-96
-8
-17
45
9
29
-64
16
-1
29
34
7
-50
102
77
47
-56
-19
14
-6
-12
-68
65
46
54
54
9
56
36
-2
71
-45
-13
7
-54
5
41
27
-17
-6
138
-32
22
14
-10
48
-26
-28
-50
-110
36
57
111
65
-33
68
-11
-53
60
137
27
-16
20
-43
-18
-24
64
-46
-3
10
-92
-16
-5
-38
31
18
-25
50
-63
-10
-50
-21
-56
-31
18
-38
19
65
-41
46
-32
7
8
-53
52
10
-32
21
-9
-15
-9
12
35
19
18
-28
-50
8
43
-60
-16
51
38
17
65
48
59
7
28
-74
-57
-23
-35
11
10
-14
23
33
-58
44
70
-7
-80
-36
37
-39
-8
77
-66
-72
-12
-15
23
50
32
14
10
-4
-29
15
37
-40
-31
77
19
51
-46
88
24
7
12
-40
-59
38
21
19
39
-64
-52
-24
100
41
0
19
25
-79
-37
-27
40
-8
0
-3
62
-35
90
1
-1
40
-55
60
19
104
7
-36
29
-25
30
21
-18
7
52
-38
85
56
-4
55
-40
14
90
-12
23
-28
-95
-8
-57
21
-33
28
-2
20
-30
28
48
-23
65
-9
-31
52
33
-74
-20
-23
-11
4
-8
37
-52
98
61
41
-8
-24
53
-25
18
15
79
-1
25
-21
44
-13
-52
81
0
18
20
45
36
14
-3
-57
-9
23
-3
28
-25
12
-34
-1
70
17
-1
20
33
20
56
-13
60
12
30
-33
-41
-56
-92
45
7
-72
20
-2
0
6
-17
-18
48
-99
-31
81
13
19
24
-43
83
50
-49
-68
90
-52
47
-46
-22
15
34
20
49
-58
56
-25
-49
19
55
-2
123
-12
37
3
18
20
-118
-5
-12
48
-26
-26
83
53
-13
13
-15
39
4
24
62
-86
10
46
9
-45
65
8
46
16
37
11
5
100
69
-25
23
7
15
18
-25
14
-48
-4
-74
-71
-7
9
35
51
30
43
7
63
-44
-32
-5
3
-28
19
-3
-12
10
87
64
50
23
-60
27
50
68
85
-72
51
35
37
-20
-21
38
12
-25
14
14
9
5
134
25
-20
-16
33
46
36
6
11
0
21
-3
40
1
38
52
31
70
-33
-46
-13
35
7
47
128
63
-10
75
16
28
29
-22
-14
39
23
31
-88
-52
34
10
66
3
-65
-68
32
-7
-49
-66
27
56
36
67
3
40
12
19
7
77
-6
-9
61
-36
73
20
29
23
26
-26
-39
-17
-25
30
43
-85
31
-13
4
10
-36
-2
35
14
20
-41
-72
33
36
36
-48
18
-64
-53
58
13
63
-23
25
15
30
31
49
-33
-35
-43
0
57
39
-5
-59
27
68
55
23
0
-31
17
10
74
-9
25
60
127
-49
88
-7
26
86
-10
6
34
47
70
55
-82
-19
-20
22
-37
0
-35
-17
-22
3
25
-76
-3
68
-17
6
-6
65
23
56
102
11
-8
19
15
61
22
25
18
41
43
-39
-12
49
-28
9
39
5
63
138
22
28
63
-112
95
-53
-3
-24
15
-65
57
-11
55
-1
92
5
-85
41
-1
21
-35
-24
0
12
-22
-27
93
-27
-69
-54
77
62
-15
27
-42
-38
20
8
-8
5
13
-27
-16
-36
45
-22
8
19
24
47
-38
30
-48
-7
22
50
98
85
-26
-15
-14
7
-16
69
56
30
-8
-29
44
-16
83
60
24
35
-5
5
-50
49
-70
24
-67
69
4
9
29
-53
10
30
89
-51
18
-39
63
-10
-18
-83
-66
-11
54
-5
-56
-10
-43
74
-49
27
-40
-40
-46
-54
-9
16
-3
52
2
16
-5
3
19
11
-60
16
13
0
15
-23
53
-50
-57
6
-9
5
66
20
-14
-49
4
-49
69
0
100
20
77
11
-14
-10
-36
8
41
38
2
-22
-66
-48
33
96
11
7
-56
-22
64
28
-44
-5
-57
66
-93
24
20
-73
18
-19
-62
-39
-27
19
109
12
-14
-8
-31
-18
7
74
13
70
36
12
60
-53
50
47
-28
5
-24
-37
96
-62
25
-10
-52
39
-26
44
54
-8
-42
-9
77
8
8
12
-7
-4
10
48
-51
-32
33
48
34
-27
25
-35
-3
81
-14
9
96
-1
36
35
5
62
1
12
50
-51
47
-29
87
-29
89
85
-37
18
13
-15
-9
23
-69
-15
-39
36
96
-48
-65
8
19
-9
-45
-30
33
51
-58
13
82
-54
58
45
79
38
-48
-12
15
-73
48
19
61
41
20
-43
37
76
30
57
-17
107
1
-18
-63
-45
-34
-18
18
7
0
-43
14
-5
-8
101
42
12
35
3
-2
-2
69
16
-66
36
8
-48
31
-6
3
65
-8
55
44
-61
122
24
96
21
80
67
11
-79
41
-5
-28
-46
40
138
-50
52
41
105
-4
9
66
-22
72
48
21
5
44
-48
10
14
34
36
12
59
-17
56
19
22
-59
-28
45
-7
11
-53
63
-30
39
77
34
59
28
-13
-50
89
82
15
30
-52
26
-40
71
43
53
16
-30
-51
54
-7
-52
75
-39
33
-60
9
26
3
-44
-10
-35
-43
-2
54
97
76
-6
-33
37
90
-19
40
90
-26
-52
-58
-94
46
-7
30
-42
-6
23
111
-80
39
-43
-23
44
-31
40
-19
-42
28
-13
0
-21
109
-45
55
-38
-109
-3
26
38
50
29
60
112
-5
6
-45
47
-7
15
15
46
-32
51
-58
-26
-14
-59
28
55
-17
30
141
30
45
20
38
-38
96
9
121
2
7
15
-71
39
14
34
13
-29
77
11
126
11
114
-18
49
-22
-57
11
63
28
2
52
34
8
-11
-2
70
56
35
22
-42
8
-29
68
46
-20
-77
40
18
73
14
14
-3
23
100
20
46
66
9
-5
11
13
-96
-6
-50
-7
-26
123
51
54
-34
-41
-57
47
54
26
41
-81
24
79
35
80
92
30
24
22
43
45
71
-29
-13
-26
-42
-64
40
64
64
46
42
29
-32
121
12
110
9
0
20
55
-8
36
14
16
0
-14
-16
48
-5
-20
34
-78
-20
41
-23
-13
73
3
29
-21
-116
15
10
36
-33
32
4
24
-6
64
-46
44
28
-32
-54
80
23
-4
10
55
-9
15
4
-23
-15
83
60
63
3
-34
137
-40
71
31
-77
38
-20
7
30
-12
-26
-29
54
30
-24
35
-51
108
79
-27
-28
-61
23
-2
19
-23
90
17
27
72
-94
21
34
-68
-21
-82
-47
47
-35
9
53
32
-4
75
-10
11
49
-116
-22
-40
-51
-38
49
-36
-36
-2
74
-29
56
-33
-13
30
-7
-18
128
-19
101
-34
-4
-70
-28
18
-2
-39
-2
-7
7
-7
-112
31
34
-67
47
50
-116
62
-30
4
-50
-17
25
-29
60
8
-47
43
-47
-87
36
-6
6
56
31
-47
-15
-56
103
28
-40
-32
34
14
0
-20
-58
24
-10
35
17
49
-21
-36
0
90
69
33
29
53
-21
-35
-16
38
11
-85
53
62
24
-10
-61
11
-23
-22
-15
19
-47
-33
9
73
20
-119
-27
-16
47
-67
36
10
35
-55
-96
82
43
-5
-2
86
-5
-42
16
25
20
14
-21
0
-9
48
-38
115
58
82
50
50
-14
37
108
22
-16
0
32
23
21
28
-39
23
27
77
35
-3
-54
63
-7
44
24
-22
14
-11
-1
54
23
-38
17
2
-7
6
-47
17
-45
19
-21
-40
-63
-8
16
25
97
14
12
-17
37
-22
25
-68
-49
-66
-18
34
42
74
-23
65
93
-28
43
12
52
9
-1
-19
27
-35
38
-91
113
25
10
74
-19
-49
5
132
-4
10
44
-22
-113
-89
66
-86
48
16
5
46
-1
-4
-40
31
54
7
-3
77
-59
34
30
8
27
-12
56
-46
-10
-29
-39
30
-49
-15
-37
-17
67
0
-9
-48
-66
41
-73
-33
44
-14
1
74
-7
21
-43
9
73
-1
-10
-34
7
26
0
44
59
-30
18
-40
40
77
-5
-55
18
45
15
34
101
-55
42
-38
0
59
12
90
-35
-37
-9
-38
47
-52
-13
-77
28
84
33
-21
-12
-10
-88
-69
18
-11
12
-40
30
-1
2
63
64
38
-54
-23
39
37
72
20
112
41
-14
22
-10
-30
-10
-93
5
69
4
-59
-29
55
39
9
57
73
39
8
-28
38
1
-80
-47
7
34
-83
50
11
9
-6
36
-16
18
51
-52
52
27
15
7
29
-23
-35
-5
54
25
-18
2
-16
-16
-76
-20
10
51
7
37
-38
-38
-73
2
-6
-14
2
-26
33
21
21
25
-22
-42
-20
37
-25
31
-23
19
34
96
20
26
-36
32
-16
5
-57
-35
-53
-87
-35
16
-2
16
11
0
29
-11
-27
38
1
28
