7
-30
-46
-15
14
-55
-12
-19
10
-29
6
-23
-1
58
-6
60
-61
-17
-21
41
30
15
16
-83
41
25
62
13
-14
-58
25
-25
-70
3
24
46
-39
5
-32
-11
-67
-81
-9
21
-16
-1
-4
-33
9
10
20
36
-13
-5
-35
0
17
-25
-23
17
-3
44
-16
45
35
-46
-7
4
52
-17
-54
39
22
-13
-34
31
106
48
-2
-51
-17
14
-32
-44
-51
48
0
54
-45
-18
-3
-25
-141
-12
-8
73
-126
-5
-44
5
18
-31
-10
-14
38
-5
-8
-31
-75
48
-8
-30
49
6
-33
-28
-20
41
-28
-66
65
65
2
8
34
38
13
1
-24
-38
27
-5
55
-32
96
-30
18
6
-42
-11
-15
-45
-38
55
38
33
46
3
8
22
-18
-45
16
21
-28
-16
-6
69
14
47
-13
-23
-15
14
37
-16
41
-7
-32
-46
-27
-10
-13
-42
15
-2
40
-41
-22
3
-29
33
12
12
-23
-7
30
2
-30
-8
36
-45
-106
30
26
28
-5
-1
45
-4
-2
0
67
-40
-5
61
-37
46
0
11
17
44
24
-24
14
30
-4
-16
-58
-27
-12
46
-11
15
10
-28
73
14
-73
14
14
15
15
-33
-2
36
19
-29
-5
13
48
24
43
-16
54
-9
-20
50
-23
-27
31
26
-1
-46
30
26
17
-102
11
-12
26
-30
-63
16
-40
-26
9
-13
30
-4
-2
-28
-12
-16
24
-29
-33
-10
53
7
-24
9
-10
-11
14
3
16
44
-35
-20
-1
52
-23
28
11
32
-58
-3
-28
21
72
-32
-42
3
-21
37
-15
-18
-17
-19
-14
-5
3
-10
-56
14
-2
39
-12
50
-148
-16
67
26
-70
-28
-29
13
-37
19
-10
-43
9
-62
12
-104
-54
8
14
-50
-32
-67
12
-11
9
29
-36
-10
29
-36
-21
2
20
-21
-34
38
26
57
27
-38
14
-4
20
-14
18
-17
-14
-56
34
-41
77
20
-27
6
16
-45
31
13
91
-20
-13
11
-39
24
43
-32
14
-5
-20
-16
-37
-25
25
34
-11
-12
-9
18
-7
-10
-5
78
-15
-13
15
-20
25
-11
6
24
33
26
23
-15
48
1
-12
-10
-59
48
-22
-26
-20
-55
9
13
-3
4
-89
41
-1
61
-45
6
69
34
-20
5
-26
3
-4
48
10
51
-51
36
20
-53
-60
-9
31
-21
21
47
-55
-28
-30
-19
45
-4
3
-5
-19
-119
-10
14
32
-24
8
-16
-32
-1
1
34
-27
-30
-21
-37
78
15
-21
-11
11
2
0
-5
-12
58
-72
27
19
102
-8
-41
22
-10
-30
19
-2
-48
-66
10
-28
5
-63
5
-18
21
53
34
-58
18
-8
17
-3
-32
10
-46
3
-27
-37
-46
-8
19
-19
-4
43
7
36
-41
-55
-27
8
-7
-13
11
65
14
-9
20
30
35
1
21
-44
-18
12
-10
-17
-8
-23
-75
-166
50
7
-17
47
-56
25
-20
-20
22
59
16
-5
-38
-51
-36
-14
82
20
26
22
30
-58
-23
-8
-63
-8
-11
-38
-38
-10
29
11
10
-12
-31
-66
9
18
3
0
22
50
4
-38
30
-48
-3
-13
-5
-46
-1
-4
10
-2
24
-32
-25
20
5
-47
11
0
4
-34
-9
-4
-30
-20
-32
1
-7
-12
9
-56
13
15
-66
-21
-28
-13
-38
-7
-9
-12
0
28
-39
2
31
46
-30
-32
42
33
42
-18
-34
-44
-12
4
-16
-22
-114
30
-6
-22
-31
-8
-45
-5
-2
12
34
19
-7
14
-3
-24
21
21
16
54
28
40
-14
-12
-41
-2
-13
-53
6
63
-24
-38
25
16
35
31
-14
-46
27
-68
-57
-42
34
-5
14
-79
-1
-24
20
28
-9
40
-9
51
8
-15
-15
36
-4
34
-39
-35
44
-16
-50
-39
36
-39
-18
-43
36
-48
-46
-53
52
-62
13
10
-1
29
31
-3
-8
-52
9
46
-18
-11
57
-69
-6
12
-42
1
24
-34
-26
-31
-17
-17
-47
-16
1
-23
28
-37
21
-7
4
-46
2
37
-3
73
-6
47
33
18
-50
-29
-21
-10
-71
2
-45
13
32
40
20
24
58
1
-15
-39
-22
-19
1
11
-32
-20
-7
1
9
-21
10
53
3
36
2
-15
-34
-171
-26
-108
-6
25
14
58
-31
-36
19
36
30
-8
-18
7
-49
22
-42
12
12
2
-41
-18
59
-26
-6
-18
-16
-14
27
-14
-11
12
-34
5
14
-33
41
-27
-47
54
21
-59
21
13
-15
-55
-32
15
5
-26
47
-5
31
-38
42
-8
12
34
6
45
7
12
-6
-30
-154
6
-3
48
-41
12
39
-17
-27
-1
19
-64
14
22
-7
26
-12
-27
27
-25
-4
35
30
-10
27
-25
-17
22
-9
5
45
-17
36
-18
21
32
42
-13
-33
2
12
-11
8
-30
67
19
-30
2
-29
-42
1
-5
39
-52
-3
-36
22
7
-40
-44
0
-1
-53
12
29
10
-21
16
-22
-35
37
42
-56
-23
-31
90
49
4
-3
-30
40
-21
2
21
23
-36
-46
-28
27
4
5
-23
25
-23
-7
-59
3
10
2
-46
-44
44
23
-76
-45
1
7
-66
-4
9
30
-45
32
-31
-35
-17
-48
35
-48
18
14
27
-49
-31
61
48
-57
18
-1
-68
-23
-46
-1
14
-11
-43
-25
-1
34
50
7
-5
-20
-30
4
15
49
-27
2
-3
-22
7
-6
6
-5
46
-161
61
-8
-4
53
-7
-25
29
-46
-8
-17
-7
-16
-56
-16
29
96
-76
36
28
52
41
-13
14
-44
7
72
0
-14
-47
-16
28
12
1
-10
64
5
3
-12
16
30
13
-7
7
-24
54
37
-6
-20
37
1
-20
25
26
20
-19
103
32
33
-21
-31
60
-18
26
39
-16
4
2
-61
27
36
-38
27
-48
10
33
-9
-54
57
-32
-52
46
18
53
-21
-21
2
10
-24
-31
-63
-1
31
-13
-21
-12
-42
-129
-11
42
57
-61
19
-13
9
15
26
21
-37
-10
-9
-87
-3
-87
-2
46
44
42
-34
-20
29
-57
-10
30
45
2
40
26
28
-36
-14
-17
-136
29
-30
-2
-13
-39
18
-57
46
-12
1
-21
12
-33
20
-33
-21
-36
10
2
20
-44
-8
-10
-17
20
27
16
-38
14
-41
16
25
35
-40
-3
4
3
60
-28
-29
19
22
0
-48
22
11
-45
-31
19
-26
2
-5
18
-16
-85
19
13
52
15
16
25
0
-29
-45
17
20
-61
-43
-17
-47
-10
-2
-53
24
22
-7
-15
-52
8
-66
49
-8
-38
-46
-47
-12
21
43
3
-24
-24
56
23
-75
19
-14
46
46
-29
-32
-26
-20
25
18
-3
-5
25
20
32
-83
-3
1
11
-44
-7
-38
-16
28
-3
16
-143
-34
-36
-27
15
43
-11
37
22
36
-15
-1
36
-18
-26
-9
5
73
-73
32
-18
-29
-29
-34
-23
45
36
-25
-20
-25
7
96
35
-2
-10
38
-25
35
43
-9
-5
-29
50
52
-6
71
-19
-22
-1
-24
-4
-5
22
33
5
-21
3
29
43
33
25
16
-21
-37
14
15
20
-11
6
23
11
35
-40
25
-48
7
12
12
25
-7
-44
23
-37
5
-83
-13
-33
-14
28
-30
-6
22
-13
20
6
-9
42
-38
18
-6
1
21
44
5
-54
-10
16
3
-49
-19
-44
-7
-59
-1
-62
27
-98
-7
33
-6
-3
-45
4
19
-21
-13
-154
-33
-57
-12
-26
-33
-24
28
30
21
-40
-8
21
0
-12
9
33
-16
-23
-16
-26
-49
34
29
55
-10
-23
5
-32
20
-79
8
-73
15
26
-22
-78
6
-22
-7
30
-37
20
33
-16
20
-2
15
-4
-2
-13
-20
-8
-25
18
-77
8
-5
11
11
11
-1
42
7
-106
-19
1
-26
-16
-5
-34
10
37
13
-34
-46
-62
-31
44
19
-52
-10
44
-6
24
-41
44
-5
43
52
-47
30
-27
13
31
22
-36
63
-16
31
-50
-28
-29
-46
45
8
-3
73
9
15
-6
-3
36
17
-2
2
-32
-23
12
-24
-31
-16
-7
44
4
-3
30
-10
58
-42
-1
14
14
-49
43
-43
24
-41
-24
-9
28
-21
38
20
13
13
-21
5
-76
21
-75
-22
-18
36
26
-22
26
-161
-18
25
10
19
-20
71
8
-7
-48
-93
-14
-38
-33
13
20
-28
-9
19
-60
31
-41
-62
-50
55
-32
28
20
62
-13
5
-10
-13
8
-56
18
-3
-64
20
17
-8
-32
0
-23
-50
-39
68
13
-42
-6
20
49
-19
-22
33
-35
12
-8
77
-54
-5
19
16
37
-2
27
0
20
-11
-19
-23
12
35
-3
-15
-30
-22
-29
-9
7
5
-35
-23
-3
9
-28
-36
-11
-57
-29
8
-19
-1
11
-28
100
0
29
-70
7
29
-7
-4
17
-97
10
46
51
5
61
32
17
6
-27
-7
13
8
2
-37
-2
-11
-22
-65
-48
31
10
17
-28
11
44
-20
-13
17
-2
-55
0
-26
-56
26
-16
85
34
9
31
84
-1
-43
78
-9
-27
6
-10
-18
-41
18
20
47
-42
14
-18
75
12
-5
-21
25
-7
-22
29
-50
36
-28
-13
-49
26
3
-32
-1
6
-89
24
-27
-18
36
8
-25
-99
22
-8
-14
-33
-21
34
7
-4
55
-58
-71
-19
17
31
-28
-23
3
-18
23
20
-10
-37
-12
-59
28
-61
9
-27
15
-14
-20
-44
-64
-36
19
7
-84
16
-3
-12
29
56
-20
75
24
-58
-34
-8
3
-41
33
21
-70
39
14
-72
45
-64
-18
43
-66
33
-10
7
-18
12
-7
-19
40
-10
-17
-39
5
27
-31
37
12
-9
23
56
-4
9
32
68
-36
34
-20
38
-33
-33
22
2
-12
13
21
12
43
49
-45
-45
25
-50
-11
41
3
-40
-6
16
-28
-12
-29
21
-15
42
17
-36
-3
34
23
29
9
1
94
-2
-39
-66
13
26
-42
69
0
43
-26
6
-2
-17
-57
22
-13
-35
-14
53
-2
-82
-18
8
-1
35
61
5
-8
-69
-60
-7
-154
-54
-11
-27
0
-114
18
48
-38
-13
7
-73
19
46
-5
-31
13
-12
72
13
-38
72
29
-14
3
-45
-72
-42
30
-20
1
-81
17
16
8
-30
-15
-11
46
6
8
-3
-28
-22
8
-10
-16
-60
-32
-18
21
-19
60
14
-7
-22
-25
20
0
-10
9
-20
-25
-50
27
-52
-6
-2
34
-10
61
84
-128
-22
-5
0
50
40
2
38
-12
-35
7
24
-39
-20
-18
45
60
39
29
48
-15
-8
-40
-7
17
53
-14
18
14
68
23
36
33
-29
38
9
-30
3
-1
-11
19
-7
30
-39
4
-23
-18
29
16
-141
71
-10
-4
34
9
-19
50
11
37
-13
6
6
-4
-11
61
30
59
36
-18
15
8
-41
-12
7
17
9
2
-107
23
55
-11
36
16
-40
-20
14
13
42
-7
-1
31
-47
7
0
28
24
16
-13
-13
-3
25
-19
4
1
-27
25
-20
53
41
68
-27
60
1
-32
-18
49
7
-18
33
-33
-7
-19
-14
19
28
-34
-1
7
6
-26
-53
-52
-3
60
-61
-84
-35
10
-12
20
-31
-33
-7
-45
11
41
-26
-17
22
8
-32
-10
3
-33
12
-24
22
-34
17
-35
16
10
1
-46
-20
-15
6
24
-24
-3
-50
28
23
-7
9
36
-41
17
85
-48
-52
-25
-18
21
13
66
-11
-27
48
0
21
24
-15
17
-11
-62
-39
37
18
38
-17
8
8
7
-9
-58
-31
-15
-27
17
-14
-14
-53
7
82
-1
-23
-23
-171
-10
23
-13
-14
35
0
51
12
-13
38
48
-23
67
-20
19
50
27
-9
-7
25
-3
8
34
-35
-12
-25
-4
15
29
12
-39
-38
-166
-16
23
-53
-21
-63
-21
-27
13
82
-55
-10
23
28
6
38
40
3
-102
-19
0
-39
6
-12
14
-50
15
-51
60
22
-119
-21
-5
19
25
-15
-13
-23
-75
7
-36
-12
16
-12
-29
84
14
-33
-69
-13
48
16
0
8
4
60
-8
26
16
44
-18
21
-31
25
52
32
-31
24
-32
-9
-92
36
-29
19
-48
4
44
18
44
26
-34
38
-12
18
39
-38
-19
57
64
35
-14
-14
0
14
0
26
-4
-1
3
-11
22
-35
42
-2
-17
-71
12
7
-15
-24
12
-27
-38
-21
67
-18
-69
-30
-6
-8
-21
36
2
3
74
29
-43
26
41
15
-8
8
-30
26
33
35
-32
9
-48
3
-50
-27
25
12
45
11
16
-25
-28
-8
-5
-10
59
-36
67
-39
0
-21
-61
-24
43
68
-29
-28
-15
-11
-25
12
11
-25
-12
32
-8
-23
-27
-45
31
31
-9
-5
-35
-31
8
28
12
2
-5
16
-38
-13
-13
6
30
7
-78
38
27
-40
-46
-67
-4
23
25
-37
-8
-17
-16
-42
19
0
17
-12
-79
-3
-19
-60
36
-17
5
-25
50
29
-52
20
-7
-16
19
-2
-3
-28
-32
-24
23
10
-12
-38
22
-1
57
11
30
3
-57
52
-39
-27
19
48
15
-39
-96
-29
13
-65
6
-10
1
-29
-27
-50
33
-45
12
-6
-11
-65
11
53
-25
91
-68
49
-2
18
-47
12
-84
-21
26
-19
34
-31
25
6
25
-32
3
14
55
-132
-30
-92
28
16
-62
-14
67
21
-16
-52
58
35
-25
35
46
-34
-3
6
53
-24
28
-31
16
47
-9
-19
33
-27
-31
26
17
-8
11
-59
-108
-15
-44
7
-8
-46
-66
-31
19
36
-19
-7
-24
16
-40
-21
6
-22
86
38
-14
32
16
4
5
-25
3
-65
11
-81
-27
-16
-2
-9
24
4
-24
-9
-18
19
51
-49
-27
-32
-28
93
-20
31
-31
18
21
1
18
3
-1
-23
-6
9
-4
22
-11
28
-20
55
-18
-35
-17
-48
28
-87
-76
-12
-43
-17
22
-12
-16
4
-36
24
2
61
29
-16
-41
33
5
7
-8
35
15
-27
16
-20
-42
40
2
49
24
23
-6
-24
10
8
-34
37
-14
28
-8
63
57
-2
-22
18
-129
20
29
15
2
15
7
37
36
7
26
-17
66
25
3
-36
-13
22
-26
20
-7
-27
-15
-3
35
-20
16
-29
16
27
11
-7
-32
-22
3
2
-63
38
93
-36
-63
8
-51
32
4
14
56
-3
-14
38
37
-59
-11
3
-14
-28
43
14
-27
-1
-9
3
4
19
-54
40
38
9
-63
-4
7
6
3
61
18
-7
16
-5
-7
-52
-75
-78
-19
-36
-31
-8
49
-40
22
43
44
-3
8
14
5
2
-44
64
-92
-12
15
16
-33
-26
-19
-33
-12
-23
-8
-2
38
78
-29
-2
-20
-7
42
3
49
9
21
24
-25
-1
-15
-32
-10
7
19
2
20
-3
-24
-4
31
-36
2
-9
-42
-48
-40
6
23
44
-37
32
18
68
34
-43
12
36
1
-27
9
6
-16
5
10
-17
-49
-16
18
68
5
-35
17
-43
0
79
14
-26
-77
-37
-25
-7
52
-29
-11
-28
29
-3
-15
14
34
28
-44
41
-26
-50
-1
-21
25
28
16
-10
-9
45
-44
2
-36
-21
-5
15
5
20
-9
13
-33
21
-16
38
-14
-16
43
18
-11
25
18
-15
-28
-26
-16
12
-3
-44
-31
0
9
7
5
-22
-1
34
1
-36
-21
-94
13
-20
-22
1
-11
29
-32
-10
10
-40
-16
-60
-12
30
-7
14
12
55
26
-35
-13
18
-15
23
-15
-36
-28
30
8
19
31
54
29
-85
-1
26
30
28
5
13
42
-49
-28
-92
-11
28
3
-23
-30
97
-81
-13
38
42
-76
30
35
10
19
-15
-48
-27
-26
19
-2
-16
21
81
37
-29
-46
-15
77
-17
-1
-48
-59
10
-23
-9
42
-5
-7
18
-51
-36
-18
-15
-16
6
5
48
-32
14
10
24
10
-14
-6
-12
30
-23
-19
53
-8
-33
-22
-13
35
-29
18
25
25
86
57
-24
-16
65
-4
21
-38
3
-11
-35
-10
-16
-26
3
-11
-12
51
-30
-19
-12
-48
10
19
-22
13
-56
10
-24
-47
49
-56
-10
17
16
-7
24
1
-1
-39
49
24
-7
37
-31
17
-38
-32
-16
-19
-12
-35
-6
25
54
-25
-58
-10
40
-43
-22
33
29
-13
3
-20
70
-9
2
5
18
35
17
12
-22
26
-63
61
82
-18
-32
46
-29
49
-33
27
-24
-48
-65
15
27
65
-41
-40
6
-27
-46
27
-15
11
13
-56
-26
15
15
15
84
-18
-69
42
72
-34
9
18
-9
37
-17
16
-7
-71
20
-16
43
23
57
75
4
8
31
-5
-13
41
6
-43
-176
-10
-77
-29
94
-11
60
-22
-15
6
26
-98
19
-53
12
-2
20
-5
69
-19
-38
-20
19
17
65
21
-20
-24
8
-11
-15
13
-56
16
25
-12
4
16
11
11
-1
16
-7
6
19
20
-43
-18
-9
-16
19
-74
-31
15
-87
-92
-5
-29
53
-10
78
13
-9
65
17
19
-16
1
6
-40
-24
47
-37
24
20
29
14
50
19
-30
27
-26
-13
10
-40
32
65
20
53
39
-40
-10
12
-10
0
32
-65
-33
-8
22
-9
-30
-25
4
-26
3
-7
37
-18
-35
46
25
11
14
33
38
-11
-6
-8
35
-104
13
-28
-44
-50
-16
-7
6
-11
47
-22
-3
14
-12
35
-3
-1
68
14
19
13
14
1
-9
-14
5
37
40
20
-30
8
-17
-15
-63
52
-23
6
-26
65
-13
-11
-23
-38
-22
17
-21
-22
-45
-28
30
-129
20
-77
16
-21
-21
-22
-20
-1
11
30
-16
96
35
-49
-22
46
-21
23
28
19
-52
-31
26
39
23
-31
-6
-11
-141
-26
0
-41
-65
20
58
-63
-24
-23
-19
30
-15
-6
27
33
43
-40
18
18
-48
-23
48
6
26
11
45
26
-3
14
0
69
5
11
27
27
26
13
8
-8
-29
-26
5
-46
-20
13
-73
0
-3
-55
-40
5
8
-52
59
30
-29
-2
-74
41
-12
-16
-40
-35
-2
-26
41
-1
4
-27
21
-54
-113
-48
-60
33
-42
17
-41
-29
19
-23
5
29
-128
21
49
-45
-9
-36
-39
-35
9
46
40
13
-44
33
0
34
-20
78
10
-27
14
19
-7
35
-18
15
45
5
-2
-39
-55
55
-57
49
-46
-22
-50
69
-7
10
11
-16
-6
-60
11
-34
82
69
3
5
-49
-27
24
-47
57
21
26
-36
-96
44
-29
10
-34
-8
-28
-17
-6
-21
12
29
50
29
7
11
54
17
-30
-27
33
35
19
-41
-8
-32
-74
-2
6
-4
26
-63
-52
43
3
-33
41
-12
-29
-30
-44
16
85
-22
-5
44
25
6
-10
-84
-14
0
-12
0
-74
57
-38
-21
-35
-84
-43
39
44
-10
2
-68
53
-78
-29
-42
37
56
-15
29
-6
37
25
9
5
-17
30
-58
-55
24
-16
0
-41
-71
5
-35
-17
-63
-4
2
-60
28
-8
-32
41
-34
-42
-54
-66
-28
-3
14
1
16
17
18
-19
9
15
-54
23
-14
55
-22
47
-31
41
6
-30
-57
23
-4
-49
-63
-14
7
-36
-29
-16
14
-40
24
-29
-62
-22
22
-11
-29
-45
-71
-35
-26
0
-12
30
10
15
24
-12
-8
8
-44
30
2
-2
-11
-32
7
28
-47
22
-7
40
22
27
-22
45
8
-40
67
-49
42
-7
-46
15
22
-38
7
-17
44
32
-20
12
26
-36
14
40
11
-22
-15
-24
22
-41
23
35
-20
-43
15
-15
-30
-36
3
77
-43
6
-33
27
8
22
-8
-34
-30
-9
-10
34
38
40
14
3
10
19
34
-11
21
18
40
-29
-9
-27
-24
22
-41
-31
-67
43
-16
39
12
-10
-49
-7
38
-32
-19
10
10
6
-24
5
-19
11
-10
29
-27
-17
-56
-19
-12
-12
-48
-22
30
-41
12
64
9
-8
-15
-13
50
-24
-74
-98
17
32
-42
0
50
-19
7
20
-23
28
-1
-22
16
-20
-24
49
23
-6
35
14
37
-36
-4
5
23
20
8
-30
-4
12
-59
-5
24
26
-16
2
15
-21
47
10
-38
-124
13
-14
4
50
19
41
15
-3
29
8
-63
-16
-30
11
48
2
-98
40
-23
-66
14
34
56
-121
37
-29
-10
-1
-28
-44
-35
31
-22
0
50
-68
1
-13
10
37
9
-17
9
-24
-113
3
-10
-14
-19
-12
34
-23
-43
14
26
41
-4
-47
12
-35
41
54
-15
20
28
13
-11
-35
-2
-40
9
-9
-15
-27
32
12
22
-8
33
-37
29
-16
52
15
-28
-41
42
19
33
-24
60
29
-16
-77
-24
-45
3
-24
41
-34
-1
61
53
-70
-28
58
-8
5
-49
78
18
10
18
34
-8
-92
-45
3
-8
15
46
-9
12
-2
3
7
-20
-32
7
-55
11
-53
-39
-31
15
-6
-32
-12
13
-32
43
45
40
-21
-18
21
14
5
-5
10
-24
11
4
4
-4
18
-10
19
0
3
-6
-41
40
-11
-56
17
62
-15
0
-35
52
-24
74
-55
-68
-44
-34
-22
-31
-3
56
-2
-16
-17
44
-18
-1
38
-26
-29
-41
-100
12
-10
-58
-32
59
12
50
96
-16
34
-3
11
29
13
0
-14
-15
28
17
-10
20
-14
-5
-29
-17
16
21
-11
21
3
-6
-74
-30
-27
-50
78
-18
5
-21
-5
9
-25
-94
-25
-15
30
-35
-12
30
11
-12
-41
-64
2
-13
-7
38
-3
-57
47
24
38
-22
-11
25
5
-19
51
-18
27
-13
36
32
-1
-23
26
13
-15
-21
-46
0
-31
10
34
9
-33
20
4
76
-22
29
-32
34
-8
-6
-35
57
6
-48
20
12
-38
-7
-107
27
55
32
70
13
-34
-38
-20
47
44
39
59
-23
23
31
2
-41
-55
39
-18
-54
-18
-18
-1
-12
-31
20
36
62
-9
-20
7
-61
20
6
-28
2
-3
-63
16
51
-5
2
11
-14
-25
16
-32
-43
-18
8
-11
-5
11
-21
-3
-53
-8
-76
28
23
27
21
71
-50
5
-30
-13
0
-30
-28
10
-11
-7
-29
-59
-43
13
-19
27
48
-9
-48
-7
57
-22
-22
18
12
-40
-78
-5
8
-1
-35
36
-9
-44
18
4
26
-24
-33
5
-21
-16
-26
-34
25
23
-19
-51
-22
-10
-13
28
-18
-22
-27
13
20
0
55
47
73
61
-31
7
25
-3
87
-21
-51
-13
-6
-20
16
-45
0
-4
14
-21
6
-36
-12
25
4
-7
-44
12
-5
36
8
-2
-29
-19
-4
46
-26
6
-11
-42
51
0
39
13
-9
3
-16
4
14
24
44
-48
-2
-15
7
-2
-18
19
42
26
24
13
43
36
-1
0
1
-77
-30
-16
-43
0
27
7
46
6
15
-58
24
-20
-18
40
1
-19
-9
-1
-20
12
60
-17
9
15
29
-48
-8
31
-4
-39
3
25
54
6
7
13
-5
-3
21
23
-60
42
-44
-9
45
43
-15
-79
14
26
-6
-42
27
19
-18
8
33
19
58
42
-49
-15
-28
-22
-14
-45
-10
2
-36
-36
6
7
54
31
-30
-54
20
-32
38
36
-4
-14
-42
5
52
18
27
17
13
6
-5
24
43
29
-22
42
21
-59
-30
-7
-34
-22
30
-37
1
3
-8
3
-23
20
16
-31
-38
-7
30
-23
-42
-15
81
-17
-8
16
-42
-57
-84
5
-1
-27
33
34
-33
31
26
-32
-24
28
-64
27
50
-41
-36
33
33
-13
-19
-38
-52
-15
42
54
42
-4
5
-5
-22
-37
-16
17
7
35
-58
-37
-13
-16
25
-9
41
-28
38
25
53
-54
40
6
19
10
-100
52
44
19
18
-44
-7
-10
6
0
14
-17
16
33
-128
18
-148
6
24
-16
-22
3
-18
-23
6
-70
-2
19
93
0
-107
-13
28
39
-20
-12
1
-81
-36
-18
5
-47
-42
6
31
20
-9
-49
-16
-42
-4
-10
18
-21
17
7
7
0
-16
-15
-10
30
-42
50
-4
-50
-20
-60
-25
-107
-50
34
-8
-15
82
1
-30
-8
26
17
33
-17
-58
19
-14
-7
21
-10
-1
-22
8
-4
31
-9
-12
58
24
-30
-19
56
-17
-25
-34
-66
-23
-56
-40
-42
16
91
-45
14
-38
1
35
-39
26
-37
-18
61
27
-56
-51
21
21
-19
-36
10
-12
34
38
36
-54
-12
-31
2
18
43
-13
17
-39
-3
-40
54
-69
44
3
-33
-47
-19
-41
43
-11
-10
-16
7
6
39
-16
-73
16
-7
-45
42
-55
-67
1
16
71
23
-22
-84
-5
36
33
-13
-23
41
2
35
-3
0
-15
52
-33
32
-53
-7
3
-1
41
25
25
-11
-14
-33
66
-2
50
10
26
41
-8
-23
-44
-33
-38
44
3
-33
48
4
-3
12
-46
-21
-96
13
-93
-11
8
-55
-38
-59
-5
46
2
43
40
-14
-49
31
10
-8
19
24
34
49
-48
-39
-11
-7
17
-17
9
13
21
-68
18
-13
-13
-20
-29
-9
6
26
-128
12
-27
10
1
22
-14
-4
36
-8
-31
-73
-11
-30
39
53
30
-30
-32
-29
-51
6
7
-10
3
45
37
-22
52
61
20
11
6
-39
44
-8
-18
1
5
11
-2
35
-28
41
6
-7
81
26
1
-53
-31
-114
0
21
-2
-56
-12
33
-59
-38
10
-37
-7
-44
53
-43
5
-37
-11
-15
3
19
31
3
-29
55
7
6
-28
-47
-27
-18
-51
37
-9
-47
-39
-33
75
81
45
-11
22
1
5
0
-15
31
33
-9
27
-18
11
-17
-27
-37
-5
2
24
16
7
-19
-41
3
-20
-10
11
-8
23
-5
-10
14
53
-44
36
-46
-17
7
5
-23
31
-38
-19
-24
-17
3
-11
-6
23
-59
23
16
4
33
47
-30
28
21
-18
53
14
-15
-59
19
-49
-7
26
30
-160
-12
18
-4
-1
-40
16
-41
-24
-1
18
-11
16
-41
20
26
16
-55
-54
36
9
33
55
-6
55
-1
-13
4
35
16
-14
26
-73
19
29
-18
18
-9
-21
6
-40
-48
11
-42
-44
28
7
-2
22
-47
65
35
24
49
-58
25
58
-1
-9
29
-22
27
-67
-39
-1
23
1
11
31
9
32
-55
-36
-24
3
16
13
-38
6
37
-17
-12
-29
30
39
10
27
3
-44
-53
34
-11
21
-10
-12
60
49
24
64
-35
7
5
-3
45
-8
30
44
-19
-24
10
-3
48
-23
-7
1
-21
36
39
-30
-63
-12
-12
-8
-55
-21
28
-124
-23
-10
-51
38
56
22
-24
-2
-3
-16
34
-4
28
13
26
24
35
-8
-3
-25
-52
28
25
21
-4
3
-14
25
6
-38
-25
26
-52
-105
-16
-14
-55
22
1
6
45
3
43
26
-22
15
8
-24
-6
-10
11
-46
-11
45
-14
-5
-22
-48
-5
-32
19
23
68
-31
24
-36
-10
7
25
55
16
-31
3
-29
-70
5
5
-12
26
-13
-14
51
40
9
-19
46
19
4
-61
-32
-9
18
27
-12
-1
-48
-1
31
-1
13
-33
-8
2
-24
4
16
-17
35
2
1
45
23
28
38
-49
12
-25
-38
4
45
9
-24
-4
6
36
24
-1
2
23
-34
-42
17
-63
-22
2
-176
48
-24
32
18
-35
-19
3
44
-10
38
-1
-40
8
0
55
77
-17
23
-26
34
-10
-26
15
27
-3
-28
-10
-14
-1
-17
-29
-50
-17
36
6
32
-69
49
-28
-5
33
40
-35
-31
47
-4
51
7
31
-58
-24
-5
37
11
-35
12
-11
-8
13
17
1
46
21
-51
11
2
26
-13
19
-1
-51
-43
-8
-76
22
-25
-26
-16
-93
-20
43
-14
30
-23
-90
28
-45
22
-11
-1
-3
-22
-54
8
17
-14
27
26
-12
-50
71
16
-5
-45
-67
7
34
32
21
-18
-6
-12
16
-12
11
26
-74
-4
47
50
47
86
4
32
18
-35
-8
-4
25
11
-21
-21
-3
31
11
-25
-15
7
-34
9
-38
4
-10
13
-5
35
5
51
-28
-15
-39
34
-75
26
-12
-1
-27
55
3
-21
-31
-37
-30
3
-60
18
7
-1
-19
8
-38
-21
-16
4
6
27
19
-3
18
-43
-29
32
-16
1
-53
-22
22
-34
20
2
19
-2
-24
-19
-55
-77
2
-35
48
-35
-6
13
-21
-11
10
-31
10
37
-7
28
-16
8
-3
-5
-16
41
-71
6
-22
41
4
-32
0
-8
-29
-13
-1
-53
20
13
-15
-100
55
-36
32
43
-23
25
-24
11
-8
-13
14
-98
-38
-1
-14
5
20
-11
-35
-4
7
46
24
19
29
34
-43
-54
-7
16
-55
19
-36
27
9
-21
68
24
3
2
3
-46
30
22
-48
21
-29
-12
-19
-13
28
-11
-6
-20
-7
36
-24
-40
-7
-27
-28
-4
4
-21
26
-10
-31
1
-84
-46
-12
58
13
32
-62
20
15
-48
31
-45
18
-18
-38
32
21
18
-55
-23
49
-17
49
55
16
-47
-11
-67
27
-6
20
-29
-19
-6
-56
-18
-16
22
-41
-2
-42
-30
-41
11
45
6
18
-5
12
7
-44
1
5
-58
-5
-55
-17
-22
-8
9
10
0
0
1
11
16
60
-37
1
-28
-17
-30
-27
-68
-1
31
38
23
0
-25
46
30
0
-70
-63
58
4
6
93
-1
38
30
-5
10
-53
24
-11
-22
-56
12
-29
-20
-25
-15
25
13
-66
-18
32
17
-9
-7
-68
23
-46
12
30
11
27
-29
-32
-11
40
16
8
-45
-40
-48
-16
16
-8
-15
-23
-43
-8
-1
-100
33
10
65
25
-14
52
-58
-9
-22
6
-9
1
2
-22
22
16
47
36
-5
15
45
28
3
46
-32
11
-46
-11
-29
3
27
8
32
-3
-27
39
-32
-13
-13
41
21
40
33
7
40
18
18
-31
-5
13
-21
-10
-41
-5
20
-21
-13
-7
54
31
-6
47
-1
37
24
-9
17
5
86
-29
5
49
-9
16
-1
-31
-32
-1
16
-25
20
16
-8
32
-7
-33
32
21
58
-13
-3
20
-29
-3
18
29
6
-25
-34
-38
-29
-126
-33
-12
21
-72
-4
-38
-8
-10
38
-4
-12
-28
19
22
-90
-11
29
22
-38
-5
-7
31
-7
17
80
-7
25
-35
22
-2
-9
57
7
-61
-14
15
-25
14
-20
39
-39
-4
31
22
31
36
19
-5
-35
-47
31
-19
-13
22
-29
26
-69
-62
30
-44
96
26
-1
-36
-20
43
-22
40
26
18
30
-5
20
64
-21
5
-29
-16
9
20
-7
-20
43
-34
-79
1
18
53
-48
-67
-39
-53
47
-26
2
15
-6
51
-60
109
78
11
-62
-5
-13
1
-14
40
41
12
-44
7
4
3
1
-14
-10
46
22
-19
-81
-6
28
18
-12
53
-13
13
2
31
3
5
11
47
-57
-43
-25
-61
-21
4
-26
70
-21
-55
24
-16
-30
13
-27
-11
27
47
-34
-1
-31
15
-47
-18
84
34
-6
-14
-89
-6
-13
-10
3
53
-19
54
-3
-11
7
17
-55
31
-26
22
-1
-26
64
14
-39
3
-55
-24
26
-15
-47
8
25
-38
55
58
8
40
-64
86
-20
-143
-58
-13
-25
-16
-53
-16
-5
-1
-92
14
17
-11
-6
-45
-19
-13
-16
1
3
19
-47
-35
-26
-35
-20
6
-69
85
16
-16
-22
13
-8
-29
-4
18
24
46
-79
-20
81
49
44
-1
-28
33
40
-13
9
-17
-12
21
-8
30
-33
-8
20
-13
-17
-5
-36
-35
35
-9
-7
-40
28
-25
5
-32
-25
-25
65
-34
52
-5
38
-15
61
30
48
85
-16
-11
-14
-30
-54
42
-29
-19
31
-85
12
-39
2
-29
-40
5
3
23
-43
33
33
25
18
-54
17
-17
67
35
20
-13
-25
-5
-36
-25
-19
-32
46
-46
8
36
-8
-6
-65
-7
-79
31
-11
-8
75
-10
-36
-35
-20
-91
8
20
19
-11
-14
-17
-33
-12
-3
20
-34
46
2
-4
26
6
33
-21
10
28
-22
-14
78
20
46
-10
30
-2
-31
33
32
-18
-14
-28
13
27
7
5
-23
-55
34
30
-17
-19
63
50
3
46
21
5
-45
39
-35
11
-2
-30
-7
-21
-18
-16
4
-17
-67
7
-47
-11
54
-37
-10
-27
15
63
-13
-44
-12
7
4
-45
6
-39
1
26
-6
-29
-37
-8
-64
14
-1
-1
-2
-51
-55
64
-2
-3
-16
-13
-42
-17
61
9
-5
-19
-51
44
45
21
-14
5
-51
16
-8
-21
-30
38
-60
-67
61
-50
20
-39
-29
7
5
-28
40
50
8
10
21
-41
-67
-19
38
-35
44
19
-17
9
-36
31
-22
-11
-26
58
65
-25
-25
-20
3
7
93
-19
-9
-27
39
32
-17
41
-83
16
13
-6
-5
7
42
44
13
53
-44
-8
-12
16
