99
58
104
50
-28
84
-5
5
9
97
58
84
58
115
112
131
69
94
35
95
60
103
105
45
41
46
7
44
54
-19
120
49
-33
15
41
121
105
0
136
48
26
62
83
-4
20
85
45
31
86
106
-4
78
61
181
109
-21
-14
72
94
116
72
121
147
149
94
151
34
5
78
-15
-23
116
39
15
38
61
147
113
69
172
67
42
173
27
75
47
53
105
67
-5
61
37
78
31
81
77
49
11
32
9
150
106
156
45
-28
91
42
-32
5
22
64
33
-14
158
115
132
-5
-5
46
95
-50
68
4
69
42
123
74
49
96
47
6
55
111
88
-49
42
-19
10
56
29
96
23
59
26
19
105
73
34
103
104
73
6
146
27
-34
21
47
33
62
210
45
175
60
77
-14
16
10
115
89
12
234
-8
139
41
7
42
180
28
10
19
81
-45
121
38
53
82
-25
161
43
24
203
83
21
13
70
71
20
20
41
75
52
-14
81
20
105
-11
63
145
86
69
-1
-5
1
-72
149
60
105
73
83
42
120
29
68
52
3
210
16
97
42
9
81
57
79
67
79
65
35
54
52
147
78
94
80
57
51
107
180
124
92
17
22
18
107
71
96
61
21
149
-9
2
78
102
108
55
34
-49
65
60
116
43
48
101
36
-13
65
56
27
59
29
-6
100
95
65
101
186
43
50
71
54
26
-7
109
91
46
25
-9
137
53
-8
152
79
35
0
34
57
42
21
96
39
122
57
89
59
123
25
115
-7
13
19
51
21
-23
28
89
70
19
-11
-57
87
84
80
169
-10
-25
99
93
-95
92
86
-24
-21
-28
47
153
64
75
60
113
31
90
53
65
49
-18
54
21
84
145
6
74
37
124
108
22
151
37
181
22
154
220
25
38
22
-23
28
51
60
70
-11
120
74
13
42
67
72
13
-4
-4
86
86
85
4
-58
25
30
62
19
170
59
134
-32
16
50
8
13
-5
85
17
50
121
99
44
-23
151
30
85
44
6
108
109
99
193
20
56
57
104
58
84
39
5
61
63
-64
90
42
36
211
49
22
52
21
-35
137
-52
136
139
36
108
207
-49
47
9
97
54
9
157
55
65
43
83
-4
60
72
71
109
0
84
-82
0
-3
0
36
34
67
57
34
146
21
47
12
-23
-36
73
126
61
93
125
8
107
26
105
-20
-1
-18
42
47
31
11
-49
66
65
56
80
74
73
-40
26
80
31
17
-4
99
-6
50
58
50
97
36
58
57
-23
-105
92
69
34
136
93
82
85
73
-53
23
77
-6
19
22
56
41
95
-2
51
49
-5
37
22
5
72
147
19
25
-8
57
49
39
-3
-7
43
66
43
65
99
28
102
56
124
109
-34
61
51
71
12
90
74
64
47
34
116
131
50
75
68
130
-91
16
31
51
121
110
13
113
47
134
63
73
-6
12
18
142
97
-5
-26
86
135
66
107
85
-17
7
43
107
119
49
38
119
12
57
-33
121
34
78
-6
106
77
63
96
98
95
81
29
37
102
-58
41
45
-17
147
141
80
-38
144
88
78
57
13
100
128
68
110
156
94
101
60
13
25
101
30
64
6
9
-15
-18
18
18
42
58
86
3
96
149
44
126
58
126
-6
31
27
47
44
70
175
86
15
60
85
-5
62
73
7
16
50
61
18
39
9
87
52
56
34
52
40
25
115
-59
25
23
134
24
73
44
72
134
76
78
64
-65
75
72
147
93
80
40
80
73
78
184
148
58
204
36
43
22
17
81
88
107
20
121
130
1
71
66
77
80
11
60
134
71
89
56
56
139
113
-70
31
0
-54
47
100
126
100
-89
101
-10
64
6
91
-4
102
-6
109
-2
143
32
57
82
84
152
30
55
81
37
91
148
36
36
-29
43
6
-3
51
-42
33
123
-28
-1
34
20
40
-3
58
27
21
-2
53
20
34
57
45
61
71
-16
53
77
-18
33
4
94
110
17
82
19
18
101
-63
-123
19
98
42
159
79
41
98
5
56
17
37
93
123
76
57
31
-12
52
-65
81
-11
114
116
163
10
31
16
105
161
-25
-62
103
94
67
79
33
72
91
61
65
132
97
51
-11
86
121
45
47
160
16
132
63
-1
116
38
50
57
22
39
25
56
21
-19
0
-34
65
89
6
73
82
-33
116
101
7
81
9
72
51
-45
147
76
-21
26
22
-1
82
30
145
128
99
137
94
138
-1
32
42
154
-28
174
153
120
56
-20
139
34
91
1
-36
30
97
42
73
33
88
83
105
9
32
55
105
68
-21
98
-18
40
109
-20
37
54
120
-13
56
130
26
34
71
87
32
66
24
51
40
55
85
0
-32
56
-10
58
121
-28
79
-9
74
-1
80
-17
70
2
128
16
89
50
18
61
78
90
113
-50
1
83
59
-44
19
32
65
22
187
-19
-10
-25
23
-66
121
3
60
-13
94
84
60
35
128
10
30
30
2
-1
41
51
83
48
80
20
27
-51
5
-142
45
79
41
-29
-60
67
58
71
23
69
-26
26
48
69
42
135
88
21
106
-41
119
-4
147
39
207
25
2
121
71
30
152
71
65
85
44
80
27
40
132
110
-1
-20
149
19
135
50
108
10
186
42
57
152
143
-60
119
-28
56
60
67
-33
167
129
39
15
19
72
71
75
12
77
102
47
106
30
82
33
-23
120
109
108
69
26
0
57
-43
19
57
101
89
37
114
70
-19
51
17
63
108
111
2
74
52
-56
43
36
141
46
82
18
43
58
73
-2
82
17
59
52
85
51
22
-31
65
72
30
20
16
93
35
95
20
72
105
68
135
124
14
-3
116
54
59
13
104
69
77
69
-21
139
68
44
116
78
107
93
62
109
-20
135
54
49
97
108
70
18
73
23
20
13
53
61
38
84
82
46
94
20
86
36
93
70
34
94
118
118
-31
85
-29
292
26
2
6
92
95
99
119
78
27
11
0
71
65
29
26
64
119
34
112
-3
38
102
-24
-56
59
11
25
-2
58
-31
93
69
91
94
25
114
27
84
104
42
191
28
40
144
113
118
40
232
76
108
39
135
73
114
134
107
10
93
95
-14
-50
-43
100
-29
63
59
123
110
43
116
51
76
7
78
113
65
46
64
12
100
150
219
21
-11
5
-21
22
146
-23
-58
52
92
-70
80
48
107
49
10
203
114
25
19
25
72
106
76
11
63
58
2
78
36
35
149
90
50
-41
25
-15
52
61
-44
130
3
20
46
20
97
-44
21
81
38
64
-1
93
27
23
89
113
75
37
97
65
112
89
79
83
-38
39
33
33
41
32
-12
43
48
30
9
-27
5
-4
36
39
70
61
-59
-35
154
33
43
49
81
51
150
30
96
44
58
36
86
97
85
129
53
77
13
-53
40
5
44
-44
45
91
51
138
48
22
84
108
159
49
1
66
36
91
42
-47
60
77
126
44
94
94
8
44
39
56
30
-4
103
84
82
112
96
16
68
89
22
33
96
27
65
6
-30
107
154
11
69
122
-2
97
4
36
57
57
43
0
-25
52
37
14
-31
35
-2
84
104
-26
24
70
108
98
81
61
79
-27
110
131
48
-34
54
31
37
65
76
-33
188
94
66
9
116
50
5
73
24
143
39
68
252
56
33
52
114
102
76
25
58
66
64
56
17
40
65
76
77
81
50
40
68
37
112
32
56
-29
44
76
146
52
119
-17
79
84
87
115
19
94
25
120
0
43
-29
40
-47
24
88
26
116
44
78
29
17
90
113
42
67
155
95
5
67
147
88
110
-31
48
64
119
132
43
21
60
125
78
63
148
52
60
74
110
68
128
-60
-28
138
75
113
5
65
77
5
69
49
60
-44
21
33
100
108
59
85
104
138
43
37
-66
11
-5
63
131
2
68
-26
100
-20
1
-27
55
66
147
79
44
132
-5
46
31
-41
80
16
169
71
181
55
50
33
4
39
-89
143
175
-24
51
66
71
120
102
-11
80
86
10
123
52
66
-25
52
36
1
124
137
47
154
49
50
48
21
-34
85
-28
7
128
30
83
11
-31
183
30
45
97
7
60
35
115
79
101
6
58
18
42
93
39
77
70
175
20
32
10
83
75
31
-123
106
100
74
61
12
56
193
58
50
10
110
9
63
26
76
84
-7
95
105
109
154
121
17
57
44
78
70
23
94
66
39
93
10
25
43
71
97
28
-14
40
-24
34
103
1
-38
-8
115
66
24
-1
88
78
122
138
-41
-42
22
38
137
159
74
-18
19
-9
19
17
72
-10
-13
94
82
44
87
112
51
67
24
172
201
58
87
134
22
83
78
51
147
27
105
67
-55
36
130
15
-26
87
61
71
96
54
-8
237
165
37
-6
103
33
75
4
-7
53
0
123
112
-14
89
20
79
71
70
2
79
45
-10
68
55
79
17
-12
30
67
82
39
1
91
-102
35
-27
93
16
60
60
43
70
79
35
198
8
95
107
69
100
44
5
23
45
89
72
219
19
31
30
52
101
-15
-15
72
-8
114
36
95
1
1
43
-24
16
135
66
161
92
198
40
88
97
-16
105
7
17
14
14
90
65
92
14
57
6
101
69
34
32
49
92
22
38
43
91
63
53
67
58
104
73
73
129
138
85
16
67
22
100
77
-25
90
-3
45
-38
33
-31
37
12
46
46
47
66
72
70
47
35
101
65
-40
29
4
20
142
117
19
128
-10
52
160
28
28
156
-30
104
-1
54
0
117
141
-39
-46
85
-8
-31
126
19
40
5
101
109
-94
62
54
131
72
56
146
194
81
0
116
53
40
57
181
45
113
9
13
75
21
11
20
60
56
0
5
94
-41
21
34
13
61
109
45
30
87
-2
23
45
49
121
117
180
20
12
38
82
42
-19
-34
39
53
178
47
165
-57
90
116
41
75
68
148
30
30
83
116
68
40
115
79
57
42
79
43
84
63
84
51
44
122
76
68
128
111
93
49
68
12
54
47
31
19
91
23
94
84
38
102
51
21
-102
20
41
60
44
-24
72
155
36
115
115
16
57
-62
50
99
117
27
-29
139
5
39
106
103
38
120
158
-10
79
98
37
29
246
98
-18
108
-34
133
93
55
20
57
-11
66
60
110
11
40
60
71
-22
44
39
105
-69
17
55
-15
77
-8
142
207
63
52
121
-15
104
137
93
75
9
9
22
104
45
80
-31
93
-26
100
68
53
83
0
67
108
134
39
142
123
45
23
88
131
146
25
28
167
122
37
125
102
18
-32
96
0
-43
74
43
40
126
116
-35
44
76
121
53
65
-40
97
68
21
36
-11
-35
43
44
65
88
134
-33
75
22
89
70
13
79
11
5
52
-10
55
72
72
41
71
89
105
39
33
75
107
40
-15
58
-21
43
116
-18
112
38
88
0
15
63
71
134
-13
47
17
57
5
107
92
171
53
49
44
37
-19
5
-1
50
64
228
36
17
43
86
90
83
31
-7
22
72
-45
44
-19
96
71
75
46
17
75
42
105
38
-5
53
51
95
49
36
85
102
31
5
89
73
58
104
84
29
120
86
1
169
27
114
168
-13
-9
34
71
37
62
28
157
-80
40
65
-57
70
4
45
98
-67
24
98
76
5
95
104
52
34
-7
128
40
57
65
63
67
107
82
156
83
109
45
89
60
43
93
40
83
101
117
85
108
108
108
30
85
35
78
56
110
34
120
54
-7
39
-9
64
-7
-34
56
112
102
128
20
111
53
62
50
53
61
96
149
138
-64
-49
25
59
58
51
46
0
-5
-15
52
63
41
154
34
22
104
67
8
-81
80
51
59
139
-27
-14
23
94
66
47
150
2
66
71
22
50
69
144
37
46
22
-24
-1
-30
-25
31
17
58
39
59
126
101
47
-52
-76
-16
10
85
39
55
139
13
-18
43
-36
7
107
37
75
118
45
117
75
-1
77
171
57
-64
31
28
36
-89
4
69
16
-22
107
105
62
91
77
126
62
162
60
77
-57
3
93
4
-41
43
53
162
-2
5
77
56
56
59
45
69
33
25
42
-16
-7
59
73
130
-55
67
3
8
34
-9
119
123
86
-1
99
30
143
83
86
101
53
73
133
14
69
81
23
117
105
-32
-39
78
93
82
94
-6
21
42
69
121
25
-36
8
65
115
-7
78
292
97
98
29
28
117
33
35
-3
-82
89
79
25
66
-9
54
67
2
43
58
49
134
56
33
12
40
164
-8
104
106
96
73
142
-17
111
31
107
59
57
22
68
71
158
3
54
12
-2
45
-16
96
102
129
138
49
82
99
71
18
117
93
113
54
48
105
-42
54
184
56
-19
6
54
112
127
47
102
128
67
122
143
-12
113
22
68
49
34
14
-4
-56
23
-43
6
80
146
19
106
158
54
63
93
75
73
-92
51
50
28
-20
-38
97
135
81
-24
228
93
-34
35
69
63
10
-25
33
60
1
98
66
82
-19
58
59
52
87
42
28
64
8
132
78
76
-3
113
134
-30
105
44
82
30
66
53
37
-26
150
62
122
116
104
-41
123
47
43
68
72
-5
105
47
-67
100
85
51
68
3
107
79
90
77
-57
91
73
122
91
39
77
-92
-1
125
66
61
39
29
105
97
-3
123
107
90
33
53
57
168
86
-26
17
9
-22
99
237
72
152
23
23
82
61
5
2
84
35
45
12
147
-39
45
12
78
30
11
-9
90
171
65
-8
71
11
102
-52
76
101
85
7
105
90
7
23
74
95
17
40
104
-5
39
57
78
140
72
-30
28
21
38
70
140
1
30
72
-4
121
-85
133
-70
90
113
40
37
-25
75
85
-12
98
134
66
87
67
48
84
50
69
-37
38
71
76
39
85
20
123
3
50
5
37
-13
48
118
53
67
5
36
90
46
27
-20
68
65
10
10
53
65
2
-4
14
1
198
88
4
67
91
32
9
130
119
81
114
-46
60
-48
35
39
33
121
-8
27
151
62
131
33
115
18
66
154
63
75
-2
130
39
72
12
-23
112
92
84
135
110
-1
67
62
26
84
149
68
-12
76
20
78
40
108
78
77
26
111
17
44
47
-41
109
11
-25
-12
83
4
57
14
10
55
39
9
39
34
46
-1
72
37
76
21
65
51
117
223
189
87
139
113
181
3
100
40
61
162
14
180
37
93
42
39
117
7
-9
25
56
141
82
29
21
-30
155
56
-1
92
-3
44
53
65
79
83
-2
60
132
-1
-8
85
29
65
-25
116
107
53
85
23
57
104
72
58
96
82
19
67
-57
21
58
53
87
130
141
62
19
80
16
53
65
53
45
80
130
55
62
116
7
41
30
122
62
29
111
57
57
67
50
112
124
68
63
90
87
-1
90
40
105
55
-59
126
-5
140
17
6
-41
60
22
126
91
53
76
-91
-44
95
25
115
75
26
131
17
99
44
94
65
15
105
54
-8
33
58
76
69
-16
-14
0
92
114
67
109
-14
125
35
14
-26
-15
32
0
46
42
14
7
-3
143
-30
116
30
136
73
39
61
23
-6
11
73
-9
14
82
35
51
-42
194
-1
-37
31
93
9
-44
24
9
9
26
59
54
73
-30
40
22
125
165
36
-18
110
29
48
58
-30
119
73
7
18
22
61
17
85
84
76
63
47
38
9
56
58
0
61
145
78
75
81
38
150
-6
76
67
-19
-6
116
76
27
43
-4
53
69
50
19
65
10
0
98
177
77
87
-93
108
67
53
77
80
78
232
64
113
89
147
-23
106
117
14
80
-5
-35
59
76
56
128
-59
124
19
2
108
-12
45
112
-69
75
130
100
63
67
57
73
6
122
6
76
19
38
-15
52
102
87
52
61
80
23
10
-52
65
151
42
52
64
40
186
90
-18
35
64
42
-13
92
94
67
-13
2
17
39
55
55
103
115
115
44
31
60
0
-2
58
96
-15
-70
94
31
132
59
24
124
25
-6
-4
70
-16
-67
-6
56
46
25
114
-29
57
67
123
72
29
60
97
138
124
53
93
46
129
104
-34
14
51
92
158
11
25
70
-12
33
82
55
85
58
-38
159
112
8
13
88
126
116
67
39
71
26
59
9
113
21
96
76
63
35
75
6
60
78
54
135
82
18
75
44
-57
80
76
90
193
-44
48
12
33
28
115
69
103
126
99
49
13
206
38
33
82
14
19
-19
30
54
20
38
30
-24
80
58
29
19
91
81
57
26
-9
26
-54
-35
80
61
53
125
43
36
27
57
119
90
178
47
96
67
76
95
37
97
-25
31
49
166
103
58
-35
87
27
11
-11
66
80
117
52
120
-45
-24
67
14
157
33
33
159
152
112
44
16
24
82
34
88
-35
38
17
36
101
63
52
9
149
99
-18
-21
-30
93
80
108
-16
72
11
63
48
55
2
21
3
65
108
47
-42
-14
34
-56
34
15
87
123
84
48
134
122
69
19
85
97
130
108
62
57
-42
103
49
67
6
107
83
20
122
1
76
19
-28
69
86
-39
32
198
161
138
45
18
72
-15
46
21
32
43
8
12
21
42
-63
85
139
35
100
18
-19
44
66
-3
43
113
54
46
165
122
51
25
26
-41
118
26
-1
83
36
38
39
42
78
57
103
82
42
-5
163
-13
25
133
-16
45
21
58
23
54
47
60
29
134
109
15
154
109
-105
28
73
82
45
75
90
69
31
42
5
42
-14
76
-44
76
-3
13
-13
-23
16
52
75
82
104
76
57
56
9
38
294
18
-13
15
74
68
106
107
79
153
35
42
24
18
33
20
21
-50
141
104
77
29
51
50
55
46
128
70
146
97
25
119
-9
-25
122
58
38
56
15
88
9
65
46
94
43
62
19
76
55
108
51
132
92
-14
115
86
145
-16
36
29
100
112
85
181
30
86
6
-19
101
135
37
82
129
42
99
67
20
31
144
-19
129
292
-20
29
34
60
118
117
8
78
89
87
143
117
-41
34
80
-9
-8
30
-12
109
79
108
-24
93
-25
57
-9
75
111
23
88
60
102
47
-2
149
6
75
74
35
-43
5
34
75
36
-34
81
-22
-7
75
-19
-63
71
24
-59
5
105
80
65
121
107
-6
86
49
64
81
69
-6
-38
26
57
106
35
73
23
72
82
91
90
19
41
-45
7
-5
-35
10
181
28
158
20
158
103
119
-1
43
77
46
88
64
125
100
40
78
86
94
-23
165
108
15
-8
0
16
13
57
-7
77
35
55
7
86
28
-31
-3
67
29
58
-31
-47
-52
107
117
22
67
34
63
104
99
14
10
-17
44
67
54
81
46
52
143
55
89
78
-5
105
139
55
24
-22
145
109
51
78
7
125
48
43
-53
58
52
42
-44
45
102
-23
128
77
86
42
185
16
72
138
80
1
61
-30
129
-6
-2
48
-25
53
108
110
42
75
32
59
85
-80
47
84
134
93
82
85
11
47
84
16
55
70
129
7
90
126
-23
-39
82
19
74
90
35
51
108
36
37
19
87
57
211
62
30
95
45
23
38
117
2
27
39
-28
125
104
81
47
85
127
65
75
139
77
107
135
124
152
-32
91
-68
42
4
73
56
36
112
76
44
63
90
86
76
99
-18
15
41
41
54
39
75
-12
38
79
27
46
43
71
12
26
25
203
67
81
9
64
162
57
47
-35
45
-29
-55
127
85
105
21
53
117
3
173
87
92
123
2
119
-6
38
181
32
58
61
68
63
70
-24
39
36
77
127
40
-18
49
16
48
43
129
21
45
104
98
167
-64
-10
-7
45
92
78
94
178
2
76
94
90
38
246
44
-33
67
17
41
91
38
89
-40
66
2
83
46
94
23
-10
112
104
6
37
47
26
47
-17
55
72
24
88
4
61
49
75
73
110
18
7
91
67
78
93
51
99
73
20
106
-18
75
30
-5
99
-10
145
96
-1
52
-31
51
45
83
92
-56
50
4
84
27
47
292
53
135
33
-75
-17
18
19
44
44
15
39
29
100
47
-1
24
71
60
61
32
-50
105
-67
165
0
93
61
112
43
57
154
114
-4
35
36
-6
-30
52
-65
14
24
90
41
112
56
44
-18
35
67
19
52
56
82
63
90
-8
103
-35
57
-12
46
-25
141
116
-35
68
21
78
123
16
120
71
45
52
-32
23
-64
126
18
2
33
39
12
40
22
-8
108
35
54
57
2
-1
42
144
81
49
186
58
88
47
24
68
126
52
85
131
147
101
16
82
80
-36
54
-46
9
-14
0
-15
13
34
16
-35
16
90
51
21
78
33
36
128
-4
122
138
8
103
59
44
0
-26
101
104
91
92
19
36
77
110
47
39
88
150
38
21
44
10
103
36
132
128
63
-1
-2
28
90
98
126
1
-2
41
161
47
118
4
24
147
80
125
9
30
-29
57
-12
94
109
29
76
98
36
59
23
116
75
17
62
32
46
69
78
58
101
5
111
27
68
101
0
48
-53
-28
44
-10
23
34
65
83
110
65
75
101
-41
-24
36
52
48
76
91
58
111
-33
44
41
150
16
76
44
83
-34
13
116
29
64
67
18
21
-11
99
128
83
52
119
85
77
-1
160
99
81
7
64
-64
-20
115
-1
42
98
71
-19
16
61
-54
130
6
8
62
88
-17
45
77
126
52
123
4
47
14
11
52
11
6
-1
101
40
77
138
43
25
100
73
56
78
8
90
14
78
45
32
61
34
24
71
67
18
47
37
3
82
66
138
84
-59
33
66
138
18
-89
30
27
-28
59
56
5
42
33
17
-8
131
167
-34
-17
69
103
116
68
119
78
211
70
36
97
25
104
31
86
75
5
13
93
34
0
130
54
-27
3
42
-23
16
61
62
-10
102
33
149
57
-34
54
4
171
106
96
124
69
-23
120
8
-11
-33
80
16
111
139
77
74
-58
8
54
65
74
50
153
64
67
-3
118
71
17
136
46
18
10
-4
-2
36
-24
204
90
158
69
81
101
98
47
151
3
11
99
29
161
6
16
21
35
19
40
91
22
-20
93
81
-53
97
102
21
61
198
83
69
98
-1
30
10
50
54
19
-40
82
73
25
37
84
7
43
-68
54
52
16
73
-12
73
-21
17
27
141
25
45
81
59
112
91
50
108
48
24
16
110
69
24
6
40
-3
-50
37
17
121
67
17
75
-13
65
14
40
100
96
46
87
6
66
-28
54
108
-44
-25
135
81
183
27
128
8
22
74
89
111
84
77
96
39
33
9
-25
82
107
64
-93
90
103
122
11
22
43
67
65
124
1
63
120
-23
10
85
96
-72
28
76
71
30
-13
37
83
54
9
-18
122
24
9
13
34
63
55
69
129
12
-47
132
14
-89
-54
-31
-15
84
65
33
23
24
158
32
-19
78
-29
167
73
198
36
20
109
100
-45
65
163
101
63
42
103
51
66
116
52
71
96
84
17
69
53
211
54
33
-29
38
-31
58
26
-10
35
85
58
-2
104
19
85
3
-56
84
21
60
-16
35
-54
-33
2
0
-96
135
56
112
62
86
112
82
10
104
53
54
71
48
58
120
67
72
19
62
40
32
110
64
19
24
38
105
16
35
70
-2
42
91
104
-58
77
20
36
70
65
135
50
45
61
86
-56
94
90
-32
75
67
207
26
60
55
115
25
92
65
53
96
20
65
108
77
92
73
28
67
53
14
51
22
111
68
80
51
26
94
10
82
66
44
99
18
156
-25
-26
107
148
67
82
-10
4
16
37
51
25
13
36
88
223
30
74
59
51
57
-34
47
82
-1
128
56
4
17
135
137
16
-2
45
58
56
-1
105
71
57
134
67
39
12
27
53
91
104
21
67
105
80
119
35
91
11
9
-63
72
99
-29
2
98
34
206
55
16
28
37
-7
193
62
62
59
16
47
45
-13
162
17
13
78
11
68
126
98
75
72
-15
60
77
71
13
101
20
99
-59
99
83
38
54
0
172
37
18
-15
34
-22
-43
0
139
56
24
31
10
146
73
31
54
59
-36
36
-34
98
87
99
63
-1
-20
35
64
100
60
41
76
122
173
50
35
123
42
-6
24
59
64
79
-41
61
110
123
-21
71
0
84
77
53
3
59
33
97
55
0
77
52
161
7
-4
71
104
45
99
106
92
81
40
53
21
69
109
-26
24
25
80
18
106
125
109
131
52
-46
8
-90
117
84
130
61
15
102
5
-4
104
-5
41
19
-18
128
39
95
124
94
69
17
-11
51
87
50
57
135
101
106
35
58
-13
154
104
-34
66
94
21
-31
119
58
20
-1
21
-5
158
17
37
55
78
18
59
34
163
100
76
50
48
90
135
144
89
142
14
77
81
110
107
56
98
-8
11
10
79
92
59
-61
20
-16
159
-11
70
-48
49
51
124
66
70
43
-6
-11
155
41
-15
39
68
66
52
100
100
30
180
62
-18
99
124
95
115
91
69
81
8
12
94
93
92
52
142
108
36
72
111
85
-32
20
74
55
88
75
139
-12
47
112
90
0
58
-31
76
32
43
-52
33
66
75
8
42
-14
134
93
-1
73
92
113
120
10
11
-15
10
13
105
109
-14
110
96
21
-23
45
28
60
76
-20
98
78
186
90
58
63
19
17
124
2
21
19
26
-27
53
71
146
34
50
-50
43
97
25
61
-6
110
4
52
93
-85
162
33
88
118
96
-55
-23
252
38
52
45
41
61
24
116
54
-42
198
79
87
11
179
83
21
-25
80
96
142
69
69
82
125
3
47
44
53
22
37
46
154
92
18
72
132
42
-47
96
46
-45
33
21
21
78
-4
52
64
35
8
15
25
69
71
26
91
74
95
139
70
26
-1
70
98
104
50
85
133
52
86
38
55
122
-10
154
164
59
66
18
126
133
40
-54
247
109
113
-81
-38
66
86
36
6
-76
38
-29
119
74
2
54
56
65
91
36
13
94
17
89
-25
65
5
58
58
150
92
19
83
105
96
-4
30
58
101
48
-28
106
57
44
26
65
-34
35
61
57
45
-8
7
76
36
25
159
-85
95
4
29
-63
37
51
90
77
-1
-1
32
46
25
-34
10
41
30
-39
72
25
64
94
9
10
-47
54
54
49
-45
-55
30
74
54
107
73
65
77
-24
45
45
19
59
99
1
31
72
91
-20
-18
79
73
72
-6
-12
13
103
37
122
42
115
-94
31
19
78
125
68
97
126
97
-31
132
122
51
45
16
-64
-64
99
89
97
-21
76
-15
28
88
33
-1
17
109
90
53
71
118
35
82
22
66
28
13
84
42
-4
42
40
83
-62
79
39
54
61
109
17
111
84
33
38
114
134
24
-28
52
141
44
53
11
39
47
-1
42
95
88
173
14
60
-28
24
142
123
75
97
42
0
27
-20
33
71
35
51
91
38
-11
124
106
73
132
21
65
35
55
83
-22
6
22
-40
115
61
-1
36
57
65
14
1
38
57
-2
-13
57
75
41
161
40
45
-28
94
40
81
18
58
6
91
25
57
38
51
50
110
103
-4
9
74
-36
85
96
16
45
24
47
76
-102
28
9
125
80
-31
46
-10
115
48
143
-89
3
85
25
47
12
100
113
98
-8
58
53
71
21
33
39
92
49
84
51
11
-9
21
49
101
71
65
58
58
59
-1
32
41
8
152
-43
50
-28
154
140
114
44
68
179
71
11
76
30
-36
-14
72
91
0
138
30
42
43
-9
-17
128
77
184
92
19
112
163
121
53
108
189
17
130
168
-3
35
75
5
55
116
53
63
9
72
97
189
126
52
100
-11
40
68
18
104
-2
85
16
54
17
131
2
-13
82
173
123
133
16
74
32
61
82
85
109
33
67
27
75
28
88
70
189
44
50
81
35
97
146
47
24
-39
45
20
156
116
-23
89
20
110
24
59
21
94
77
93
27
95
35
35
-38
17
9
79
39
-27
38
-2
120
84
108
-5
55
82
107
76
-32
83
16
84
52
45
11
126
11
-30
-39
110
55
98
90
82
143
-32
-13
109
-21
51
121
48
52
56
71
52
65
61
-75
-54
52
31
44
100
55
51
81
74
70
124
136
66
54
141
71
-9
127
-7
76
83
102
37
143
96
16
-37
39
62
-28
84
43
41
54
2
20
129
96
44
69
19
65
67
51
103
94
72
39
143
-15
0
95
23
50
72
40
21
58
51
152
96
2
27
36
75
73
82
171
173
96
120
-30
40
81
1
21
30
134
73
126
45
10
121
4
57
49
14
109
10
-96
89
75
105
118
26
37
65
124
47
7
97
46
30
-46
51
30
93
64
170
85
48
201
-15
64
180
118
119
33
90
2
126
85
9
26
-60
27
65
75
-55
97
85
28
7
64
163
177
26
17
35
-1
128
50
46
73
7
77
-13
89
109
112
104
90
83
107
-25
22
18
-15
25
105
66
81
95
67
99
97
96
7
-4
-20
66
32
63
73
80
7
-46
-5
38
73
4
80
-25
74
2
78
16
-11
0
51
44
117
131
58
18
64
28
43
-4
95
9
27
61
-59
2
112
71
65
109
4
83
17
97
98
66
70
115
31
34
17
51
18
43
100
-10
-57
65
105
49
134
50
16
56
116
26
9
4
50
80
109
114
85
-13
17
57
50
147
136
186
39
35
52
-23
70
22
134
27
-39
11
-8
-6
59
-30
166
122
22
122
13
34
3
145
10
25
-1
-9
102
79
39
96
48
-142
-41
-19
-45
46
57
67
-43
74
29
93
7
4
13
39
42
25
61
128
39
83
56
32
-18
46
-2
81
82
94
49
112
109
76
5
149
-13
-34
66
178
53
40
97
1
188
36
68
42
81
82
69
139
32
44
25
81
140
63
44
-44
115
108
26
97
17
32
67
31
-2
38
70
95
57
21
268
160
41
75
56
73
45
2
80
65
50
80
54
29
91
141
84
-4
-15
76
8
69
9
72
77
123
63
105
72
122
-4
-7
-21
28
58
38
26
77
49
-32
44
99
63
129
72
83
-41
125
21
10
77
191
71
100
-90
73
2
