-156
-146
818
-157
-213
47
-205
-43
132
-82
-97
-217
282
66
102
-22
-220
306
67
215
123
-207
-76
205
-598
-109
-190
-239
19
-201
-132
-618
-182
-214
1
142
-224
151
376
-280
-244
72
-32
-251
-20
-259
-112
136
-185
-222
177
-231
-342
13
265
-73
-398
285
-105
71
-135
-261
116
177
-202
-200
-222
518
-54
42
-229
-195
96
-295
-243
-150
154
128
58
-72
127
227
219
7
-352
-263
-235
59
66
-20
129
-260
-29
177
4
-230
-110
-506
71
137
-203
245
140
82
11
-90
40
101
399
-92
20
-274
190
-300
127
-224
127
526
-122
-256
-260
-187
-101
-267
40
148
-168
330
80
480
-303
52
-140
-442
531
-79
696
50
-135
-17
134
62
181
-161
23
-132
80
208
-206
-232
-221
-2
-225
-133
107
134
177
-311
-123
-53
-47
-159
-241
-73
-224
274
57
55
189
288
-158
-196
-253
-75
-21
265
-147
-12
-59
-276
50
86
88
-144
285
-55
65
-171
177
-476
-183
-156
145
-213
8
-100
-24
-232
35
163
185
358
-482
210
-621
88
-366
462
281
-212
-13
-741
-99
-81
-285
-206
-150
-145
-497
-229
-5
121
196
-248
-191
-1065
-190
-35
-462
175
-159
-88
-201
-171
-262
60
-132
270
-203
46
-195
-144
156
273
2
-156
-236
-230
375
252
-155
-305
-197
86
2
-232
177
357
-142
-32
3
135
-159
-214
43
189
-262
-221
304
82
240
-265
-163
18
-188
-172
-75
-207
-239
-260
-18
287
43
-150
161
-103
-105
224
-274
59
-82
-421
-123
297
-238
186
160
-699
-41
-123
125
245
-266
-254
488
19
-172
8
254
56
172
-422
126
193
-100
-201
-286
-632
308
-255
-60
980
-193
243
170
68
-238
-89
67
-28
583
241
-302
-47
-88
-45
-244
-280
-116
95
-23
-45
0
10
-114
-146
-48
-299
-137
-181
263
-272
-466
507
-229
593
-280
-442
-133
217
-143
-16
66
-139
151
107
-602
72
-56
103
239
-78
-272
174
-125
136
-84
-55
-409
256
-10
265
-261
217
-205
84
-232
-77
-287
-237
-91
-649
277
-310
-90
19
253
18
46
157
30
-282
22
20
141
-264
11
-61
76
253
-478
-245
-68
-179
101
-825
-56
-17
-329
-185
-124
83
630
251
78
145
-241
35
78
232
-188
190
-188
71
-239
-12
-184
195
-318
-197
-206
-227
-20
187
-443
-211
144
38
96
209
537
16
227
522
58
-168
-172
-99
-145
127
-28
-106
-173
240
-142
-195
259
-7
-86
-26
-183
-171
-179
157
195
269
-191
-381
59
3
-102
395
-109
127
43
135
-101
84
-266
-168
208
95
-47
466
750
113
-230
63
23
6
-20
-277
128
387
-874
220
148
136
-295
21
-90
-283
187
-53
162
269
-36
-34
241
-251
-307
31
209
228
732
-204
-75
-91
-268
27
495
-157
390
538
46
220
583
60
248
-125
523
78
-196
-160
117
103
158
94
-2
350
155
-134
-189
45
96
-153
-45
-230
33
-379
87
-6
40
-308
-30
212
-144
63
-121
102
240
142
167
582
195
-104
-246
-62
-198
-6
118
141
-60
89
-53
-172
-399
243
103
145
-267
181
593
-152
-3
-209
57
-13
144
-310
9
375
322
-266
106
87
-87
239
215
241
38
-188
-59
56
221
-302
162
180
269
-173
-620
-318
-238
241
-230
-55
121
107
26
-171
101
-43
8
101
-248
91
-264
167
-206
63
104
-233
-117
59
-161
73
-55
28
-38
43
159
116
-88
81
-109
-113
1
304
-42
240
-116
261
48
127
-340
-24
124
232
-775
-104
-117
22
-128
238
-254
-492
-101
-117
460
-196
254
194
79
170
-152
135
-107
-355
189
119
214
-191
137
196
74
194
145
-149
-161
-241
-65
-82
-213
68
-390
-35
160
210
65
-133
90
-149
119
-31
-11
254
-305
-181
-234
-82
-322
-26
131
-241
-259
201
-35
-50
71
-139
98
-74
-245
136
-99
16
686
233
-114
-167
230
-55
-156
-547
-362
173
179
-280
754
150
-72
65
-366
127
-16
-69
33
-254
-207
-270
131
-354
-254
-229
-101
215
-47
-116
388
43
-41
-210
-199
200
-470
122
45
152
98
-108
44
205
-210
117
-341
-522
-210
-118
-103
-272
-102
739
-188
-213
-82
-77
-255
980
52
-121
41
-269
-226
35
-261
307
-8
-81
273
119
121
12
-268
-39
208
-107
47
148
114
-280
-134
66
-175
-236
-37
-101
260
-215
19
-79
-251
300
-53
359
-27
3
148
127
-276
12
-189
172
-39
59
50
66
-18
-37
-275
130
-137
-87
308
-35
172
39
252
-216
76
2
139
-188
-13
-231
189
433
-140
-396
-187
-99
163
-239
156
-201
495
-381
-288
-213
-20
366
-264
-306
-400
-223
200
166
124
391
33
99
-203
199
132
-143
-332
-54
49
211
-231
232
314
-231
-201
-297
177
125
-248
134
-223
-126
-25
-256
193
-334
-150
-55
-224
94
129
-216
-332
-48
90
-382
57
-356
-59
2
-4
-325
-192
16
81
-190
59
-240
308
46
-238
159
-250
-285
187
-27
-20
167
-213
195
208
184
-237
451
79
64
103
-1
64
25
-160
-151
275
-139
-6
24
-79
-72
-227
-105
-193
52
229
145
-205
40
82
252
-354
125
-247
-340
95
601
-281
152
72
212
-98
39
256
-27
-191
-178
20
212
727
-330
257
7
-72
23
435
-31
-23
243
-197
-114
248
-30
291
-137
62
23
-206
330
60
189
-207
590
109
-238
-28
-172
-247
324
-207
63
163
-239
61
-1
13
-191
-185
262
73
-144
173
127
49
-232
120
92
221
0
7
835
229
-602
175
186
-255
2
-244
66
85
131
0
-171
-118
180
490
252
431
207
-179
285
-219
366
-189
-36
-228
-206
-295
-148
-155
44
-595
52
-231
21
323
293
-150
-210
95
-274
-18
-351
-604
167
185
423
214
-224
76
-19
207
30
-82
69
-564
-272
23
-16
150
-488
53
65
256
81
-212
57
72
-95
160
-244
266
-379
76
104
-241
257
13
-185
-226
-239
-213
381
261
43
-234
-12
107
-264
43
-190
202
173
58
-99
-181
-68
-140
-256
-222
-136
93
116
-148
-132
127
-23
145
-340
414
-210
106
285
-118
19
-318
-266
203
-100
115
96
219
714
293
250
-271
56
-79
-222
286
83
89
75
126
-167
104
120
149
128
96
53
50
-22
-121
-174
-60
-121
390
231
257
-64
247
-188
138
114
-69
-105
72
-61
114
101
88
-195
-289
-187
59
-224
-194
46
266
-283
-2
-182
177
-56
150
-216
742
-116
-115
310
894
524
-228
-340
113
-305
-143
-146
-135
-75
-147
-34
-145
-561
90
-208
-244
-206
-264
258
-247
-178
13
-185
-236
23
200
487
-319
-2
107
47
189
-248
-641
87
183
-198
-178
429
-235
-403
225
100
-35
95
70
-94
-170
-224
300
-294
524
-27
68
-52
-183
189
58
-158
-284
90
81
200
62
-84
-189
-111
-483
-435
-54
66
-234
445
121
-4
-169
32
-208
176
-150
-168
-243
6
-290
166
76
-49
125
169
-168
-259
27
-146
38
-256
-175
-1066
-168
-238
-169
-43
46
111
-57
145
-257
49
-311
210
62
-238
109
-39
21
63
148
-195
-184
51
176
894
180
-193
215
852
-28
-177
-231
-70
-81
131
-255
33
125
236
78
157
11
818
-155
120
-294
200
-298
-199
-111
-108
111
-99
165
-154
59
-5
-94
191
-281
-225
66
46
183
-204
52
385
-148
-341
50
-32
230
33
116
27
40
210
215
-12
219
-1
122
-820
-253
-109
143
244
-421
-133
-561
-197
-102
449
625
-198
189
159
132
259
-672
-29
299
-174
-232
-137
252
-36
-238
-25
48
12
312
-87
104
220
-209
351
-78
-77
21
3
7
-17
6
113
-221
617
-33
-93
74
70
56
368
-40
-180
-117
131
-208
193
-124
259
29
383
293
20
146
285
-253
-118
-143
101
143
-239
255
-1066
-32
-12
47
109
-8
233
376
-173
-210
134
-166
85
87
115
106
-182
12
-87
-82
-165
-131
-206
-138
220
-606
201
-50
252
106
65
7
-171
223
126
267
-358
132
-123
-93
82
-220
64
-377
109
101
219
187
-61
95
77
155
-223
-51
451
-185
229
-113
-27
-45
-278
-9
339
459
91
180
-358
-186
-59
-285
-132
108
-61
-272
-237
-192
278
245
246
-150
35
96
-285
187
97
-349
-243
24
178
59
-84
-88
-129
19
332
-213
-74
27
-237
133
-273
-352
-41
-143
180
21
-257
94
339
12
-165
-184
163
230
-222
58
-19
97
167
76
-18
-730
-163
-296
108
-571
-141
-266
-89
-25
-240
8
-295
-22
-187
133
-251
-9
-35
155
-28
41
47
-213
-229
205
-273
154
-222
-107
-245
-72
-8
-1
250
-93
243
-95
183
-1
-255
155
33
-163
-210
98
123
373
-345
-116
100
-238
55
-249
-146
-136
-28
-93
287
89
-140
-92
109
117
196
366
292
375
-69
-35
-317
105
221
-59
-508
18
330
-366
23
-599
601
156
-318
299
173
-107
399
186
165
-213
422
-632
56
372
-75
88
-277
-641
-130
221
136
-72
50
272
-238
-12
-94
96
-124
205
-132
649
-7
-32
-140
44
-151
-60
-298
-194
193
171
-210
-206
101
2
-68
376
-77
46
162
-79
-312
323
-87
56
87
136
-75
-260
-377
-56
-3
-268
-184
-358
-99
-69
-4
19
-71
-86
57
-54
-30
142
-33
-310
29
151
40
106
-256
250
12
-191
38
167
108
203
-137
82
-86
132
625
59
-94
-438
171
149
-262
-229
137
283
-190
-70
-128
-266
-118
299
104
8
155
-212
296
-302
-80
-93
177
-293
69
-1
233
101
106
-256
346
-307
38
40
-297
-103
-32
63
-19
133
158
215
-66
195
-149
-10
93
-117
364
-229
66
13
10
-311
-17
430
-45
-264
205
-325
-171
-376
-48
-32
196
344
98
257
26
34
245
-135
-207
160
-169
-285
43
-155
697
248
-195
-172
-168
192
212
-273
-250
183
6
-217
119
-32
212
57
-239
76
84
-222
83
-9
-245
160
447
-655
231
-125
-112
-123
-874
90
47
75
221
-761
51
-148
-42
82
157
-63
-18
-222
-255
39
66
-107
-186
-142
125
138
-107
341
141
207
-347
414
161
239
-547
-248
-188
-137
183
96
-226
373
83
86
-192
-276
158
-131
46
-46
-177
54
242
105
-56
-53
44
-73
45
231
47
-318
135
525
-264
293
177
13
-116
-101
-442
241
-78
39
13
-160
262
-556
-230
64
254
-261
138
78
44
156
10
-479
-343
-253
-187
-233
507
73
95
90
-537
-264
-43
-141
444
248
193
307
-119
-292
9
-123
118
-140
23
155
345
39
-242
-104
-153
-152
-427
31
106
-131
-109
-78
-107
-6
-426
-135
-120
23
-113
49
-103
57
-276
-136
-171
-210
442
22
-105
141
16
-124
122
-7
168
47
147
42
-178
-124
524
37
87
113
415
176
108
-599
-73
130
-158
117
-96
-470
-421
-307
50
-180
152
-183
-165
-31
-192
-155
109
123
-139
263
239
78
-38
-55
-273
-7
164
234
72
-212
173
-11
-261
-161
-159
-47
91
400
-142
-489
-33
-7
-251
-203
-78
55
121
222
88
227
-176
517
332
173
80
-98
286
719
-181
-288
-169
-180
-304
-135
-188
-95
154
-12
319
8
-213
-150
-107
76
2
-221
-270
74
-109
-192
153
20
-621
-122
-189
59
-242
-7
-156
90
-19
225
-238
106
-275
-208
-72
-31
135
-47
117
-189
-276
-267
80
252
45
159
-292
-71
-189
134
163
-142
305
199
-99
-256
-477
530
151
95
-134
151
-462
177
17
79
80
-7
26
273
-189
245
-14
-196
232
-242
131
90
25
-135
-205
138
12
555
-77
87
-338
102
-125
-4
-215
-181
287
327
193
-188
259
131
311
-36
12
-159
-15
214
31
96
6
-220
221
-266
-6
-180
460
232
-125
19
197
-132
-10
262
43
-220
28
144
-379
-185
114
-446
-358
-203
-147
555
-42
149
133
-333
287
82
-110
-253
-224
-239
-250
-200
-116
89
-227
86
-1
-6
-191
-150
-6
66
114
123
153
257
117
-308
192
91
143
168
-41
-243
173
117
122
-289
42
258
159
-9
-206
102
345
226
-14
-123
208
194
58
238
-65
20
20
-283
-138
-72
-51
-249
-16
196
323
-178
-155
40
-248
-105
76
-222
40
-126
534
-217
8
-251
106
327
41
136
-306
91
-22
213
48
8
270
-148
171
309
-71
40
192
-97
-59
130
210
-272
15
-544
-4
431
171
-326
220
137
-180
175
-188
-153
-173
-203
367
-192
-427
104
-640
344
-318
-201
-303
-137
-446
-274
-135
70
132
-33
-102
230
-355
467
-48
-233
171
-233
-26
254
176
-34
22
-175
60
119
-233
-217
-137
-238
88
305
41
-376
-78
-13
-825
-116
64
50
49
690
-298
59
130
-241
-2
59
-252
-478
94
253
277
121
124
-228
126
-69
-332
291
-497
126
-292
14
200
-23
124
-358
200
-217
262
-75
-209
273
-14
57
196
-7
85
-155
229
88
-173
226
49
-271
120
-323
109
2
-303
566
114
149
618
-255
-114
-80
217
-46
-7
-358
705
-134
-82
372
64
-269
-159
-240
-229
-152
-7
359
175
-236
-151
87
341
32
123
-390
618
-77
-12
-275
7
-74
-200
-308
30
-202
191
-277
-199
-242
168
228
39
275
84
-248
353
-266
130
-188
-213
251
44
161
224
-205
12
-28
93
-135
-229
531
184
33
-223
267
-190
-230
78
215
-335
51
41
421
-143
161
-262
189
85
338
277
-325
-242
150
30
308
-124
171
85
103
-255
329
-204
-452
32
-107
-330
-75
47
-178
241
78
276
385
73
221
37
201
18
-51
-77
-394
-522
247
223
88
-167
57
-118
104
-418
258
-141
-124
-237
-176
229
-127
146
-53
-266
236
-88
-203
187
-316
-7
262
23
-71
-213
-16
-384
-75
78
156
167
-668
-192
155
-239
228
508
-180
3
-205
338
116
101
-143
-261
156
-135
263
-55
-250
-33
-13
-345
-118
386
-368
113
-178
29
262
-175
449
-151
53
126
415
-307
272
96
-56
-79
-63
335
-160
80
89
-270
89
-319
14
414
-51
13
-46
192
217
-273
367
177
101
-346
380
-72
-22
113
61
-29
267
-63
64
207
-328
-484
369
179
172
-251
-55
-183
336
-160
-235
-1
-312
157
94
-208
269
201
185
-254
-362
-18
37
-43
176
-280
112
11
250
-176
-260
258
-310
49
292
144
-263
32
165
-159
-159
35
156
127
240
-366
3
98
45
-246
-47
-114
-75
-148
127
-508
-57
-263
-261
90
179
114
183
81
207
-145
-510
-206
-181
-259
210
-199
-34
-4
64
-117
86
12
17
68
-124
37
-282
593
-6
-23
52
-99
-294
95
-351
148
155
-207
-218
-197
156
84
-274
-211
181
-206
67
-274
-184
-244
173
-36
-209
-449
253
66
-203
-214
-131
-117
-230
145
-228
276
-571
-207
-67
-304
-118
-212
-110
-145
-1
59
152
23
-59
-285
197
-7
-275
-271
-384
-292
26
-67
113
-244
180
-29
92
518
78
-56
-62
-31
137
-229
-203
-356
165
362
129
212
-90
209
-429
-285
-10
-147
88
14
20
23
90
118
403
-80
-232
-65
193
120
-112
-39
114
-228
-30
-256
-278
-235
65
-147
-188
770
59
-173
-9
-10
-245
254
-227
312
153
-206
208
-167
59
462
-84
-322
145
-2
442
386
-8
-185
-225
197
-239
175
-159
-115
13
-206
260
-174
556
111
-263
783
-346
112
153
81
-220
115
433
154
107
183
-209
241
332
-222
-94
173
-228
47
16
-243
183
259
97
-648
367
34
120
45
-201
-361
-192
141
-67
-264
18
264
27
8
336
109
-240
213
23
163
-611
239
-103
26
-668
-180
-78
127
-333
-398
27
270
372
-369
-96
-178
-149
130
-290
59
-114
-218
-276
46
-76
-221
316
-229
230
187
-211
207
102
154
-348
13
-78
228
325
-69
-45
-215
-201
-202
-76
334
-278
154
-208
-103
-80
-161
-61
-206
-188
-248
-70
6
-45
117
49
-194
-264
59
243
-279
8
45
-205
372
183
0
-713
-196
373
-58
67
120
-262
-245
-166
292
27
-229
161
-21
167
357
207
32
-143
22
-15
135
26
-154
22
-53
149
-317
30
-277
110
-69
78
149
186
273
-223
-205
354
-170
-127
66
227
163
-390
331
-137
-163
-515
0
74
-28
-346
-152
47
249
311
99
220
127
131
246
86
68
-246
-168
-223
-260
167
64
186
491
-53
696
214
86
-390
85
-358
107
235
-164
-233
-126
-28
-275
335
-92
-158
-165
-568
-396
-92
763
-161
-140
21
74
536
-198
-125
8
-318
-27
-462
131
-218
-218
-239
-123
92
106
-114
173
219
416
518
-186
-3
8
-190
-242
-81
184
-70
85
86
89
-155
-233
84
203
-117
-193
193
-222
-38
38
-185
44
-185
-213
20
-53
21
59
-40
562
300
81
-146
-174
112
122
30
68
241
-231
-346
-158
113
-210
-108
248
388
160
-250
229
-457
-227
-280
-248
-187
-403
26
59
-184
163
259
-116
-47
60
-41
-595
-229
83
-97
490
-199
-335
-82
214
-2
-142
232
38
215
143
-23
253
-18
127
243
-154
-125
142
-323
122
-123
8
173
78
13
-696
-161
47
244
-274
-19
309
-150
-92
-85
-188
-36
-79
253
-264
142
-2
-153
90
-96
-203
238
-25
-184
131
-121
-190
130
-369
-119
-188
-114
-215
-42
-56
-126
-280
47
189
357
-240
399
-157
-268
165
-292
-242
-90
56
-125
-154
-223
93
32
107
-38
37
48
534
81
18
198
-59
-391
163
40
-207
275
232
159
421
136
-125
-8
-206
-180
0
-270
-76
-292
65
-34
116
337
-160
-70
-4
630
152
-43
70
-173
-311
-126
-624
18
204
-146
-235
275
-57
70
251
-315
-187
-266
28
85
-2
-409
127
55
-108
107
611
51
-403
131
-237
-304
7
-171
759
539
-32
19
12
104
-73
-151
-62
241
-38
18
2
210
-696
105
225
175
-137
-292
-262
-132
57
-143
268
164
40
358
34
25
95
-7
-110
-200
-213
28
194
-244
8
-238
-16
482
162
582
538
66
126
-272
615
99
76
-401
43
-137
-390
233
87
-201
272
273
-178
187
-316
217
175
66
-20
-106
-347
178
-1
117
-91
213
-10
-16
210
104
81
126
-139
53
257
53
428
91
-96
-101
-34
125
305
109
-53
-214
-194
-27
146
51
44
-377
-14
-5
362
113
-426
-77
-492
134
-193
-122
164
116
-159
-88
-117
2
38
-247
-100
202
-143
-26
-239
-478
-11
-205
84
56
7
127
179
202
215
242
62
85
31
-144
118
-476
247
28
38
101
-140
-98
56
-138
-258
-364
35
445
121
-63
13
-332
9
159
478
122
130
13
506
-29
-134
-249
381
368
-210
275
-220
262
131
-183
80
-330
204
-567
-529
-86
-337
195
23
-352
-263
270
127
-123
106
-304
33
127
184
60
213
303
156
-88
262
198
-318
-224
-210
-118
76
-301
-140
-166
-183
-150
3
153
78
27
260
263
105
-195
183
584
144
-279
-4
-141
-135
-271
144
52
159
-131
-231
123
447
-273
272
32
-444
122
-232
116
155
50
-80
-99
-178
264
-239
-142
207
167
-123
-227
-415
209
89
113
-99
-161
-187
8
254
171
223
-220
46
-114
-330
-272
-134
460
118
779
-137
204
-93
19
258
193
78
-69
1
-225
155
229
-184
-250
-304
452
34
106
-173
172
124
-107
-181
-95
187
-8
144
109
244
-123
-127
-149
542
-131
-3
216
-58
200
-249
97
-183
-185
33
86
-90
793
45
-63
21
59
143
32
35
-165
217
67
127
254
-12
593
66
-242
86
-125
-296
-81
79
56
147
-141
-193
322
256
-175
852
236
163
119
-297
-216
-184
215
16
-53
150
132
-299
-95
-186
-446
-246
245
-37
-22
62
-255
-523
-56
136
268
132
-135
233
109
172
489
36
248
-88
231
-45
-24
452
-304
-221
246
-346
88
45
25
155
-273
-53
181
199
66
-141
-168
-327
-102
-100
-138
117
41
69
-113
26
243
-208
-239
105
88
-172
-210
-185
452
-195
3
-186
111
-470
-390
98
229
47
83
-564
-160
-158
-9
30
35
314
234
2
227
-222
-146
124
-68
171
-139
158
175
-317
154
171
38
-197
99
16
11
153
253
344
167
-192
221
-106
181
-349
-82
-39
-1065
163
110
-27
41
155
-107
26
177
-162
-208
-291
-173
-260
-297
-88
128
-66
91
-205
-90
-93
-201
-433
265
-65
-172
41
-122
-43
90
-369
232
-107
-10
180
-250
51
34
-190
-113
-115
-199
0
-286
-203
-30
22
-222
-200
110
142
-67
-51
-484
-215
-89
-221
58
217
5
-244
-146
352
68
-108
120
41
48
22
314
-88
-22
35
-239
194
287
732
24
66
-70
59
163
185
159
-283
177
132
302
-105
72
68
459
145
107
-159
-179
-300
-132
-143
27
69
439
-73
-10
-73
-488
-176
61
66
125
84
-124
-156
241
-210
-46
524
127
147
312
16
21
-135
300
-239
377
-164
-188
423
209
436
-347
-190
-199
-37
142
142
72
-97
35
-94
-242
275
3
-251
245
-1
83
-193
-1
106
19
258
-123
-199
-253
305
68
97
203
-5
-198
306
135
51
230
-261
117
265
257
353
-180
-92
114
63
-33
176
68
-5
-163
126
32
148
-218
247
-7
181
-167
-227
275
-32
-59
161
177
53
-119
-118
368
232
-242
-518
-187
65
-289
428
134
-28
145
-196
139
-92
-104
193
123
-165
26
173
-16
106
36
-332
-311
-220
-347
-341
23
68
-146
-672
96
190
-904
-131
434
91
-100
120
-344
171
-180
20
-32
-174
-306
-9
-336
-51
269
-72
-102
-94
394
-166
3
242
66
158
107
-262
-290
-71
175
-14
-306
-271
-258
22
104
41
325
205
-206
535
-194
270
-79
116
-602
-160
-82
-421
-11
-197
-178
138
170
280
88
338
83
-135
-151
-149
102
-55
-637
-239
-606
57
241
-152
115
-123
108
-78
387
-23
-25
369
297
245
43
-43
-93
-161
-83
-204
-260
-135
-466
-210
-279
-186
242
56
-294
97
135
-317
-183
-74
-188
93
191
189
173
-203
193
130
-88
-88
57
116
62
-184
-270
-640
433
-7
-54
151
-133
251
299
144
26
-264
352
264
-369
-176
177
59
-478
-124
-314
-36
-145
-143
106
-250
-114
246
163
-157
25
191
181
149
405
74
-116
258
-293
-256
-293
98
-40
434
236
48
12
-160
252
-170
154
122
75
-123
-171
22
-238
-114
113
56
109
-197
144
243
-119
168
-12
-482
-289
-261
-18
-305
148
172
93
200
-321
-332
210
33
101
-242
-7
358
197
-31
35
136
-94
247
-42
128
-137
-268
54
-88
-108
-114
-268
142
70
-224
-135
82
-96
-238
727
144
-119
-324
81
-88
41
-227
46
-356
-63
-145
122
121
25
-272
-32
-151
-329
-173
137
79
163
199
357
-252
83
3
-142
314
32
164
-24
-327
155
-179
84
699
-280
462
190
44
-251
404
-239
90
-315
-268
-2
-280
24
-655
23
-188
-80
-107
-285
105
58
-46
-175
37
-534
-80
435
187
106
133
-253
245
252
-247
-218
10
114
-453
-151
63
-229
75
-188
156
59
742
338
61
-167
93
515
7
-171
-295
-96
165
205
-266
-287
79
47
435
9
-142
220
78
147
-258
91
177
106
172
128
305
87
100
104
79
95
385
-105
445
-325
-19
-97
4
350
-80
157
14
171
252
268
-182
380
143
252
29
62
-79
252
-105
692
-13
90
-343
495
-144
-133
136
-274
-224
157
-217
-150
386
-105
78
-102
34
350
-201
-276
-111
229
-12
-201
312
394
1
79
56
104
206
231
136
-150
172
134
-37
20
72
-295
177
221
138
177
218
40
-163
258
38
-78
148
-241
175
-74
-21
-92
-422
173
-297
96
-77
-388
-135
-74
-193
44
-178
233
-257
-244
-369
-135
-212
77
429
220
-159
-20
552
339
-266
-186
57
357
-4
88
172
-431
350
140
-274
-273
99
253
108
-606
128
180
66
32
336
194
45
-3
-300
221
132
-207
-174
-239
94
-64
-70
-126
-103
131
207
-141
156
129
183
67
-159
323
-470
-227
238
-249
82
70
165
206
-128
282
-9
145
-483
12
211
-147
123
21
-257
444
156
-121
-160
-81
-135
45
263
287
-271
-99
-187
143
-149
-77
-291
171
346
-178
-218
246
227
-261
-151
-80
-226
414
-201
-287
104
147
122
-16
303
-136
-273
13
80
-121
395
-135
-241
414
66
231
86
201
-288
86
-195
-303
-225
63
165
-73
106
-50
833
44
-150
-259
-198
368
-196
-309
630
-84
103
-292
418
-270
63
-40
-233
-206
244
78
211
263
-289
-349
97
-263
-67
297
-243
-283
-35
-4
23
-267
-37
227
-244
558
-273
-162
214
-216
222
156
156
549
14
153
178
-359
43
276
71
-150
110
-164
180
-246
-56
229
219
-32
364
-187
-56
-231
85
30
167
192
-530
-102
-267
61
282
-199
108
14
-114
-111
411
-233
201
-204
-176
-123
165
107
416
120
286
-370
-311
-800
292
-340
-190
-320
-206
181
425
-41
167
-102
237
33
-299
-202
-202
-225
246
-265
109
-60
-42
-13
0
-352
-232
390
169
-41
-205
9
488
-390
-19
-137
-241
-260
28
90
148
-11
119
-142
302
248
-43
98
242
119
-276
-317
-106
146
92
-86
-234
78
-187
2
463
163
611
-259
-8
-319
-142
537
230
-15
50
175
-307
-206
284
292
48
-124
-298
-243
-157
198
-37
109
-92
138
64
132
-266
62
156
-253
142
104
-242
-230
232
-111
-144
74
-257
381
0
307
295
46
-161
86
-270
-699
-242
173
-113
-131
-179
184
-293
108
-59
142
-381
739
-355
128
151
192
39
80
93
-130
-262
-106
-1
-143
220
-121
-298
-81
-418
-326
-25
83
-106
60
-155
348
200
-167
65
5
236
187
-210
-145
-138
-241
155
-181
90
-114
287
-369
292
251
145
307
237
201
129
39
90
344
-115
285
-21
705
-209
-199
260
-20
130
-144
-9
-35
-28
-131
210
293
-154
-172
127
-125
-221
-146
-7
105
126
143
-257
155
-151
-180
-224
145
-198
230
122
253
-271
-345
-83
10
-192
55
59
532
127
-125
331
107
-244
558
90
-218
27
-288
2
562
50
-319
-410
90
353
-34
-78
-245
-103
137
-333
-813
51
-193
187
263
96
57
-54
-356
-202
-643
67
-19
-87
49
-56
85
-80
438
-19
-206
-18
165
-212
-205
-20
199
-443
94
-312
-36
489
200
155
87
531
-111
-294
459
-53
-136
103
-165
-127
12
205
239
78
506
-280
-403
96
473
-529
186
190
-73
-60
258
277
-258
-235
-220
343
88
-243
219
-79
-240
-298
-130
261
239
-91
-112
-266
-118
201
-183
245
51
180
-9
-176
-96
-272
-429
-205
47
159
-113
104
107
-222
88
-224
-98
-355
38
-184
-101
-81
-92
-11
70
-30
-299
-249
168
-305
234
-54
74
71
-154
438
131
36
200
-510
-78
-123
65
-166
-85
148
-242
235
240
128
404
65
124
-111
234
-241
80
-25
-283
286
-292
-91
-238
-251
25
293
188
-220
267
-130
239
-47
61
87
189
165
-188
224
-141
140
-79
-148
-567
-247
50
316
32
312
162
-302
-611
-147
231
-133
-191
2
264
-108
-365
-3
244
366
-213
-26
-741
71
-25
65
146
-229
186
28
385
69
208
-260
-125
83
95
-223
-48
229
209
-137
-279
-248
-223
-163
219
549
182
-90
-105
-78
66
-377
-135
135
30
-158
-186
-255
-242
396
-100
235
-322
106
-50
377
-238
146
7
-381
35
-42
-218
-209
58
-317
250
-298
-365
-40
-213
-107
-42
65
-198
-211
386
-222
248
-94
-303
57
-33
566
-230
216
-38
-121
21
-16
116
128
132
204
-96
76
-6
-164
-308
23
-243
8
-399
7
-3
198
68
487
136
119
-206
95
68
85
-93
130
50
-163
11
-153
106
-274
-165
-87
134
-242
-330
213
152
-602
-188
-334
-172
-62
-115
-273
216
-227
-133
-212
-229
-135
163
129
-46
-211
45
241
44
67
7
170
160
19
-79
-80
76
309
47
163
157
87
-208
59
85
750
261
147
-410
1
-13
229
259
-63
-423
-121
-5
-20
-24
113
7
-477
-236
-212
44
178
303
-146
-146
28
-12
-19
-250
-273
243
49
-116
-290
91
165
-271
-263
-261
-262
666
-356
232
197
146
57
-204
-173
-147
-50
249
212
287
-134
-146
-285
22
-292
155
-153
-276
126
285
205
250
149
-316
88
45
9
93
-193
299
13
225
201
-276
126
268
-179
-260
97
-16
-164
-80
-177
27
102
77
357
83
33
196
86
-506
-276
-129
297
-109
-218
-904
-314
-79
84
68
-151
-105
-394
-158
139
142
-348
36
-221
-134
268
52
-400
243
-415
123
-102
185
59
221
-295
205
7
-388
-12
-41
-208
53
263
248
-243
-295
148
6
191
35
-6
189
-32
150
-266
-53
-137
120
-189
-319
692
-115
363
-274
130
-144
291
-129
-251
530
21
267
148
-783
-182
215
-165
-305
254
-184
218
-85
-16
254
-228
-218
-143
-244
-16
132
-188
-12
56
173
-145
-244
-163
8
67
-319
-462
-59
59
300
-236
-276
-117
156
-30
189
705
-93
-301
-27
229
300
1
22
-198
-147
-103
131
-113
-259
-141
-118
-65
-39
49
-250
-874
149
-370
-306
-340
-80
230
-293
-356
-41
-180
-648
155
173
-25
-433
-180
-238
156
-90
151
53
-9
-508
-28
3
-59
89
26
-272
-248
-125
-240
136
107
-337
235
-245
56
-192
288
-222
36
68
149
217
291
80
64
90
-125
41
-185
-21
-175
-324
19
-137
96
11
-123
43
181
-228
-107
12
24
-120
179
-133
-335
93
-163
-158
123
305
113
343
-260
763
-166
-63
-294
-13
-277
237
55
-4
-92
76
80
-108
247
7
129
183
-203
26
-123
-45
162
109
-222
522
-29
116
-151
-92
265
69
-119
-230
-292
85
-181
-279
-155
-34
-220
186
23
280
-232
-200
339
137
-10
49
50
-264
237
-153
-44
57
103
-50
275
-186
32
84
222
-180
208
263
-150
68
-36
222
109
52
-285
112
-216
-33
-3
388
-79
-46
-125
387
75
-126
44
148
-134
218
-256
-93
-83
-36
-379
-9
-135
584
-17
149
-171
-158
-314
153
-19
-396
68
247
3
-515
-13
-188
-624
-122
-80
-137
-278
239
-316
-250
-33
-121
-148
107
-243
-228
-179
0
-247
88
-86
169
179
76
12
70
159
44
193
53
-77
87
187
-193
-168
-242
126
7
298
126
236
-54
-132
-1
-234
127
239
273
-254
-224
425
-81
99
-280
92
175
-135
-117
258
-132
186
287
148
-103
249
-90
23
-30
-272
-173
473
82
-82
495
53
-118
99
-203
-285
-364
-346
9
1
1
-242
615
173
-45
57
23
-227
233
-243
-243
165
-223
-183
221
-16
-86
-544
-140
69
295
-80
85
-8
-252
-761
-156
-7
-22
227
28
-637
70
71
227
235
-544
-141
-180
145
423
0
759
-1
739
71
-54
-197
-813
-773
-315
59
-241
-275
201
256
67
-203
25
249
104
-198
-144
245
118
51
-237
-80
-82
166
-5
-289
-304
-166
149
211
53
9
-274
2
111
235
-179
-150
-188
-236
-191
-8
-40
-197
464
-75
-55
-176
87
-264
-153
145
231
-109
-32
-52
-260
168
153
-88
609
-732
-262
-6
156
-96
15
78
74
235
220
97
38
-449
-114
87
265
67
-149
281
-251
-313
221
-349
-261
-568
-519
-415
-190
-81
-321
-233
-242
205
-262
-232
76
216
-158
23
-233
175
229
-45
-188
-222
-105
155
-28
232
233
-199
-175
-276
307
211
97
83
103
-185
-175
142
144
-252
100
246
-43
-178
162
443
87
113
4
14
277
-222
-190
243
-732
-221
151
-40
-59
108
300
186
-177
71
504
105
-820
122
-220
67
-32
286
-185
-55
-273
115
-237
3
-232
13
232
376
166
166
-69
-36
-442
-273
179
154
-163
132
-193
-102
171
44
-224
217
183
187
630
76
189
77
78
-304
22
19
48
320
-28
-238
-347
-129
200
-57
-298
117
-135
-72
126
66
-87
-138
70
135
103
43
-102
-242
-18
-251
-27
35
218
71
9
-204
84
-62
38
76
42
110
58
-212
145
232
-315
248
-142
203
-187
312
-140
156
-143
178
35
65
232
91
-153
-203
-149
493
-47
-25
205
-171
83
-606
-8
246
-189
216
-79
-280
71
-63
111
198
-211
-199
-179
-121
-12
-262
-138
-133
-13
154
13
-40
3
-606
-220
82
-96
223
252
118
-298
232
299
-274
-162
-212
78
-306
-65
833
188
-231
170
45
-213
-1
-178
240
-225
-230
-33
-249
32
177
-304
-268
81
-110
367
-414
83
383
400
-172
-131
375
-262
-35
-36
64
90
-203
270
20
755
48
-307
139
-23
770
738
158
-649
120
179
-431
371
157
-335
65
273
68
-143
-14
-169
22
83
-52
-153
8
38
-193
-338
-48
-143
-214
-203
-20
180
157
-529
-8
-228
-29
7
-134
-158
134
40
118
20
130
250
68
-121
-118
69
-143
-206
116
107
-172
275
162
-156
-167
