-24
222
179
22
718
260
-318
244
222
-175
-80
-217
-303
-72
18
-178
698
-252
-205
308
-161
-461
161
-50
73
461
277
196
242
-50
1172
86
-203
590
51
84
-272
306
68
-146
300
994
613
1030
-248
-131
-373
-88
-193
-297
-47
200
335
322
-206
527
-104
384
166
596
-25
106
126
701
23
326
23
290
-334
76
103
142
-109
288
-116
498
528
210
-258
77
-30
-7
-410
53
395
-165
-24
-47
-224
-88
104
-277
397
74
-192
-240
-29
503
223
872
-245
-120
-57
-118
253
-370
-116
-212
-284
-135
153
1100
334
32
-318
320
799
878
-76
-59
-110
-322
705
-10
416
-146
-149
543
1
332
-42
-184
-139
-348
-51
-164
16
283
722
-27
-152
382
7
137
-192
-137
-344
-95
-415
-106
56
191
-181
-228
-78
-215
31
294
-64
-38
579
116
169
-27
131
-19
865
-75
-209
-158
302
-18
-91
464
-28
57
-41
-104
-251
-90
-29
476
1014
-166
-22
1178
94
-233
1022
193
-14
-66
1209
-4
-172
-357
274
882
-125
448
682
-202
444
505
-223
-361
-184
128
304
226
183
-27
326
18
154
-58
-267
82
122
-70
7
-151
-58
120
-260
110
-393
-220
-181
-55
-258
-100
92
321
46
-67
-201
838
43
206
-665
-145
-86
-267
7
-68
182
-206
-243
-20
61
-101
-230
-378
-161
-121
-66
45
-197
-99
-71
-31
-13
27
120
-517
-237
1006
41
111
-42
-461
-81
183
210
-324
-174
-308
-51
218
1
672
1125
-272
416
-158
326
353
319
778
51
228
-54
539
-208
88
366
267
-58
164
-139
78
-286
-154
262
25
-25
-189
-243
-193
56
-18
-139
-178
-337
-504
161
-195
-68
323
537
426
-79
-706
-146
27
49
-96
624
-71
-56
-2
305
1
116
206
-4
437
-259
-184
-191
110
36
-149
-179
-114
-15
-289
-272
152
-201
113
89
-166
-79
-32
231
333
-169
-140
189
85
-339
43
-167
-8
27
15
56
-181
-100
189
-321
-387
94
-229
-130
-330
-291
898
63
58
-253
-39
227
-108
-235
-374
22
151
568
740
-17
345
-442
409
222
78
-206
-180
290
-65
247
-18
246
-142
131
126
-100
-201
75
399
-173
30
163
226
15
-143
-299
-71
98
-174
-396
527
-289
-134
-176
244
-154
-225
103
775
-107
-19
128
-292
322
-535
825
583
820
-150
77
-24
-202
-118
-36
685
-143
661
120
-44
-84
-1
522
-237
-55
-350
-52
-189
-27
-238
211
35
-154
715
-132
-95
-428
-189
-293
111
-149
-7
-126
116
34
213
-628
-300
399
-232
-151
105
-213
-194
-329
-87
537
-320
-249
100
43
-248
-204
910
-85
65
-212
343
222
-115
110
-208
-326
185
-595
-613
58
407
-275
-243
-189
-693
305
255
-70
81
214
0
-156
-227
478
-152
39
641
169
319
-146
82
-245
772
669
80
-105
-4
-139
-139
120
-341
1184
144
334
-197
173
282
-204
-232
67
-59
581
75
16
-156
-268
272
-121
-212
-237
-562
1092
86
-319
-5
69
0
-94
-559
412
-373
-56
-217
-32
247
310
167
-315
-277
-391
-25
639
-109
-14
-315
-109
213
304
186
422
616
-117
-62
-1
14
-189
-56
633
-583
860
-51
229
-72
284
-354
-35
-410
-333
-70
524
-289
-67
-457
-250
-114
348
258
425
310
-82
-176
398
893
101
362
-51
215
211
455
348
-397
264
-30
-61
-541
-90
-221
167
432
-134
333
-346
-308
134
-157
-148
-211
-298
-131
-93
860
289
197
-171
359
-73
-410
-163
-473
-166
-9
-194
-193
-139
201
464
-22
48
616
21
-45
-50
-180
-362
-74
148
-67
172
-145
58
-112
-24
173
219
-203
-37
64
69
256
-140
-510
47
-94
-51
484
179
244
-198
-138
387
-665
-138
104
759
-90
-35
-68
-163
-150
104
-21
-37
87
-813
124
26
-99
-149
187
-204
-559
146
-192
-199
266
425
-317
-346
296
-206
-153
66
429
26
192
-126
18
272
262
-133
-94
-298
336
-261
282
481
-25
139
-99
-81
19
-274
-194
629
167
602
99
-179
-50
-304
-402
278
57
-455
-487
128
-196
168
87
-120
280
91
-88
-357
12
-133
81
-252
-261
-150
-179
191
-7
249
-385
-85
863
-109
-170
47
-213
116
388
59
-167
344
-259
245
-345
-30
526
-230
-236
-301
90
635
109
-472
516
478
-77
-57
-22
-139
112
-38
-57
-27
-136
170
-130
-268
1004
-202
-376
219
68
-70
29
112
-330
288
-211
-112
-137
-243
-24
57
152
282
-96
158
4
495
-84
-35
-168
41
698
443
-178
-165
-153
71
-17
-255
-253
-171
-238
-374
3
-98
137
82
92
-108
127
-266
-21
68
751
-219
-274
-62
859
-58
152
-166
-182
199
716
-46
-231
817
-105
158
546
1121
34
-79
183
853
94
124
-720
914
-45
-148
-13
1030
57
-195
41
-17
-77
817
-157
62
827
296
151
464
201
531
-98
-21
-60
-124
343
-47
503
-459
-66
540
-248
-149
-189
169
229
-441
-54
533
-247
278
18
326
-105
-13
886
64
244
183
-109
6
308
402
-1
405
-109
31
-338
137
67
452
6
166
-140
190
358
245
304
842
175
-500
59
-289
221
573
619
-54
-123
181
448
707
109
-106
380
-174
404
294
-85
-110
-214
564
5
424
408
86
-73
-244
34
150
-78
-18
451
-180
-344
-60
-148
107
34
259
-32
151
-615
-425
68
-148
18
311
81
-92
168
531
-272
41
-207
369
33
-213
232
-233
-195
4
118
-391
525
-28
665
-144
472
-94
-122
85
371
1030
498
272
39
399
-213
-75
-392
-143
783
-240
-127
-239
-243
87
-185
406
631
668
197
774
19
-428
-193
-4
-215
226
327
-350
-6
-94
-49
6
436
-206
-195
17
-194
164
768
-80
368
-184
-143
-276
290
207
144
259
-218
-117
-129
29
64
171
120
410
-277
-70
-66
-135
-116
64
-9
1100
81
591
-179
293
53
-180
232
-454
-239
713
116
83
-224
56
447
-87
-277
-167
662
17
-62
539
-88
-217
-574
585
-225
-5
466
62
71
-293
98
248
-233
79
-13
-23
135
23
424
37
110
233
62
-111
832
-376
-204
90
36
213
178
-4
-121
382
679
477
-72
-85
639
-607
16
-47
-103
548
400
-166
-61
203
177
1025
-175
116
460
-240
878
97
81
-223
703
-113
-27
-136
201
-239
278
-87
54
-208
37
-387
-165
-149
42
-65
592
-541
-437
1138
627
-244
12
-197
193
-270
185
-144
707
357
-223
-68
-259
-59
-32
178
-115
412
-48
-228
495
85
-247
446
479
262
24
287
-193
-455
-283
703
-101
208
508
-19
373
-150
-8
186
329
-4
-208
114
-158
-247
-56
83
-26
787
132
-47
-179
20
-86
-401
-195
297
-185
-133
330
320
105
297
943
50
698
-366
-512
126
157
734
1137
712
358
-338
154
-171
-172
222
-242
-33
165
-350
-258
-45
432
-347
157
141
-129
-22
149
3
371
497
-633
126
-272
55
-23
336
249
-139
239
552
407
259
175
255
198
137
-339
636
199
-177
573
409
299
-25
235
-181
-163
-32
723
-214
178
-10
398
446
-211
-79
-763
-192
169
19
5
-54
-110
-99
-410
-141
-375
60
-504
-151
-79
-57
-107
-291
-303
709
-337
375
-376
-30
-229
-199
627
-201
-487
-115
-280
-105
79
-8
527
267
-583
-197
176
-312
566
-335
1172
439
-173
-104
-45
-310
-162
423
-63
-208
-20
-328
-291
-98
200
865
526
-53
-473
-251
493
-109
-169
-77
-415
601
-181
-248
357
-121
-33
92
-361
373
-236
358
325
-158
516
-545
-51
-108
187
497
-19
150
116
383
126
-145
45
299
172
734
3
12
-292
-139
-116
-14
-26
45
227
722
-186
154
-6
162
73
-410
-202
-141
-68
-114
465
-211
-172
299
-11
-134
566
249
-28
-230
-103
163
-10
-150
339
36
1001
112
-89
160
316
252
990
-178
-200
191
-119
-150
-115
478
-31
81
265
-108
20
-279
255
-148
-429
496
424
475
753
-234
-419
177
169
-205
-420
-114
193
5
-118
56
146
-151
-138
193
-48
614
-221
87
762
44
-428
-45
140
113
-62
333
198
-17
-245
-234
-69
-22
-55
502
383
-45
-114
-123
-41
604
-10
218
-64
-380
141
75
860
-123
-285
-27
-244
10
198
185
-577
102
-261
539
39
42
-11
-185
-38
-600
-441
-441
193
256
124
245
-120
72
37
-210
-92
162
-244
-62
-192
424
-17
-249
-28
-28
-195
-274
186
-81
11
166
840
357
-18
-238
-44
492
-217
-252
141
95
781
2
476
-152
92
668
215
-281
151
-23
268
-76
-454
36
18
805
32
662
-78
-189
702
-82
-361
-354
-163
342
830
-146
93
117
343
-206
-1
-61
287
251
36
-41
27
-145
-169
-179
33
191
-172
-39
237
-400
517
149
-232
596
-108
41
-33
-109
679
80
66
-54
-4
543
27
-415
-442
402
-84
-260
-213
-274
12
75
-510
-197
-154
-76
-45
1096
130
-203
-262
-455
-185
99
39
168
-251
-243
-458
-101
-235
-424
-153
24
-387
-148
-119
-41
16
-140
-245
-274
805
-132
-70
-339
-110
256
182
863
-554
-272
-169
192
-36
200
-17
-90
297
-337
-213
513
-277
-85
206
345
-131
-181
41
287
23
-76
111
201
-148
-6
-187
358
344
-601
380
130
-159
937
-112
-81
167
298
-23
-574
520
549
-184
619
143
-108
349
-98
348
-185
238
858
-381
-76
-174
771
-187
-195
-10
-634
-212
350
57
-137
16
-89
-379
83
575
-239
-32
607
387
200
771
419
-5
26
-341
349
-84
-195
478
-420
149
-181
-122
-320
-313
579
-108
-223
-202
-141
-10
-64
489
-12
-38
-158
13
-61
-138
-81
-23
277
-334
-211
-23
311
827
-55
247
-195
-628
-600
543
21
-243
227
-157
-213
190
-173
-163
-87
84
161
373
-164
-67
397
-183
-81
-35
425
139
-53
243
561
103
78
168
411
-115
52
-315
54
-197
-28
178
993
-211
-134
173
618
-32
-166
-74
69
707
-163
5
1166
-178
484
-25
707
-282
-78
432
-615
55
91
622
-400
-118
-131
-292
473
299
187
113
50
169
435
87
16
423
-164
-171
26
-125
136
57
775
36
-146
628
946
-179
-153
-134
-59
173
208
9
669
-239
648
320
-121
-500
218
120
-25
-437
-102
385
448
502
519
-110
-42
-124
627
-63
-135
-112
45
457
314
614
-58
-70
-54
178
256
-147
-53
-380
-169
103
-213
42
-24
661
-23
679
-215
-267
-248
-211
927
200
377
173
-466
-475
41
-355
63
1047
-87
243
-199
197
148
-494
-373
-216
-366
-352
-142
36
-33
469
-51
-474
283
553
-237
44
254
-228
-594
-233
-386
-154
-62
458
60
-55
472
-137
297
-158
-193
416
743
-291
5
-1
-324
952
-27
166
-70
-136
-477
-191
-50
232
-166
-223
28
3
-387
-56
246
-83
-255
-167
-125
-273
150
201
320
-274
-22
508
-268
-269
-123
-39
-201
326
52
-133
304
406
-73
-76
-152
244
-41
-5
-228
-402
63
-228
-259
-11
387
77
-114
-279
214
591
-82
-171
-121
-74
-65
856
-181
123
-706
-208
-462
-189
11
-113
136
628
105
544
-219
-147
-114
-24
-215
18
117
-195
12
495
311
-361
-45
-36
-100
-144
-61
-187
830
-707
-144
61
-234
436
-208
-134
317
-61
56
350
458
64
614
-69
-477
116
723
-8
-239
224
526
147
14
-469
-16
259
57
265
-12
108
-28
254
-9
-161
-198
2
-124
233
-212
517
84
-21
-296
633
778
62
-148
-169
616
189
-407
-91
448
-111
241
78
-419
107
19
-4
-158
-97
54
-98
214
-110
340
-181
476
714
-193
426
-58
1043
-192
125
-92
97
-162
309
372
-24
-462
-105
187
325
-216
-73
-131
588
-21
77
-320
-466
162
322
-373
-237
43
-118
-324
227
447
-243
-139
496
-162
812
212
-25
529
164
238
932
-75
206
-239
464
-204
-366
-238
-283
398
1043
538
73
-295
-251
204
134
130
302
204
-179
771
-205
-352
254
37
-296
-240
-363
156
613
707
-22
30
130
660
607
-603
1123
-223
182
-159
838
525
-65
-208
172
-313
160
-487
335
394
123
-246
-240
158
-104
-15
320
818
291
-236
-33
-239
76
-203
-85
461
-204
524
18
48
136
77
643
56
457
-83
-329
-361
-80
633
-129
-133
-325
64
-35
769
-475
115
-515
728
880
253
-333
39
94
872
-121
-19
320
-190
289
-51
-120
708
59
-202
-152
-335
-46
-58
-244
-622
-328
9
-230
-193
169
30
135
-247
-63
-147
309
-57
-21
78
955
-218
-178
362
84
-176
115
60
313
146
-245
18
514
-43
-55
330
-22
559
-77
538
-54
557
393
233
225
267
251
246
230
-79
64
131
552
938
-163
-781
966
-250
305
133
-122
131
-293
356
1277
218
-53
-291
-246
-392
-231
-137
531
-146
-330
-44
483
75
-31
233
-166
-364
721
102
-204
-400
-89
331
252
181
-282
-305
-36
532
-213
-232
-404
920
54
-247
-45
160
-69
-240
-46
391
-70
-319
943
259
-15
30
48
-254
-140
-462
-128
233
-149
-64
278
-116
-91
131
-123
-80
430
-151
-193
613
253
680
-330
-110
-70
-400
-117
808
1004
-51
-88
-192
-165
287
117
246
188
10
-53
-429
-109
101
49
-344
151
193
462
85
111
-263
-174
-643
-168
36
131
0
-64
69
-359
-8
-29
-355
93
36
-62
-200
495
-110
-577
245
444
380
461
116
50
-371
-127
-532
-104
-198
-28
22
-111
-208
-407
517
-18
43
-266
58
-123
-451
-28
-259
504
389
-147
820
-166
391
33
328
771
-107
228
-354
116
-52
-108
692
839
-236
585
-235
-139
325
-69
74
39
-40
727
143
120
-675
-35
20
1178
525
-84
-304
544
113
728
-178
464
-405
134
-165
152
640
762
-91
32
79
-141
-95
-267
305
128
168
25
-125
83
-360
17
-132
-18
-151
-206
-594
-194
131
-134
-207
-160
299
884
95
-202
-147
-89
326
439
406
-155
504
-279
-230
36
283
-105
497
29
-445
284
500
30
-459
687
508
-54
-58
31
-98
-80
-1
375
-225
151
739
426
-234
-170
99
-301
58
-210
-150
-216
-323
-83
147
-165
180
-99
229
52
119
85
-266
-184
350
-352
-304
78
505
-145
-56
126
118
-281
335
490
-202
44
-84
-387
-217
-111
-202
-411
-115
258
4
-110
471
34
246
-91
-264
1104
123
425
-48
138
29
290
236
-113
-265
-328
18
121
777
192
27
65
714
16
-339
26
147
157
-16
387
133
117
97
323
-214
463
162
886
-36
-343
-244
74
-219
-58
-230
-43
-61
253
146
799
661
893
309
-174
-141
-169
-334
-128
373
126
203
120
-266
325
-7
428
39
293
275
-82
-118
-206
168
-232
-112
-151
-189
-195
511
12
241
-224
49
106
-298
12
41
47
354
-31
-114
-313
39
56
299
-38
-88
59
38
246
-211
140
-189
614
-7
369
1030
820
405
-303
-315
903
-303
210
-293
465
-123
-76
192
-132
-409
-99
693
-220
-290
861
-21
-115
65
-98
631
-290
701
-26
842
-255
-168
-114
-28
395
-517
84
-266
218
1
1213
336
-76
227
-161
-101
-295
-283
-240
347
-182
-47
-47
-419
-186
613
-251
-487
-258
-114
-84
330
-196
-221
17
808
853
39
-23
-270
256
22
580
1053
-258
107
-340
-153
8
-291
246
-396
-77
877
-51
-70
583
-129
1213
-159
-64
820
514
-151
272
235
-271
113
-73
32
274
406
413
63
232
102
288
527
500
708
-554
-197
-373
280
1142
-121
141
267
-594
-5
114
79
-70
120
-92
733
7
444
-539
25
-85
156
-76
-276
-233
-102
37
693
211
-240
349
380
-194
588
-71
1125
216
203
-145
-1
517
-371
117
-228
-39
-251
173
593
603
110
-26
-201
-104
77
362
945
402
-320
-79
-262
-219
72
622
-36
-209
288
-50
-341
692
-315
-11
-60
-213
162
-186
-108
-64
587
-72
12
-234
-173
145
698
-244
24
-763
-304
-792
190
-28
-163
56
88
-287
-156
160
45
-79
-196
76
715
-113
259
-223
-339
-57
-131
-28
-36
-84
111
-110
498
-33
47
-187
-410
-327
-43
151
414
345
-343
357
-115
-303
-13
195
-125
118
78
-238
-90
-103
272
-94
-28
-116
818
-229
-156
-153
-171
-48
-155
582
237
-174
-60
-217
-268
225
-250
-145
-308
46
439
-95
-361
23
-194
-162
106
-545
231
-401
-210
-161
132
-290
-7
279
-196
308
-223
202
64
157
-246
572
-170
175
495
188
461
186
360
184
-50
-16
-297
49
-83
149
146
-70
-28
599
233
-200
175
-199
-221
327
-393
232
28
213
473
-352
-482
-169
-153
-176
-366
-191
75
-155
-134
320
-181
87
1142
-116
40
-49
-174
42
37
-184
-265
570
-64
-263
-114
-142
8
-354
325
88
-311
12
47
-114
94
228
-48
433
-108
499
304
-203
32
-231
-322
124
596
476
0
-497
349
-385
-62
204
365
-41
219
-291
-790
106
-145
-104
872
226
27
650
-201
747
162
29
-195
1092
661
-167
93
7
-116
47
-28
-125
-280
22
444
-400
808
117
64
297
-146
367
142
-53
-257
793
15
-643
359
-105
-29
50
-152
-232
-18
260
230
147
-373
-429
-315
15
-146
-96
-217
58
43
-68
557
-117
-191
570
-264
904
707
39
-70
-123
-218
409
-255
208
177
-274
-326
250
608
542
-108
84
430
648
253
-242
-354
-192
-179
-62
-90
130
-175
-132
105
-188
-99
63
-134
-182
-223
47
207
-157
614
51
816
-36
141
-175
76
-243
446
-171
-331
-35
-376
-71
-335
-141
715
2
-266
364
374
411
-53
-299
-342
-309
-248
274
-114
-156
166
-340
433
802
255
31
-79
142
-369
-429
-200
-177
-187
-298
428
-215
138
-44
488
242
-37
-385
-141
-447
-727
-81
-110
-204
-416
-68
-143
77
1039
734
77
-67
-97
74
476
439
-396
54
193
-293
15
-315
-171
-633
-32
-24
-95
-253
382
-147
-111
258
82
38
-36
-213
389
-150
319
994
1026
197
-76
-264
-277
-74
530
139
-255
-87
384
117
85
-105
190
-64
-197
521
878
374
289
184
-288
-68
-171
-241
537
-193
-317
-58
712
953
-287
-441
-162
778
422
-129
-49
53
89
256
-148
-38
-91
81
552
68
-83
-41
-153
-92
-416
59
-300
-91
526
13
-59
-277
-35
-8
222
-33
-227
-112
194
-185
169
-207
70
-165
-230
-371
112
-217
129
-133
-119
-206
83
182
482
39
89
70
-93
519
-25
228
-187
50
-180
-25
702
-372
398
781
358
27
-192
387
-235
511
-61
-125
154
391
367
550
-55
280
927
-201
-8
88
-106
531
520
-381
7
-232
144
108
213
322
31
-206
1022
-3
-490
-59
-264
526
670
-141
24
853
209
583
218
-198
-405
-292
-214
1096
103
532
265
-266
45
2
322
103
1184
-278
277
-180
177
678
-291
382
152
119
-232
202
-15
-64
183
939
-168
-183
358
553
-294
199
199
69
-149
7
-140
-30
21
-188
209
-43
-216
-214
-48
-31
388
350
19
84
-134
64
-22
733
816
41
793
-176
173
638
-156
-244
208
-234
29
-179
139
-62
102
-236
109
-255
565
91
278
-225
-118
-250
-482
479
568
550
-117
-169
701
570
195
31
-32
-245
-235
-232
-195
415
585
-333
-119
759
-100
-204
102
130
-85
-146
-174
42
-139
-104
-263
-437
24
134
230
203
-213
635
99
63
-184
77
872
183
-164
-106
-239
199
-391
248
-88
151
-337
-92
-116
389
-165
67
412
406
661
-288
581
-177
-213
-24
322
-144
335
49
-299
437
-36
-149
-161
-288
695
-166
738
203
-225
528
-310
-5
294
-193
1277
-135
27
-239
-102
-56
838
-234
-243
-103
-681
-45
187
423
204
50
-24
-459
-163
208
178
-67
-310
570
450
-208
-43
-28
160
304
-160
393
-213
472
164
-447
-101
-213
115
-22
811
90
-102
-78
443
-159
-622
289
-232
-155
475
785
238
-30
-85
-100
-39
-347
266
-142
644
753
-282
-310
-769
-189
287
42
-197
-693
-201
-80
-172
731
-239
-180
-196
-172
425
18
-2
297
-290
-90
-250
44
-240
-381
-228
174
43
860
476
-114
-17
262
-47
264
295
143
18
-166
-148
7
299
-37
103
221
-369
322
-268
132
9
-153
-277
-258
-7
129
-55
423
-57
22
47
-53
13
-218
-2
-61
-230
223
225
-159
633
115
-21
213
17
162
304
933
62
-332
29
713
-59
294
-24
312
441
709
406
674
368
878
-389
-191
32
-119
168
-185
-181
-142
-141
933
-90
285
-162
136
698
-55
789
-266
41
500
-159
142
265
149
106
-88
-63
29
-365
-233
807
-453
33
-169
-291
447
29
-532
7
672
-161
-199
-20
880
-289
303
274
-319
-239
-102
38
271
271
-7
-40
227
-207
54
38
-315
-12
-124
-142
-213
-279
-37
-75
394
-209
-144
88
193
100
565
-312
433
1107
-51
-82
102
-5
323
-179
-27
-195
321
-130
-159
-65
-186
119
-323
-126
404
-370
-167
915
-381
-63
310
345
-323
-256
28
158
-210
373
-213
-63
-212
115
243
26
-171
-15
149
-123
-318
665
133
15
-179
-288
-77
-49
4
-135
-179
-137
-12
314
-487
-201
-64
-219
22
-109
-23
-108
-374
-18
-94
593
118
199
903
307
-110
143
-250
36
-165
24
612
-168
194
-429
-342
-11
-210
662
601
1218
932
43
34
120
181
-245
143
599
526
1166
114
-338
211
476
-284
185
513
265
1174
-321
-26
284
41
-271
90
-405
1026
-130
-40
141
41
599
466
-204
-29
-49
39
-40
217
330
-173
-29
-213
69
59
-387
155
-1
-242
7
722
112
-241
-513
1349
94
-232
-121
-85
-111
-170
-274
-34
380
-116
-123
-42
-215
-110
291
69
526
-225
-432
404
21
165
136
6
-193
79
144
129
25
380
-74
-142
233
-35
41
-170
106
274
166
15
-121
275
-225
150
204
-136
460
-273
-174
762
540
-42
53
-12
-180
287
380
573
-62
59
-26
-164
215
1349
491
-64
730
-17
310
-72
-60
140
-197
-186
-19
-195
373
68
130
-361
16
-429
62
-354
297
521
20
893
414
-138
388
199
165
-255
24
-354
-87
-181
43
278
195
-366
372
505
-29
-90
92
-108
-118
-55
-130
159
683
-139
146
596
-174
-26
-45
365
-26
-82
762
88
98
25
75
-433
254
362
477
-352
-2
-77
214
-228
-147
-61
-174
14
692
-110
-48
169
-286
-65
146
-139
-164
34
112
-66
952
-117
474
108
257
28
-26
-17
229
158
-190
-335
48
-205
572
-9
19
210
-391
-42
-170
61
713
-137
-72
457
50
-311
-265
709
-152
602
29
-158
-50
26
877
430
-126
22
41
330
-87
145
342
-298
-77
1174
-361
103
-45
-209
334
19
966
441
251
-180
-333
-429
-188
344
-227
48
160
-145
184
349
17
-591
-222
4
-336
60
887
143
954
-85
24
-83
188
-177
470
-120
-113
-24
-158
103
225
-100
188
62
613
-217
432
177
72
42
111
34
-219
61
203
185
150
-192
-247
415
538
588
-22
-213
39
-62
-275
-110
302
401
387
362
-429
340
132
251
-144
721
-354
309
115
-261
-233
-141
-124
-29
-148
680
-400
-45
268
595
-155
322
-320
-238
-402
-93
-237
306
903
263
-721
-85
78
200
-18
616
-153
-373
128
164
-157
-114
-357
-16
-29
17
-283
-186
-264
125
86
-221
351
-121
65
311
-196
-102
-140
175
-239
-113
-121
-324
-264
162
424
115
-223
-75
-54
-18
-216
-250
-371
-69
693
715
-310
26
43
12
69
84
-207
58
154
-211
37
369
488
-191
-333
385
120
200
-390
695
129
-195
-100
-36
0
-263
-93
482
-88
36
328
182
92
-40
-194
-428
-189
-59
828
-233
-35
451
-87
-139
-198
-177
768
-41
223
-534
218
32
-109
-425
-158
-277
-155
-176
-246
-212
-219
-338
-395
231
-354
-33
1025
-41
-165
444
553
479
22
516
479
-92
52
-34
-58
36
1076
315
364
-219
-56
189
-193
-226
-72
-183
-80
-196
-27
290
-162
235
191
-93
432
90
-18
-298
-219
439
527
-195
-208
106
-110
2
20
-239
-243
125
-98
-127
-345
-55
-33
-240
279
-453
-404
115
533
544
-106
75
-51
48
561
57
990
-99
-512
-93
-41
696
83
-55
244
-124
227
63
74
-90
695
-28
195
-226
491
-63
-356
-347
199
30
243
-75
-268
-109
-333
-148
16
117
-235
-28
392
-188
208
550
12
-41
-169
-7
427
534
19
-184
17
427
-211
104
462
-19
-147
294
-126
-63
-452
-96
-142
-154
910
-312
730
16
-610
-14
-184
-141
-149
689
-201
-11
484
603
-105
34
9
94
-93
131
-203
945
-104
-241
-171
-127
422
109
1162
-219
166
-487
-135
-432
-83
-31
-42
-48
-375
167
233
451
685
237
-216
271
-65
-343
39
167
-238
66
379
36
587
344
546
302
-204
-202
-781
-42
-118
-60
-46
458
-127
8
151
68
-216
-21
-29
-513
-319
-178
-67
408
364
33
500
-170
369
163
75
-334
-10
-337
811
-240
-258
389
-20
701
463
363
-103
27
933
315
28
134
-166
312
124
36
477
-88
-48
99
125
-147
-383
200
-147
-199
-358
97
-112
103
235
-21
-14
30
-299
-65
61
-117
47
981
827
565
153
19
-45
-675
-65
-37
-133
402
47
173
-180
0
196
-121
-113
449
-150
-375
-327
-610
97
-181
-433
-232
333
-324
-134
-119
-42
1001
1226
-127
-9
-669
42
-159
505
1121
157
236
2
629
-139
-118
-68
-50
-28
-25
-248
-707
124
-237
1104
-165
-163
68
-221
-509
1107
292
92
-494
-4
25
194
338
112
898
-80
124
-315
18
60
448
334
-81
205
349
15
-57
325
-51
-397
607
-165
34
569
-172
-255
65
21
-65
-98
106
131
-44
301
-9
-131
49
-291
-209
503
86
946
-148
-114
-163
696
-34
-239
-306
-424
-222
-1
-237
861
465
309
-189
619
-39
-26
124
-66
-118
114
328
106
-96
644
-151
124
172
57
-115
264
-192
24
585
146
-133
-16
450
-152
24
448
96
498
405
-405
-43
154
662
296
192
-158
-390
-47
-193
-214
543
151
177
282
-279
-230
32
50
62
-18
-235
307
-125
125
492
64
372
-12
-292
-575
426
386
-191
-321
-1
614
-115
685
174
-90
-48
-170
-134
95
265
-109
46
221
-382
-349
-196
58
627
757
341
122
36
702
-209
-391
-425
-92
201
-114
-130
215
-181
-175
773
62
-66
149
-472
369
67
626
266
527
-160
30
327
141
261
-41
19
72
-257
-118
268
307
-40
186
886
-79
689
322
-73
30
1123
11
540
-235
-207
-134
-322
851
-193
30
-86
-123
-55
541
-157
-102
217
233
-338
92
474
-58
-72
-14
-156
-167
549
526
151
-84
750
-55
102
11
55
-201
84
388
363
-51
-376
26
-158
-170
-13
265
-297
198
-250
283
-225
773
117
116
-272
-117
516
52
198
882
27
-158
714
-7
-243
-35
-168
-151
-189
-14
31
426
-130
-210
214
-283
-123
187
491
-197
-180
25
-161
44
-180
105
-10
166
452
631
-243
238
-31
-264
362
70
656
-223
527
300
168
655
67
-201
-356
1087
520
110
3
-188
430
387
30
81
146
788
-681
-313
84
244
-140
-148
-186
-105
481
-197
-96
-100
-314
-77
-385
-206
-94
263
-515
-153
-209
-407
450
-82
207
-37
-299
34
789
299
-234
-407
293
107
-155
596
-38
-562
-242
-1
322
380
-262
-407
715
279
-139
-194
-390
76
-328
406
-378
140
-80
399
-1
0
298
177
264
-153
496
-259
16
-161
67
-91
387
46
-169
-204
135
129
775
-31
-303
-182
640
435
-236
-197
-300
-60
107
186
655
-178
-186
-212
-526
-8
277
-152
733
38
391
401
-171
-184
-407
503
891
-17
405
789
-69
-46
-455
330
309
-336
2
-42
63
130
177
-459
839
-177
100
-181
1
-447
147
-18
641
-255
44
-171
-24
-399
-181
-110
-338
933
-72
-19
-139
170
126
280
-233
29
-218
233
19
232
94
-286
-77
-330
50
211
-127
-190
-39
67
18
126
-127
-180
305
289
-266
-92
526
859
-293
-187
-110
-203
-352
573
-243
502
235
-391
858
190
559
-161
759
-355
-328
-218
-273
-134
-77
-509
-290
-60
-41
-230
-189
687
29
-267
-420
329
-205
-62
-23
-837
-35
981
-59
893
214
-357
286
674
204
-70
840
-271
432
327
-151
83
345
-177
-39
-179
-348
380
22
-28
113
-361
-447
910
-214
682
-139
279
232
88
-405
-341
66
-203
-41
143
-239
88
-244
428
178
-20
-239
698
-247
-54
-46
-310
-210
-213
387
97
-288
173
-578
802
-32
-45
618
11
583
341
-21
628
811
-355
121
505
131
-90
20
1047
116
17
-300
89
-55
578
157
-160
146
114
-119
354
-330
-148
-240
-139
428
-337
-210
-517
338
516
-109
1138
145
178
-28
678
31
128
-5
208
-105
15
151
290
227
-46
165
-114
95
83
-117
-147
914
-285
214
-189
-1
520
-303
387
312
-98
-166
-39
-374
-288
392
-405
-108
34
68
-168
127
222
-163
-224
-161
-157
23
678
-124
-81
23
-233
473
32
-167
-115
-727
-393
30
-259
-54
585
22
754
1007
686
17
-282
-255
-212
-769
-410
147
7
125
-425
-214
-121
-50
84
-271
734
722
38
334
124
172
124
-274
-203
-144
-338
614
30
116
-144
67
910
-790
310
-257
238
195
451
-117
-176
759
27
-235
131
-83
-115
385
-195
305
401
75
361
-366
-361
-74
-93
-24
-228
-54
-226
-37
231
-59
116
-131
69
-4
-213
-25
439
122
1137
324
580
-230
520
269
387
-84
-81
-84
-365
163
367
360
-374
-51
389
285
-389
502
-238
-533
-28
-133
607
318
-201
552
51
653
-133
-99
9
-163
-210
129
323
265
-27
413
-232
478
-212
-229
-276
59
-90
-361
-176
-375
-334
227
-417
-122
-299
-140
177
0
154
-10
-141
-152
277
-150
65
-253
618
429
-106
-25
-54
-117
198
-27
777
719
-201
-187
418
-151
461
693
-42
-294
-1
-94
-381
-84
363
160
-84
-150
369
152
128
-428
-163
-231
-193
-141
621
-171
23
66
86
179
-452
204
119
-373
-123
62
3
-87
-176
715
-26
-145
87
12
654
-63
-193
292
-179
490
805
920
198
236
-390
-115
512
-107
121
-341
-91
335
299
266
115
-298
37
202
-90
-86
54
-92
-37
223
4
444
-291
618
440
-186
359
284
23
46
-235
306
-51
385
-236
344
105
66
527
-133
-80
-613
185
-110
-66
109
-154
-18
49
42
820
-189
105
-217
181
-161
-184
29
-622
445
71
379
-2
566
138
481
-14
-247
-349
-61
300
-34
-228
141
243
-345
-142
-62
-29
296
272
569
30
-247
434
-70
112
10
-223
-102
74
173
-62
-11
50
169
-75
-393
-187
118
-184
779
433
-792
-31
-16
-323
-137
12
-217
-111
-445
-4
-22
-103
12
-14
993
-235
-182
-168
20
702
-4
120
386
679
148
838
-59
-109
648
-234
296
210
214
48
475
-81
-295
-96
1081
-331
789
-211
-169
-133
515
365
-60
-28
-202
-267
310
808
100
252
-291
-141
-487
107
-44
429
768
-133
271
-43
-320
-333
43
262
541
-112
238
216
-309
25
887
-57
-355
188
-490
-71
-358
-116
-261
7
-200
-144
-27
-48
-207
522
477
-74
-302
195
-23
-10
-22
8
4
-634
-67
960
-237
-225
-45
-288
-113
-70
-316
595
-408
-99
40
157
775
215
-63
-356
-594
184
102
289
7
751
210
58
36
-669
-333
74
-176
58
85
683
-195
503
654
-3
546
-30
106
-458
-30
11
93
-117
-184
17
-263
164
-312
245
371
805
36
-160
-218
23
-164
193
-13
-119
-193
508
-259
11
607
141
-82
238
-526
878
-163
83
304
-123
372
156
228
61
124
-67
-108
429
-54
292
12
-24
101
296
-202
-76
473
13
733
227
1006
264
67
63
-91
-136
-452
-181
-358
-298
-4
176
-20
-189
578
141
-186
416
-149
122
-171
-2
427
-79
235
-1
9
169
-215
-166
202
1139
28
461
1242
429
-76
-473
-256
364
607
342
-36
-178
-575
-202
320
-77
-224
830
358
-68
1139
-14
-340
41
530
-155
145
31
-318
6
-141
-213
320
239
72
-28
299
727
-351
223
-121
288
474
-27
-251
1081
-136
246
-379
-224
67
-221
-232
19
256
223
38
-68
-149
-45
73
-146
-152
302
546
-87
-174
827
74
-30
-248
-183
699
-304
105
3
258
-124
-116
542
86
158
-89
24
-192
188
527
-166
-101
211
-26
168
-263
3
-171
26
443
-55
-331
-109
660
330
-23
-149
218
-120
-298
-105
-380
335
58
-286
-38
656
714
113
1001
-157
-369
-127
257
512
235
-124
625
154
-366
-236
-156
783
-351
255
227
-92
-105
234
-144
-216
-201
446
88
-118
4
-267
106
572
-231
32
-85
233
105
-385
-56
-204
62
201
58
-10
-324
400
3
-15
635
-139
163
-98
253
450
142
884
110
349
-335
-336
40
-107
-109
-22
750
-27
-144
-292
-386
-84
-58
-120
139
-171
1218
493
-591
-720
86
167
550
279
-402
111
-303
733
-164
232
517
-237
-67
-277
498
-194
309
150
-60
-123
214
72
68
413
151
-323
243
