-34
-79
-34
-167
-74
-103
-68
-91
-56
-22
-107
-33
-21
-29
-44
-94
-112
-31
-26
-89
-51
40
-30
-19
-89
-20
-88
-11
-124
-105
-90
-73
-98
-26
-46
-48
-10
45
-31
-57
-111
-92
14
-14
-88
-10
44
-129
-68
-52
-57
-26
-78
-67
-66
24
-10
-113
-67
17
-90
-47
-74
-139
-30
-45
-80
43
-97
-56
-109
-13
-82
-163
-60
-107
-116
-85
-143
-40
-121
-90
-59
-100
-97
-60
32
-17
-26
-87
-6
-10
-31
-59
-77
-98
-29
-72
-21
-75
-109
-32
-3
-97
-91
-44
-56
-133
-82
21
-37
-76
-24
-26
-90
-91
-51
-43
-41
-36
-205
-51
-54
-7
-60
-94
-26
-59
-76
-113
-39
5
-28
-67
-173
-22
-50
35
35
-24
-55
-73
-11
-74
9
-139
-41
-49
-35
-25
-33
-130
-59
-55
-72
-63
-20
-39
-121
-70
-138
-25
-65
-84
-80
-47
-46
-72
-11
-9
-127
-60
-50
1
-125
-5
8
-23
-72
-69
-112
-4
-48
-55
-5
-44
-72
10
-95
-104
-51
-27
-87
-48
-81
-48
-34
-10
-9
-23
16
-41
-143
-1
-109
-44
-61
-53
-89
-74
-151
-8
-34
-99
-91
-88
-77
-109
-49
-11
5
-24
-92
-87
-57
5
-12
-110
-42
-19
-130
-98
-106
-73
-33
-23
89
-85
-125
-47
-192
-51
25
53
-4
-101
-34
-49
-128
-106
-56
-40
-1
-11
-98
-45
-129
-48
-85
-98
-143
-106
13
-45
-110
-54
-51
33
15
-43
-72
71
-71
-53
-19
-77
-53
-46
-31
22
-80
-74
-70
-118
-10
-107
-70
-32
-155
-50
-43
-134
-75
-22
-45
0
-126
-41
-54
-82
-47
-33
-7
-113
-91
-23
-82
-86
-139
-82
-99
-119
-42
-55
-87
-79
-42
-56
-23
-55
-41
-121
-72
-18
-37
-5
-7
-33
-32
-29
-90
-156
-4
1
-101
-75
-65
-59
-52
-150
-34
15
6
-13
14
-20
17
-38
-127
10
-117
-136
-33
-154
-156
-77
-103
-40
-88
-11
-42
-78
-44
-97
-78
-5
-83
33
-86
-37
-86
-95
-33
-136
-57
19
-19
-109
-89
-61
1
-19
-65
-13
-21
-171
-25
15
-136
-60
-87
-80
-141
2
108
-76
-146
-98
-108
-78
-94
-42
-106
-38
-128
-47
-83
-24
-150
-53
-151
6
-28
-42
-75
1
-127
-114
-93
1
-74
1
-29
-49
-46
-54
-112
12
-73
-65
-48
-80
-70
33
-13
-32
-71
-79
-80
-20
-63
-96
-35
64
-18
-70
-43
-69
17
-23
-34
-15
-7
-21
-44
-12
-183
-40
-56
-82
-75
-134
-14
-79
-111
-109
-61
-74
-47
-49
-147
-19
-35
-5
-28
47
17
159
-13
-42
-103
-37
-78
-42
-114
-74
-89
-11
-73
-36
-125
-39
-31
-110
-82
-9
-43
2
-54
-138
-24
-7
-114
-51
-39
-30
-98
-94
-75
-63
-85
-60
-85
-44
-96
-11
-167
-42
-72
-62
-23
-56
7
-74
-75
-72
-71
-112
-12
-62
85
-67
-60
-54
22
-10
-113
2
-96
-1
-32
-42
-135
-85
-56
-19
-18
-201
-70
-6
7
-75
-35
-88
-73
-99
-63
6
-66
-58
-47
-25
17
-46
-24
-30
9
-67
34
-48
11
-33
-20
31
-138
-6
-49
-39
-107
-98
-56
-131
-31
-34
-57
-29
-78
-25
-45
-85
-24
-61
-21
-47
-90
-83
-99
-79
-117
-40
-75
1
-125
-7
-77
-93
-124
-105
-29
-112
-149
-70
-63
-119
142
-90
-47
18
-25
-17
-22
-1
31
-5
-70
-106
-195
-1
-52
-107
-47
-74
-30
-59
-87
-10
-120
-96
-74
-3
-158
-67
-7
-29
-109
-3
-36
-86
-13
-127
-52
-47
-46
-11
-26
-24
-1
-54
-20
39
-107
-64
-63
-160
-34
0
-35
-30
15
-193
-85
-56
-77
3
-38
-55
22
-94
-54
-29
11
-44
-78
0
-77
-43
-41
-59
-91
-32
-36
21
-160
-28
-71
-47
-123
-93
-113
0
10
-64
-1
-145
-45
0
-44
78
-99
-40
-96
-50
-141
-38
-61
-29
15
17
-67
-76
-127
25
-66
-54
-111
-78
-23
-81
-111
-39
-67
-84
-32
-22
-138
-175
-3
-28
-116
-175
-88
-18
-67
-22
2
27
-72
39
-107
-57
-44
-67
-76
-44
-45
-45
13
-41
-45
-115
-58
-70
-76
-74
6
-98
23
-124
-175
-46
-86
19
-42
-41
-29
-56
-52
-63
1
-39
-74
55
-81
-20
-91
-7
-52
-38
-23
-158
-16
-46
16
78
-17
-55
-86
-100
-98
27
-128
-51
-24
-72
-38
-1
-26
-52
-55
-7
-16
-47
-59
-61
-55
-25
-93
-104
-62
-30
-8
-82
68
-112
-106
-143
25
-44
-21
-93
-63
-11
29
-62
-31
-18
-90
-76
-36
-28
-124
-5
5
-47
-78
-36
-173
-65
-40
-78
-125
-69
-68
-1
-54
-23
-16
-76
-45
-48
88
-43
-19
-100
-135
-127
-85
-91
-3
-19
-29
-57
-65
-26
-40
-100
-43
-87
-149
-26
-85
-60
15
-162
-70
-75
-152
-26
-96
-132
-43
-97
-80
-44
-106
-92
-39
-18
-16
-77
-74
-62
-105
-47
-98
-37
-77
-10
-77
-84
-28
-51
-97
-135
-136
-44
-24
-187
-76
-77
-62
-69
-52
-40
-1
-77
-29
-76
-48
-14
-14
-63
-62
2
-90
-59
-57
-4
-21
71
-23
-120
-32
-87
-108
8
-23
-130
-12
-153
-38
-57
-98
-91
-113
36
-43
-30
-141
27
-71
-57
-72
-45
13
-29
-64
-22
-25
-15
-112
15
-166
-76
-21
-65
-49
-7
-20
-35
0
-75
-45
0
-98
-50
-44
-157
-102
0
-52
-24
-58
23
-15
-72
-54
-60
23
-48
-87
-68
-57
-24
-91
-28
-111
17
-107
-100
-78
-49
-63
-54
-60
-9
-116
-109
-76
-22
-61
-67
-100
-80
-59
-83
-96
18
-45
-44
-78
-67
-72
-57
-77
-70
-45
-91
-25
-175
-15
-1
-49
-35
-37
6
8
-21
-87
-45
-52
-76
-111
-42
-97
-87
-17
-143
-58
-75
-33
-45
-43
58
-101
-40
27
-62
-109
-75
42
-53
-78
-42
-89
-24
-62
-39
-115
-121
-123
-38
-84
10
-40
-145
-47
-14
3
-72
5
-29
-52
-9
17
-44
-17
-34
-23
-36
-23
-152
-21
-89
-51
-85
-126
-55
-39
-100
-18
-97
-46
-92
28
-60
-107
-14
-55
-18
-10
2
-21
-29
-62
-20
-31
-87
-138
-67
-25
-75
-59
3
-137
-24
-70
32
-114
-59
-35
18
-77
-30
-68
-25
-50
-51
20
-98
7
-39
-100
-154
-39
-32
9
30
-108
-45
-75
-123
-32
-45
5
-71
-81
-53
-133
-48
-17
-10
-104
-127
-127
-85
-61
3
13
-100
87
-64
-33
-59
-81
-102
-39
15
-2
-72
-80
-31
-22
-47
25
-67
20
13
-48
-97
-26
-103
-80
-7
-73
-32
47
-94
-25
-20
-7
-64
-50
-116
-58
-1
-80
-51
-19
-30
-49
-29
-31
-120
-35
4
-46
129
-8
-94
-21
-114
-57
-17
-44
-15
-20
-40
-25
-103
2
-50
20
-1
-6
-32
-60
-44
-166
-84
-119
-96
-17
-79
-146
-58
-29
-44
-41
-62
-114
-27
-75
-29
-34
-74
-13
-85
-29
-15
-78
-12
-79
-90
-7
-87
-138
-150
-76
15
-13
-57
-22
-37
-8
-41
-68
-34
-38
-64
26
-89
-115
-158
-14
-86
-48
13
-74
-73
-59
-103
-44
11
-86
-47
-21
-125
-109
-78
-70
-103
-44
-83
10
6
-45
-16
-36
-16
-67
-89
-27
-14
-21
-38
-172
-91
-85
-80
-85
45
-24
-81
-62
-102
15
11
65
27
-94
-45
-40
-73
-58
13
-65
-4
-116
-92
-24
-76
-72
-59
-75
-71
-86
-119
-6
7
-53
-47
-78
-85
-110
-42
-13
-33
-45
-80
-12
-72
6
-9
-90
-12
-147
-13
-125
-31
-31
-86
4
-72
-33
-47
-12
-57
-10
-70
-211
-9
-107
-56
-79
-28
-32
-3
-40
-83
-19
-31
-90
-108
3
-32
-69
-67
-79
-71
-41
55
-145
-74
33
-50
-83
8
-6
-15
-88
-101
-77
-6
6
-70
15
-71
-139
-64
-99
67
-43
-170
-103
-69
-117
-119
-101
-9
37
9
-76
-28
-61
-7
-27
43
-104
-81
-6
32
-24
30
-66
-83
43
-49
-51
-51
-54
-51
-92
-64
17
-44
-24
-103
-27
-44
-15
-32
48
2
-12
-88
-46
-50
-132
-71
-37
-104
-59
-71
0
-26
-147
20
-92
-45
-94
-49
-107
98
-44
-62
-36
-78
0
7
-87
-42
-89
-31
-34
-29
-64
-43
10
-6
-20
-13
-72
-43
-3
-101
-147
-97
-13
-65
-67
-20
-74
-53
-79
-94
-78
-151
24
-104
-15
-7
-29
-105
-12
-7
-144
13
-109
-58
-1
-89
-50
11
-28
-38
-64
3
-86
-8
8
-77
-47
-22
-63
-55
-86
-87
8
-57
-12
-121
-70
-9
-44
-34
-33
-34
-69
-59
-117
-99
-23
-67
-97
6
-10
-83
-23
-51
-90
-20
-111
1
-144
-40
-61
-68
-65
-25
-60
-8
-45
-130
-30
-36
-49
-18
-123
-105
-47
-6
-3
-167
-10
-53
-94
-125
-57
-128
7
3
-35
-50
0
10
-54
-44
-52
-31
-32
6
-135
-15
-44
-108
-99
-25
-113
-39
-91
-22
-60
-4
-34
-106
-17
-89
-22
-79
-40
-91
-55
-44
-93
-9
-54
-58
-74
-64
-79
-71
-29
-30
-25
-105
-115
-29
12
-44
-204
-84
-31
-74
-99
-35
-29
-31
-46
47
-74
-32
-52
-7
1
45
4
-33
-37
-68
2
-64
-99
-67
-75
-67
-182
45
-27
-39
-27
-14
42
13
-131
17
-86
12
-180
-25
40
-57
-160
-99
-86
-34
-175
-19
-41
-95
-115
-79
-13
12
0
-94
-67
-14
-63
-55
-33
-48
-129
26
-9
-29
31
-131
-83
85
-90
-19
-52
-94
-49
-36
-24
-4
-34
-95
3
-130
-59
-13
18
-50
-94
-111
-179
-67
21
-104
-135
-21
-21
-112
-93
-76
-8
-79
-42
-104
-75
-78
-57
-77
59
18
12
-6
-41
-44
1
-60
-105
43
-67
-14
-60
-72
-34
-53
-103
76
-88
-85
-91
-91
-93
-135
-38
-87
-163
-65
-32
-129
-95
6
-68
-22
21
-14
-121
13
-46
-48
0
-10
-123
-16
-88
-36
-126
-24
22
41
-90
-51
-62
-62
-9
-47
-18
-51
-67
-96
-120
20
-78
-72
-40
-96
-73
45
-27
118
-33
-79
-1
-24
-67
-77
-45
-74
-61
-65
-164
12
-80
-45
-45
-84
-134
9
34
-51
-77
-60
-19
-23
-115
-67
-109
77
-57
-123
-57
-39
-81
-88
-141
65
-74
-48
7
8
-49
-38
62
-66
-70
-16
-146
-1
-33
-66
-22
-42
-10
26
-35
-103
13
-62
-44
9
-95
9
-37
-78
-85
-77
-85
13
-77
-45
-108
-87
-131
-93
-61
-92
-16
-18
-81
-83
-40
-1
-49
-35
3
-79
-9
-73
-77
-107
-12
-60
-75
-7
-28
-71
-126
-26
-49
-74
-32
-155
-48
-21
10
-64
-18
-14
-66
-43
-103
-20
-46
-88
-64
-38
-40
15
-74
-65
-11
-7
-53
-32
-98
-39
-54
-45
-7
-4
2
-81
-135
-115
-23
-135
-48
-74
-36
-43
-17
-83
-9
-15
6
-58
7
-66
-109
-19
-146
-87
-49
-75
6
-30
-45
-2
-95
-51
-79
-121
45
-56
-72
-71
-114
8
-130
-91
-195
-137
-110
-15
-81
43
-98
-80
-56
-29
-22
-2
-96
-39
-35
-82
-110
-152
-11
-61
-59
-37
-53
27
-15
-35
-48
-82
-120
-101
-83
-88
-52
-100
-131
-10
-59
-88
17
-44
-27
-6
-93
-128
-33
-18
-60
-74
-94
-6
-91
-57
-39
-89
-105
-44
-123
-86
-100
-58
-77
-12
-15
-25
-70
-80
-103
-84
-51
-167
6
32
-85
-88
-72
-51
-6
-78
58
-118
-29
-135
-9
19
-8
-95
-110
-82
106
-20
-98
-72
-61
-55
-77
-68
86
-63
-18
26
-29
24
-1
-51
19
-55
-119
-126
-77
9
-7
-5
-63
31
-46
-35
-70
-123
-82
-13
-27
-95
-70
-57
-22
11
-31
-36
-31
-24
-11
-28
0
-41
-10
-120
-27
-66
-94
-90
-70
-108
-94
-48
-23
-103
-108
10
-24
-82
-35
-10
-42
-97
-27
-32
-83
-64
-2
-50
-58
-67
25
41
-28
-45
-46
-96
-195
-113
-27
-15
-80
15
-120
-35
8
-110
-23
-81
-17
65
-200
-17
-70
37
-1
-94
-36
-49
-77
-41
-49
-99
-21
-143
-17
-67
-10
-101
-74
-41
-49
-3
2
-75
-179
-8
-71
-34
-126
-78
-45
-27
-49
9
-90
-96
18
-2
-106
-14
-29
-96
-40
-47
-9
-75
-41
-50
-50
-32
-13
-61
-45
-64
-18
-15
-25
-99
13
-6
-9
-78
-7
-59
40
15
24
-24
-13
-109
-38
-47
10
-59
-79
-90
-172
-60
-54
-76
-13
-70
-106
-1
-15
-43
-94
-75
82
-21
-18
-77
-95
-1
-15
-64
-93
-84
-78
-155
33
3
-77
14
-23
-12
-143
-95
-47
-97
-111
-49
-109
-7
-65
-77
-2
-36
-172
-18
-81
-74
-17
-34
-27
-44
37
-48
-32
-130
-95
-128
-33
-77
-63
-124
7
-102
-73
-84
-87
-47
-21
-78
-90
-70
-17
-58
7
-54
18
-90
-51
-33
-60
-74
-200
-138
-31
-102
-138
5
-25
-79
-27
-235
-73
-17
-170
-84
17
-56
-45
-96
-75
-73
-47
-106
-62
-44
6
-9
-86
-53
-79
-82
-68
-24
-90
-80
-99
-119
-7
-19
4
-33
-67
-113
-63
-29
-94
-45
-36
-54
-99
-92
1
-50
-25
-67
-104
-22
-40
-58
-3
-107
-75
20
-11
-93
-24
26
-45
-65
-207
13
-54
13
-201
-46
-63
-15
-52
-12
-55
-91
-91
-1
2
3
26
-46
51
-83
-86
-91
-14
-37
6
-66
18
-53
-28
-41
-50
-55
19
-46
-25
-30
-56
-33
-74
-58
5
-135
-78
-68
-4
-64
-27
-97
-131
-127
11
-38
-21
-132
-111
-12
-70
-24
-97
159
-126
-110
-76
-97
14
-70
-11
53
-57
-74
-36
-91
-32
-72
-15
-96
-4
-67
23
-93
-74
-75
-94
-58
-61
-46
-59
-22
-6
-52
-92
-73
-63
-73
12
-56
-147
-112
-83
-104
-43
-53
-115
-84
-79
-71
-59
-73
-98
-13
-38
-38
-3
-74
-54
-114
-61
-107
53
13
-9
-69
-61
-136
-85
-3
-66
-71
-77
-55
-170
-29
34
22
24
-3
-9
-27
14
-72
-144
-93
-93
-10
-118
-94
-141
10
-14
-106
-96
-147
-70
1
-106
52
-51
-25
-41
-161
-83
-42
-56
-13
-3
-121
-16
-30
-49
15
-153
-31
-34
2
-18
-142
11
-32
53
-60
16
0
69
-78
-55
-39
3
-9
-1
-3
-85
-47
-53
6
-46
20
-74
-117
50
-79
-99
-24
-43
27
-13
-78
-24
-58
26
-138
22
-96
-5
-113
-60
-110
-72
-120
-38
-35
-123
-44
-6
-49
17
-25
-118
-22
-43
-36
-68
-78
-139
-47
-128
-21
-45
16
-23
-49
-19
-48
-11
-7
-87
-57
-74
-45
-87
-114
-107
4
-48
-162
74
3
-18
-55
-15
-87
-45
-128
4
6
-51
-14
-89
51
-80
-27
-166
-43
-64
-62
-69
-89
-101
20
-37
-78
-88
-70
-109
-60
-21
-118
10
-20
-41
-91
-135
-60
-29
-38
-67
-6
108
-42
-48
-88
-132
-76
-136
8
-48
-37
-95
-83
-28
-25
-21
-84
-3
-192
-78
-15
-65
1
-108
-36
-6
-37
-28
22
-34
-90
-70
-28
-109
-33
-103
-119
-76
-87
-15
-3
-115
-77
-29
20
-77
26
33
-104
24
-53
6
-59
-111
-5
-52
-26
-15
51
-39
-18
-60
-32
-42
-111
-15
-107
-4
-21
-50
-50
41
-1
-36
-82
-142
-31
-116
-6
-55
-23
-82
-12
-78
-16
-86
-82
-73
-77
-34
-106
-10
-80
-133
-141
-5
-63
-100
-84
-159
-83
71
-99
5
-52
-16
18
-16
-5
-87
5
-4
-56
-78
-64
-7
-88
26
-153
-9
-107
24
-67
-51
-16
-57
-152
15
-102
9
-65
-19
-7
-68
-206
-75
-65
-68
-152
129
-30
-67
-71
-97
-111
-11
-33
-14
-187
-134
6
-95
-59
-36
-65
-51
-27
-52
-100
77
47
-43
-59
-45
-60
-98
-17
9
-62
-13
-44
-192
-207
-73
-74
-58
-74
-74
12
-44
-90
-105
-35
-50
-80
-62
27
8
-41
-27
-158
-130
74
-84
5
-12
79
-44
-101
33
-88
-120
-73
-25
-63
-77
-26
-31
27
-69
-45
-78
-86
-148
-91
-88
-78
-84
12
-63
-114
18
66
-87
11
-103
-42
-7
-4
-91
41
-92
8
17
-67
-21
-85
-97
-50
-90
-14
-86
-41
-84
-48
-17
-33
-28
5
-39
-68
-89
-87
-43
-35
-102
-44
-45
-9
-20
-144
13
16
-105
-84
-91
-50
-82
-32
-63
-84
-107
-38
-27
-12
-64
-77
-103
0
-29
-108
-74
-153
-37
-24
0
-89
75
-21
-40
-45
-37
-62
-6
8
13
-37
142
-129
-30
-6
-23
16
-33
-48
86
-37
-143
-18
-69
-84
-30
-25
-108
-77
20
-17
-155
-63
-57
-72
-4
-77
-56
-87
-42
-47
-113
-33
-115
-126
-149
-10
-113
9
-138
-169
-55
-27
-115
-7
-73
-1
-47
-87
-45
-31
-131
-54
-70
-78
-74
-48
-145
21
-38
84
-5
-42
-68
-134
-99
-85
-127
-87
-78
-9
-123
-90
-90
-71
-54
-51
-84
-22
-15
-121
-71
-1
1
-57
-69
-29
-118
-80
-48
-170
-10
4
-81
-180
47
-62
-62
33
-62
-70
-11
-59
-49
-119
-62
-27
-73
-39
79
16
-6
-74
-72
-123
-35
-53
-55
-106
-56
-182
-110
-16
-47
23
-65
26
-162
-28
-34
-101
20
-80
-85
-125
-7
-78
-72
-47
-62
-143
-109
-17
-72
-3
5
-55
-51
-8
-94
-50
-9
-19
-14
15
-2
-24
-28
-39
-77
-105
-27
9
-76
-150
-84
-83
-51
-90
-95
-69
-60
-99
-73
-39
-53
20
-116
-60
-76
-42
-47
-26
-24
-42
-188
-100
-95
10
-81
-97
26
-73
-122
-31
-78
-90
-11
-23
-48
-149
-112
-53
-81
-24
-42
-83
76
-56
-66
-72
-113
-105
-48
87
-26
-55
-113
-5
-23
-46
-29
-58
-60
-91
-90
-1
-15
-129
-28
-59
-36
-48
-15
-27
-42
-68
-33
-57
-34
28
-29
-79
41
-16
-103
-7
-61
-24
-27
-48
-9
-20
-93
-72
88
-156
-64
-151
-27
-25
-14
-59
-86
-27
-22
-42
-111
5
-38
-3
-32
-162
16
-108
-79
58
-88
-93
-26
-32
-98
-117
-98
-156
-21
11
-7
-92
-101
-99
-55
-25
-74
72
6
-60
6
-38
-31
6
-14
26
-68
-108
118
-51
-47
-89
-93
-28
-14
-123
-109
-62
-73
-56
-9
-40
-35
20
-54
-15
-118
3
30
-100
-44
-59
-125
-76
-7
-51
-100
9
-44
-51
-48
-150
-94
-48
-37
-81
-36
-61
-17
-180
-41
-69
-25
15
-28
49
10
-25
-66
13
-92
-45
-24
14
-44
-89
-106
-49
-28
7
-71
-21
-129
-56
-30
-78
-2
-74
-78
-79
-92
-103
-70
-21
-36
90
-37
-26
-35
-72
-20
-88
-55
22
-52
-30
16
-44
-64
-21
-75
-138
1
-36
16
18
-17
-150
-120
11
-97
-106
-53
-68
-45
-90
-163
-97
-8
-68
-89
-25
-102
-72
-19
-49
-113
-9
-51
-94
-56
-98
-98
-70
-158
-77
-27
0
-44
-31
-103
-16
-27
-13
-77
-60
-74
11
-58
-84
23
19
-105
-27
55
-77
17
-61
-81
-17
-36
-18
-4
4
-143
-36
-99
-8
6
-47
-102
-6
-85
-6
0
-84
-5
-93
68
-29
-92
-3
-120
-8
74
-80
-12
7
-6
-35
-22
-58
-86
-49
-72
-119
-162
-92
-23
7
-10
-38
-45
-47
-93
-23
-96
-92
-61
-105
4
-61
-45
-20
-50
-59
-135
-69
-150
-80
-136
-4
-86
-27
-93
-84
-120
-91
-53
-63
-74
4
-67
-19
-42
47
-93
-108
-45
-74
-30
-58
-94
-44
-111
-55
-46
-82
-77
-74
-126
-67
28
17
60
-36
-41
12
-51
-51
-33
-106
-1
-110
-4
57
-64
-59
-43
-38
-45
-73
-74
5
-73
-56
-85
-13
-17
-93
-115
-4
-18
-38
53
-32
-88
169
-30
-68
30
6
-145
-99
-31
-15
-28
-6
-106
-24
-27
-79
-22
-91
-96
-68
-88
-65
-141
-1
-59
-61
-246
80
18
-33
-141
-124
-67
-47
38
-37
-39
-96
-46
-27
-61
-74
-59
-31
-65
-88
-153
-50
-117
-67
-120
10
-37
-44
-4
-69
-7
-58
-5
-1
-72
-93
0
-146
-92
-18
-26
-44
-45
-16
-88
7
-83
-25
-78
-7
8
-70
-84
-61
-45
-31
-152
-53
-59
7
-39
-6
-155
-119
-16
-76
-115
-38
-45
-90
-49
-39
-114
-70
-26
6
-180
-8
-68
-60
-105
-27
-35
-127
-75
-79
-22
-112
-44
-83
-98
11
20
11
-84
-34
-56
-73
-1
3
-21
-52
-37
-14
-67
-66
-47
-23
-11
-98
-76
6
-96
-92
-34
-71
-85
-27
-2
-101
-5
-53
-70
-119
-1
2
3
-116
-33
-16
-64
-46
-8
-83
-43
-91
-75
-192
-11
-6
-58
-119
-242
-43
-4
-16
-26
-1
-71
-13
-74
23
-137
5
-86
-38
-68
76
-87
11
-94
-19
-47
-53
-28
-51
-120
0
-73
-32
-111
19
-92
5
-39
-58
-48
34
-56
-44
-63
-44
-109
-77
-31
-25
34
25
-52
-91
-62
-10
75
-28
-32
-21
-63
-100
-12
-35
-48
-87
-115
-48
-35
-53
40
-33
-59
-63
-24
-55
-75
-76
-48
9
-40
-15
-151
-105
-83
-17
-3
50
32
-28
-76
-80
-49
-17
-147
-20
-52
-100
-78
-79
19
-70
-51
-67
-72
-81
-85
-246
-42
-50
-43
-66
-1
-26
-50
-18
-77
-47
-95
-152
-45
-67
-57
102
-60
-39
-81
-38
-66
-20
-17
-39
-149
-37
-107
-71
-69
-4
-42
-136
-81
-15
-39
-6
-53
-85
-15
-96
-78
-45
-39
-120
-71
-16
-130
-91
-107
-81
-30
-23
-9
5
12
-30
-140
-54
-62
-85
10
-101
-26
-1
-61
-58
-117
-91
-21
-167
-86
-123
-70
-129
-70
-55
-35
-33
-91
-62
-37
-105
-24
-24
-188
-19
-25
-97
-52
-53
-34
-46
-29
-58
-51
-81
-59
-112
-27
29
-73
-3
-116
-72
-45
8
-18
-98
-61
-128
-12
-50
-92
-1
-17
0
-17
-11
-54
-99
-44
-48
11
-100
6
-40
-82
-49
85
-83
-8
-24
26
-78
-55
34
-46
-124
-32
-11
-26
48
-105
-70
-56
-5
-7
-162
-79
-91
-115
-157
26
-40
-92
-65
84
-10
-54
-44
-24
-60
-39
-3
-106
19
10
-3
-21
-8
-56
-129
-25
-45
-70
-80
9
-32
29
-19
-30
-72
-134
-97
2
-38
26
-80
-78
-37
-117
-13
-49
-74
-60
-124
-46
-22
-76
-75
-126
-3
-127
-60
-28
-11
-28
-45
-56
-4
-52
-75
-70
30
-11
-144
-94
-22
-56
-109
-40
-15
-91
-70
8
74
-72
23
-77
-38
-60
65
-115
-75
-39
-61
-80
-105
-92
-66
0
-58
69
-16
-58
3
-25
-100
-134
-93
28
-46
-42
-81
-68
-33
-167
-22
-72
-45
-10
-58
-120
-58
-36
7
-97
-10
28
-36
-140
-47
-18
-86
-108
-92
-111
-116
18
-110
-2
-61
47
-13
-39
-59
-13
-37
-53
-32
-18
21
-63
-50
-113
2
-10
-107
-64
-109
-8
-17
-75
2
-98
2
-91
-96
-145
-22
-24
-113
-83
-69
-41
-139
-37
-40
13
-53
-93
-29
-100
-74
-77
-149
-13
-81
-67
-56
-93
-94
20
-55
-70
-45
-22
-42
13
-62
-94
-87
34
-38
-57
5
-70
1
-52
33
-127
-25
-55
-154
-60
26
-22
-17
-44
-31
-87
-6
-83
-134
-28
-87
-51
-40
-150
-141
-27
-78
-90
-7
-171
-44
-100
27
-61
-62
-51
-86
53
-97
-16
-24
-86
-74
-180
-32
-51
-6
-31
20
-30
-79
-52
-56
6
-8
-135
21
-38
81
-43
-120
-89
-85
-39
-87
-2
-37
-34
39
-43
-211
-60
-29
-105
-31
-67
-112
-74
-37
-91
-45
-39
-14
-169
18
3
-62
-13
-38
-79
-80
-74
-40
-98
-100
-58
-56
-102
-29
26
-89
8
-9
-56
-78
-70
-22
-26
53
-30
-41
-115
-69
-24
0
-30
-109
-45
-85
53
90
-75
8
-77
-36
-83
0
-95
19
-26
-74
11
-58
-56
-40
-36
-35
-45
15
-64
-7
-36
-28
-47
52
-97
0
-93
-41
-64
-59
-37
-14
-36
-58
84
-138
-16
-23
-44
-83
-32
7
12
-58
-124
-47
-70
-110
-8
17
-22
-53
33
-63
-67
-81
-79
-18
-136
-82
-64
-45
-21
-51
-88
-6
1
-29
-115
-43
-94
-37
-56
-41
-138
-47
-61
-116
-50
-167
-111
-77
-74
-6
-22
-21
81
4
-28
-91
-75
-75
-8
0
-18
-89
-34
-46
-6
-38
74
-21
-67
19
-62
-65
-41
-56
-77
-1
-35
15
-77
-17
-12
-82
-50
-82
-54
-150
-117
-54
-14
-84
-58
-58
22
-48
-60
-68
-42
-68
8
-26
6
-28
-41
-83
2
-107
-22
-53
-45
-36
-58
-24
-173
-49
-56
19
-163
-72
56
13
-117
-30
-102
-86
-34
-69
-36
-54
-29
-23
-115
-100
-12
-34
-64
-39
92
-141
-53
-62
-48
-153
-17
51
-101
-32
10
-47
-20
-72
-59
-31
-141
40
-5
-36
-86
-21
-3
-7
-58
-157
-41
-11
-43
-47
29
54
-26
18
-55
-29
-64
-78
-59
-18
45
20
-8
-30
-62
-67
-20
3
-179
-80
-87
-60
-16
-95
-143
18
-52
-71
-69
-107
28
-42
-77
-69
-91
-87
-95
-28
-40
-32
11
-4
-79
-134
-220
-41
-25
-59
-119
5
6
-94
-6
42
-48
27
-37
-63
-70
-84
-64
-16
-7
-73
-100
34
-205
-25
-25
-70
-21
-92
-11
-91
-45
-38
-68
-56
-45
-61
-5
-10
-155
-94
10
-41
-6
-69
53
-64
40
-72
-37
-21
33
-106
-42
-39
-52
-87
-44
-82
-92
-45
-75
-65
-188
-45
-40
-37
-81
-18
-103
-49
-101
-51
-113
-36
6
-86
-126
-25
-85
-24
-74
33
7
8
-73
-152
-2
-38
26
40
-127
-79
28
-94
-141
-69
-45
68
-70
-4
-51
-136
-28
-80
-143
-45
-105
-22
-96
-76
-47
-16
-63
27
-82
-115
-49
13
-21
-12
-76
-76
-82
-80
-71
-79
-98
-50
-32
72
-15
-135
-44
36
-69
-88
-4
-62
-111
-37
-39
-59
-6
-6
5
18
-3
-39
-84
-20
13
-53
-8
-98
-46
-36
-2
-117
-15
-162
-51
20
2
-8
-62
-25
-49
-35
-59
8
60
29
-84
-24
-164
-17
-84
-102
-92
-59
-31
30
-87
-64
-80
27
-18
-4
-120
-123
21
-84
-50
6
-75
-156
18
-38
-85
-108
-173
-110
-18
-72
17
-10
-101
-55
-89
-136
-29
-38
-29
-51
0
-16
-78
-41
-24
-39
36
-32
-69
-37
2
-59
-10
-23
-38
25
-115
-92
-27
-44
-23
-120
18
-34
-1
-3
-31
-93
-120
9
-63
12
-90
-155
-187
18
-89
-47
-53
-41
-193
12
-15
-37
-85
-62
-43
-40
-107
-12
21
-91
-72
-126
-47
-82
-91
-62
-102
-50
44
-23
-139
-14
-25
18
20
-51
-4
-21
-63
-60
-42
-82
-180
-111
-43
-19
-73
-83
-86
-90
-28
-62
-166
-89
-54
-4
-140
-42
-129
-82
-24
-83
-147
-116
-66
-47
-25
-99
-152
-46
-72
-170
-28
-64
-55
-93
-133
-70
-44
3
-47
-34
-7
69
-25
-14
-29
-66
-7
-113
4
-92
80
-7
-55
-54
-123
-27
-92
-33
-84
-24
-55
-59
-53
-60
-52
20
-147
-40
28
-60
21
-135
-102
-71
12
-14
-62
-11
-127
-82
-27
-42
-109
-50
-155
-71
-27
-15
15
-82
-29
-53
-21
-57
-38
-15
-100
-20
-59
-156
5
-29
-120
-47
-161
-47
-99
-31
-19
-7
-90
-12
-13
-16
-87
-89
-120
-31
-78
-96
-32
-47
4
-9
-58
5
-106
-40
-128
-123
-73
-59
-76
-136
12
-70
-67
-87
59
7
-30
-96
-59
-76
-58
0
-124
-103
74
-23
-117
-27
-131
19
2
-120
-120
-59
-88
-60
-35
-33
-47
-46
-38
-57
-44
-84
-91
-49
-11
-29
-122
-8
-18
-73
-59
7
-90
-118
-6
-66
-139
-65
-71
-45
-13
-2
-59
-12
-55
-33
-75
-9
-53
-79
-38
-94
-91
-18
-108
-50
-30
-99
-195
1
-79
-85
-7
-90
25
-43
-19
-24
-64
-14
-9
-124
-201
-1
-60
-73
-117
-76
-61
-57
22
-91
-47
-97
-66
-61
-86
-124
2
-17
17
-78
-19
-3
-22
-105
-68
-36
-32
-102
-120
-34
-6
-94
-32
-135
40
-52
-39
-57
-138
-74
-71
-33
-107
-40
-34
-92
-61
-138
22
-104
84
-27
-44
-31
-111
-79
-12
-22
-83
-70
-53
34
-151
-79
-92
-80
-50
-50
-25
-20
-94
-8
-108
-2
-63
-27
-103
-58
-109
-54
-45
-85
-129
-7
-143
-124
-77
16
-101
-83
-87
4
-78
0
-45
9
30
-113
-53
-67
-79
-44
14
-40
14
-55
-64
-18
-53
10
-65
-63
-13
-59
-123
-37
10
-84
-91
-161
-32
-48
-71
-36
-56
-65
-78
-127
-58
-78
-123
-10
-74
-130
-71
-26
-63
-99
-75
25
-66
-116
-156
-72
-59
-30
-8
-73
-103
-1
-77
-23
-113
-117
-75
-27
18
-29
-69
-44
-61
-121
-98
20
-11
-47
-35
-74
-63
-63
-70
78
-37
-34
-50
-23
-145
-59
-64
-84
-57
-80
-11
-74
-27
-95
-41
-98
-42
2
-73
-71
-78
-98
-68
-183
-100
-34
1
-79
-67
-14
-36
-118
78
-54
-148
-66
-24
-126
-35
-129
-26
-71
-85
-93
-53
-39
-88
0
-90
0
-151
-6
-64
-54
39
-36
-10
-26
-20
-112
-40
-26
-7
-53
10
-91
-24
-95
47
-94
-74
-24
36
-63
-97
1
-115
-25
-62
24
-74
0
-22
-82
-36
-44
-25
-55
-91
-85
-8
21
-20
-27
-94
-88
-66
-44
-134
-70
-66
-22
1
-34
-28
-76
-53
-52
-80
-69
-3
-36
-64
-120
-81
-106
-13
-76
-50
5
-21
-39
-86
-16
-55
-133
-50
-6
-76
-116
-24
-71
-59
-80
-124
-63
-69
8
-91
-106
-85
-11
-59
-156
-116
-23
-19
-74
-29
-23
-88
-82
-68
-109
-136
-60
53
-91
-71
-11
-52
-40
169
-72
-19
-42
48
-32
-63
-51
-82
-67
-5
-27
-77
-55
-10
-84
-85
-41
-44
-80
-45
-130
-55
-1
-15
-58
-1
-72
39
47
-14
-93
-61
-56
-19
-78
-83
-57
-17
-53
-122
-11
-77
-58
-22
-112
-29
-85
-41
-117
-84
-74
-84
-1
-54
6
-51
-59
2
-89
-94
6
-37
-127
-56
-101
-93
-28
-51
-84
-187
-41
-92
-17
-76
6
-6
-59
-52
-59
3
12
-63
-29
-52
-91
-93
-67
-37
-60
-42
-31
-111
-115
-11
-126
-170
-36
-46
-115
-89
-60
0
-125
-34
-61
-63
-51
-17
-29
-32
-62
-55
-46
-78
17
-31
-75
-53
-53
-60
-115
-48
-147
-117
-140
48
16
-85
-61
-155
-30
-78
-73
-87
-78
-70
-1
-48
-37
-64
-49
-24
-74
-80
-42
-76
-88
-102
-10
-93
102
-124
-89
-154
-71
-75
-78
-44
-254
-55
-85
-32
-84
-48
26
-21
-126
-90
-102
-88
-32
-32
-75
-18
-93
-34
-21
-68
-58
25
-65
-14
-2
-79
-157
-62
6
-17
-34
-80
-31
-148
-69
-71
-28
-69
-17
3
0
-21
3
-46
-90
-83
-16
-69
-53
-9
-29
-42
-59
-110
-40
-54
-25
-30
-78
-24
-109
-30
-13
23
-44
-105
-98
-46
-39
-13
-50
-162
-87
26
-41
-66
51
-33
-37
-40
47
-81
-156
-78
-7
-97
-84
-47
-89
-97
5
-20
-170
-53
-15
-36
-139
-235
-96
-50
-91
-31
-43
-132
-98
-51
-86
-34
-12
-48
-111
-147
-59
-19
-129
-120
-60
-19
-77
-146
-93
-12
-38
-44
-166
-65
-60
-99
-129
-49
-41
-67
-87
-51
-106
-150
-21
8
25
-68
-62
-34
-6
-79
-156
-24
-75
-139
-143
32
-111
4
-32
-94
1
-115
-37
-80
-189
-55
-31
51
-22
-19
-55
-34
-46
-84
-47
-75
-59
-20
-16
-18
-51
-15
-60
-44
-102
-91
-62
8
-10
-66
-145
-69
-109
-39
-80
-62
-50
-122
-97
-89
-107
15
-214
-24
-99
38
-57
-60
29
-149
-9
-84
-65
-29
-3
-43
-59
-64
-59
25
-37
-97
-39
-94
-91
-90
-57
-88
-94
-67
16
-9
-37
-67
-110
-54
-2
-77
67
-36
-74
-18
-79
-75
-105
-62
-67
-97
-117
-93
-55
-86
33
-89
24
36
-92
-89
-1
-44
-26
-9
22
-85
-113
0
2
-79
-99
-70
-55
-92
-77
28
-25
-32
-70
-109
8
-21
-48
-84
-123
-32
-59
-94
-58
-22
-134
-84
-71
-204
-31
-100
-32
-47
-50
-33
-18
-22
-62
-129
-150
-40
-51
-48
22
-81
-108
8
-17
-33
-110
-138
-91
-25
-150
-16
-16
-102
-15
-79
-42
-60
-98
-98
-98
-127
-18
-25
-33
-31
-88
-67
-27
-69
-41
-112
45
-71
-19
-24
-1
-45
45
-44
-19
-59
-31
-33
-87
-64
-100
-119
-133
-74
-29
-59
-10
-27
-32
-71
13
-45
-21
-33
-32
-29
-48
-97
-54
-22
-235
-95
-15
-52
-65
-25
-66
-58
-110
-93
-56
1
-53
-54
-89
-85
-97
-106
-22
-58
-55
-12
-56
-11
-27
-84
-83
-55
-32
-63
13
-30
-17
-23
-100
-9
-15
-22
-69
-45
-30
-91
-47
-147
-10
61
-124
-101
-28
-30
13
-40
-124
-117
-42
-84
-13
-78
-113
10
-90
-15
-45
-34
-37
-41
-67
-19
-87
-78
-47
-86
-38
-189
-5
-59
-37
-39
-64
-35
-34
1
-23
-62
17
-85
-173
25
-95
-55
-58
-17
-57
-9
-11
-91
-16
-18
-49
-50
-109
-41
-115
-47
-89
-24
-33
-16
-51
-67
-22
-123
-56
-156
-95
-57
1
0
-16
3
-58
-3
0
9
-9
-46
-32
-93
-7
-36
-89
-86
-116
16
-9
8
-56
-162
-28
-24
-55
-70
-126
-43
-44
-108
-80
-61
3
-84
-29
3
-59
-104
-74
-126
-31
-35
33
-153
-17
-35
-56
-3
-76
-83
-67
-38
-132
-94
-37
-73
-24
-47
7
-37
-37
-86
-13
-53
-92
-19
-37
-60
-67
-16
-35
-100
47
-112
-93
-6
-81
-11
-188
-40
-7
-16
-110
-2
-254
-35
-27
-28
19
-1
-44
-67
-160
19
-120
-61
-118
-36
-59
-37
-52
31
-18
-18
-21
-15
-64
-149
-19
-3
-79
4
25
-30
-29
-34
-58
-55
15
-95
-85
-101
-35
-64
-63
-45
-103
51
-26
-49
-220
-1
-83
-55
-53
-30
-26
-91
-45
-148
-97
-63
-115
-21
-69
-51
-64
-122
-76
-58
