-73
-30
-15
54
18
54
-22
-32
-37
-14
14
23
-99
71
11
27
9
-59
-37
-56
-50
-29
-25
-6
-60
-99
-85
54
45
-39
-29
-17
-39
-49
-62
-9
-26
-12
-79
26
-28
-40
39
-17
2
-51
-82
-47
-1
-28
-14
-27
-61
-28
-29
-29
-38
-103
-58
-6
-17
6
17
-39
-26
-57
40
64
-44
-34
57
-34
56
-49
6
-36
-45
-34
-45
-64
23
-27
-109
1
28
-44
-59
-25
-3
-36
-35
-1
-56
-86
33
-42
-3
-45
-45
46
-72
-26
9
-33
-17
9
-41
-24
-43
24
42
-43
-34
-62
-18
-57
-42
14
-30
-24
-50
10
-8
-40
-44
-33
9
37
-17
28
-60
-40
-82
23
-60
-2
-102
-37
-40
-43
-94
-65
-80
-74
-84
-70
-44
-60
42
36
-86
-74
7
-73
-136
-16
-29
-70
33
-102
-42
-22
27
108
-48
-26
-52
-12
36
-95
49
-22
-86
-15
-54
-72
30
-56
-26
-21
27
-86
-61
-168
-45
-55
-14
-23
-39
-42
-11
-63
3
-96
-99
-29
-27
25
6
-27
-142
-9
-38
-19
-20
-69
9
-18
-49
-27
-139
14
-19
-62
-17
13
-5
-81
-70
-42
-38
-180
-20
-73
-36
-61
-3
-114
-4
-94
-17
-62
-3
-38
7
-50
27
-28
-13
-22
61
-43
-12
-10
-36
52
-48
-16
-36
-1
-39
-50
-91
13
-16
5
-8
-49
46
-8
-72
-31
-15
-58
32
-40
6
-41
-71
37
-65
-62
-37
-85
-62
-19
41
-38
-133
-43
5
-25
-88
-15
-18
4
-49
34
11
-75
-16
35
-65
65
23
-69
-27
-79
-12
-93
-62
-110
-149
-60
-32
-16
-20
-33
-60
-71
22
18
-13
-14
-62
-72
-54
-63
-3
-15
-64
44
-46
-14
-32
-42
-5
-26
-94
-33
2
-34
-42
-139
15
13
-58
-12
-29
-69
-61
-42
-27
-1
-125
12
8
-53
-25
-28
8
-57
-31
12
8
-2
5
17
30
-152
-47
-70
109
1
-102
-41
-55
-52
0
-20
-5
-131
1
-60
-2
-70
47
-11
-4
20
-16
15
-57
33
-71
-11
-21
-130
-70
65
-47
-52
-2
40
-42
-58
-43
45
44
-50
10
-22
-18
0
12
-133
-40
7
60
-20
-29
-39
-17
-72
-57
46
-53
21
-26
-39
-54
-50
-18
21
-101
-132
-1
-53
-38
-83
-58
62
-15
-1
-13
-92
-49
7
-55
-56
-46
25
67
-31
-46
-56
-176
-45
-87
-68
-30
-5
-33
-13
-135
-8
14
-112
-14
-23
-16
-9
-57
-44
-28
-46
-80
-40
-54
-83
-90
22
45
-9
40
-45
-80
-58
30
-34
-33
22
-74
-61
28
45
21
-39
-56
-1
-89
-75
-53
-65
-50
-54
-31
-27
-128
-30
-36
-18
-30
-34
11
1
-89
-44
-148
-75
-2
-40
-76
3
-56
-50
-102
-57
28
-90
5
-50
-66
34
-19
-47
-60
6
-108
-133
-20
46
-43
1
-54
-40
-73
9
7
-17
47
94
-22
-53
45
-9
-50
-15
25
-14
-3
-90
-37
-36
-37
72
-13
-125
45
20
6
6
-42
30
-5
-27
46
-47
-45
-87
-79
50
-17
-63
-157
47
-128
-19
9
-27
114
-31
-72
-11
25
-76
36
-36
-28
6
-58
-69
-62
-85
-26
-27
24
-4
-45
-54
-78
-36
10
-78
-87
-7
-44
-31
-92
-15
33
-57
-42
-53
-133
-93
-27
28
-27
-51
-64
66
-38
-64
-66
-42
0
-31
40
-58
-63
-8
65
-48
-76
-9
-24
-46
-70
-43
-139
-17
-163
-41
-65
-6
-23
-25
-99
-59
56
-68
-1
-53
-25
-34
46
40
-67
-53
-1
-34
-54
-109
11
49
-122
-48
63
33
-22
-50
-35
-30
-42
-7
-28
-67
-19
-22
-52
-41
-27
-23
-83
-79
-72
45
18
-78
27
6
19
-19
-29
-78
-25
63
-2
23
-27
-38
8
-32
-21
-63
37
-83
-42
-43
-55
-32
-66
-136
-35
14
40
-5
-27
-7
-42
25
-38
-65
16
5
-43
-6
9
-6
-22
-52
-22
-61
-37
-7
-99
-53
-70
30
-134
-34
-63
29
-8
-80
-44
-33
26
-90
-20
-78
-4
-56
-64
-60
-31
-30
-2
-8
-60
62
33
-47
11
-25
32
-13
-104
34
-59
-81
-27
-29
-39
-57
-77
-13
-48
30
-97
-38
-15
-1
63
-5
39
-79
-30
-10
56
-77
36
-74
-26
-78
-69
-41
-97
-44
-31
-89
105
-3
-65
-77
-42
-76
-85
-17
-66
-31
-13
16
-3
-69
-22
-101
-17
12
-22
46
36
-72
40
32
3
-29
-46
25
46
-110
-77
-67
-65
-5
-9
-101
-34
12
-57
-20
-127
-12
31
-59
-32
-1
-32
-12
-102
-25
-41
-36
-58
-28
5
-77
-11
28
-1
-92
-45
-32
-2
-1
-125
40
-24
-40
-95
-94
-1
-14
-131
14
45
32
-6
34
24
-43
-41
-85
-87
-59
-9
-70
-31
-31
-39
-17
43
-39
-28
-10
-29
7
-26
-2
-33
-26
-60
-11
7
-30
-32
-65
-42
-17
-76
-40
31
59
-80
-27
24
36
-4
28
-72
-3
-75
-24
-34
-35
-90
14
-101
-12
-59
42
46
-66
-38
-38
4
-68
11
-1
7
-12
-44
-51
27
5
26
53
8
-126
10
4
-94
-78
21
-18
-96
-49
46
-15
17
-80
-72
29
-16
-43
-35
-72
-47
-60
-36
-48
7
-30
-37
-87
-124
-13
-54
1
-69
-4
21
-94
-38
-12
-70
8
-89
2
-14
9
-77
-31
-30
-75
-38
-91
-54
-100
-24
-30
-38
-47
-84
42
-42
-83
-43
-31
-49
-28
-44
-93
20
-71
-40
-75
-77
17
29
-2
-31
-24
-16
-34
33
-42
-80
12
13
-82
-61
-104
48
-168
-68
-62
-32
-19
-10
15
-85
6
-83
-33
4
-28
-76
-22
-48
-59
30
-27
22
-1
-49
30
-58
-30
-28
4
-79
-18
-37
9
-56
-2
-103
-90
-64
-27
24
-58
-29
31
30
-43
3
7
-9
12
-50
-90
-129
-37
-109
0
-57
-86
-14
-14
32
-22
16
-1
8
-14
-75
-14
-40
-51
-77
-110
-65
-91
-20
-11
18
40
-55
-69
48
-25
46
11
-59
-31
-38
11
-50
-102
-11
-83
-26
-29
-62
-122
-3
-12
-29
-1
31
-72
27
27
-2
-12
45
-6
-29
-26
-18
-59
-48
-70
-6
-76
-47
-11
-75
-75
-62
-14
-79
-87
47
-2
-55
-83
-9
-33
-90
-39
-74
-41
-104
-28
-56
-82
-24
21
-54
-8
47
-57
-36
-33
10
37
-1
8
-33
-83
16
-42
-5
-25
-24
-30
-62
-66
-90
-9
34
-19
-87
24
-42
-23
-78
-6
-16
-77
3
19
-65
-2
10
-70
0
32
-2
-49
30
-62
-109
-43
-12
-73
45
-50
-9
-67
-57
-28
-45
-95
2
-134
-86
-36
-58
-62
-109
9
-2
-38
12
-45
-22
-17
-76
-99
-65
-50
-8
-37
-23
5
8
-35
9
-15
-47
-50
-32
-22
-13
-14
-14
-56
-47
62
2
-69
4
-12
-57
-22
-40
-82
27
-32
4
-58
-118
-15
1
-54
-41
-115
10
2
-37
-87
-115
-22
-16
68
-2
-64
3
-49
-32
-41
-3
55
-44
-67
9
-69
30
-44
-83
-10
-99
-51
-18
3
-24
-24
-97
-70
-26
-8
-28
83
40
-53
-93
-72
-70
-60
-29
-97
-17
-9
-31
-7
-28
9
44
-96
-81
-47
-18
-130
-63
24
16
2
-33
-1
-95
-7
-88
-80
-78
-45
-56
-66
-11
-8
-50
-2
-6
-31
1
-40
-51
27
-22
-58
-7
-37
0
12
-64
-81
-76
30
-26
-73
-31
-89
-33
-18
-72
-34
-60
-66
-30
-69
-112
-63
18
-81
1
-44
59
108
-53
24
89
-73
-14
2
-53
37
-8
21
-23
92
-11
-68
-74
4
62
22
-20
-51
-93
33
23
-43
49
-27
-22
-112
-52
-13
33
-35
-15
-50
5
-135
-38
51
-24
-3
-55
-81
-62
8
-12
-29
51
24
-117
-63
-112
-26
60
-136
-19
-33
20
45
-53
-40
-95
-41
-36
-27
-51
-112
3
11
-50
59
-37
-42
-132
-7
68
8
-150
-9
-47
-22
-26
-29
-1
-46
-14
-13
-71
-9
-92
-48
-36
-52
-68
-89
-54
-26
2
1
-45
27
-30
-45
-89
-14
-65
-48
-34
-48
-25
-56
7
35
13
-8
-35
8
-79
-48
7
-20
-21
-37
15
-19
-61
-70
-48
25
47
-24
-127
54
45
-86
-7
-105
28
-22
-22
-67
-49
-15
-8
1
53
-76
-116
-56
-163
8
64
-89
-180
-77
-19
-41
-47
-22
23
-71
-31
46
69
55
32
-41
-5
-32
5
-18
-80
62
29
-9
-4
-62
42
-6
-120
-28
-38
-12
-37
-39
-27
23
-11
1
-55
51
-32
12
-68
-115
-49
-36
-128
-27
-27
-50
40
-99
-77
-105
-38
-59
-9
-21
-26
-68
-34
-30
-14
-26
-56
-17
-61
-125
-18
-20
-23
-77
-55
-39
-31
-21
19
-41
-123
14
-35
-71
-45
-12
-64
48
-76
-39
33
-89
-25
-17
-24
-39
-4
-31
-83
-90
-57
8
-40
-6
-48
-1
-58
-25
-69
-45
-89
-52
-8
-41
-8
-28
32
-7
-56
-70
-52
39
-66
50
-37
-28
-60
8
83
109
-18
-38
-37
-42
-21
-68
-93
15
-21
-6
-36
-38
-14
-63
-20
-59
23
-32
-15
16
-28
-49
-41
-75
11
-99
-4
-28
-3
-61
12
-125
8
-110
-23
-42
-61
-50
30
-100
83
18
54
-63
16
-51
-57
-27
-37
-45
-83
-25
-40
-117
-1
-42
-22
-1
52
26
4
-7
10
-73
-47
-1
-7
0
15
-23
-66
-22
-45
-19
-14
-22
56
-60
-60
49
-57
27
-59
-17
-15
-46
9
10
-11
-66
-21
-81
-46
-72
-46
37
6
42
49
10
6
48
60
-22
-45
-21
-102
-54
-6
-19
-35
-29
63
-60
2
60
-51
-55
-87
-91
-58
-68
-39
7
4
24
57
-47
-53
-32
-22
-27
-112
26
62
-30
-35
-17
39
-47
27
-40
-16
-76
-82
-17
-2
-30
62
-72
24
-9
-10
-13
-63
-75
-2
45
-20
-28
105
-13
-22
-35
-17
-13
-27
-37
-152
-18
7
-32
-64
-58
-60
-46
-20
-81
-68
35
-30
-84
28
-50
64
40
-59
-71
-21
-17
-58
-130
-87
-82
-71
-7
-96
34
-75
-11
69
51
15
-16
2
-83
-110
3
2
-1
-29
13
-30
15
-93
-151
-5
-16
-8
-40
-39
-12
-66
-42
-53
59
-53
-9
-5
-41
-21
-69
66
-36
-54
41
-53
-84
10
-117
-41
-50
-11
-48
-57
-79
55
-97
-19
11
-35
-15
-40
-50
57
-9
-22
-25
55
-53
-112
-60
-10
59
-85
-99
-14
19
-26
5
-51
34
15
-26
-27
-11
-30
-89
-17
-36
-24
-31
9
16
-43
82
-51
-40
7
-29
-38
79
-11
-49
38
-47
-36
-20
-47
-64
-139
-30
-100
-24
-31
-59
2
17
12
-123
-28
-123
-23
-112
-7
-89
-16
-37
0
7
-14
12
-72
-35
11
-25
-30
44
-63
24
-86
-3
-130
-37
-19
-43
-12
-13
51
22
-43
-105
-90
-38
-72
-6
-103
-70
-49
-39
-17
-31
1
-74
32
-54
-6
24
-29
-16
-17
-43
-70
-2
-21
56
-80
-130
2
-110
-48
-92
-19
1
-106
-11
-78
44
51
-2
-15
-5
-43
-51
4
-35
-67
-2
-133
-40
-29
-91
-102
25
-25
-67
-36
45
-47
-35
-13
-2
-25
-59
-9
21
-31
13
-55
0
-24
27
38
-91
38
-52
-37
-37
-68
-90
-133
21
-1
-56
-33
3
-85
-5
38
8
-12
-25
-15
-87
-22
-127
-50
-43
-66
-39
9
-29
4
-44
45
-47
-29
-61
-105
-14
-80
-11
-48
-5
-55
-10
-54
-10
-8
-45
-41
-1
8
-25
-68
-25
-38
56
36
-131
-57
-115
-10
41
46
-83
1
-88
-30
-53
-22
-80
-32
-98
-3
-99
-48
-120
-12
-3
-31
11
-59
-22
74
28
-94
-17
-41
-81
22
-3
-41
-36
31
-53
-14
-110
-43
-83
-55
-34
-37
-63
26
-59
40
-58
-89
-16
-40
-31
-5
-11
7
10
14
7
-77
-99
-11
46
-35
-76
-83
-43
-44
-8
-58
-28
-10
-64
-83
-111
7
-27
-39
30
-24
-22
-15
-62
-44
-9
-4
12
-45
-42
-42
-85
-4
-52
-20
-28
-42
37
-100
28
-33
-18
-28
-48
55
-115
-16
-105
-17
-81
-1
-124
30
-49
-20
0
-30
-33
-42
-13
-67
111
-20
-33
-17
-25
0
41
-35
-43
-48
-80
-121
-93
-84
-58
-12
-60
-26
-102
-13
-27
-59
-106
-11
-33
-14
-51
-130
-21
-41
-59
6
-34
-18
-34
-54
9
-59
-81
-23
13
-31
15
-22
-72
-86
3
-89
-46
-43
-28
-20
-48
-19
63
-23
-18
58
-28
43
-125
-40
-60
44
-41
-33
74
-54
-74
40
-18
1
31
-35
-51
-58
-13
-55
45
-72
108
-77
20
-9
-23
-66
-125
34
-81
-21
1
-82
-51
12
-33
-70
-61
-2
33
65
-16
-127
-74
-126
-60
7
-41
-53
4
-73
-13
-105
8
-17
-24
24
-59
-73
6
-101
-30
-50
9
44
-31
9
15
2
-4
-59
-73
-63
-47
-69
10
-32
-51
-77
-45
-88
-91
-48
-111
-17
-54
32
-3
0
-32
-86
-11
48
-4
-56
-66
-18
-150
16
-62
32
-115
-36
-90
-39
-45
6
-61
-53
-7
-163
-98
-13
25
-71
-102
-54
68
6
-45
-2
34
-91
-40
-113
0
-108
-103
-30
-30
-67
-63
20
13
-68
-30
-38
-173
-31
-55
103
12
-50
-91
-72
-71
-130
29
-39
-57
27
-58
-91
14
-137
-1
-14
-22
-35
-12
-20
-51
-54
-52
-95
-5
-22
-47
11
-65
-39
-88
-66
-96
-18
-1
-13
-41
-59
13
53
-14
-28
-42
-27
15
-31
69
-27
-45
-107
-33
-61
13
-57
-51
60
-18
-18
-131
-67
-7
-20
-99
-67
-34
-95
-95
-70
-87
-17
-10
-89
18
-24
-52
-102
-93
-83
-52
-29
-31
-59
-4
-33
-42
-46
-123
-48
-103
-87
-47
6
-13
-62
-83
4
-87
24
-55
-100
-62
-125
19
-15
52
-49
-65
-137
-94
-48
-60
3
-89
-36
30
22
-6
28
-86
-95
-30
13
-32
40
-4
-79
-37
5
-28
22
-43
-107
-101
115
-135
-81
-15
-70
-125
96
-11
-91
-45
-51
-84
6
-72
-57
-52
20
-48
-101
-83
-63
-58
-28
-62
-27
-169
-15
-18
-159
-53
-34
-67
-57
-54
-1
-55
-43
-59
-2
-37
-69
-51
-29
25
-133
1
-24
-64
-110
-72
18
-6
32
-28
-73
-5
0
10
-78
-30
-11
19
-31
-40
18
-14
-22
-83
-5
-121
27
-46
-35
-18
5
-42
-57
-118
42
-32
-22
-15
-35
-11
-33
-30
-43
29
-30
9
-1
-38
-149
-71
-58
10
-10
-40
-12
-47
-89
-8
-44
-19
-10
-45
-112
-133
-9
-36
-32
-56
-14
-65
-20
-53
20
21
-23
-55
11
30
-88
-42
7
-102
-125
-89
-46
-102
20
-76
-6
-31
-26
47
-33
-54
-67
49
-62
113
8
-21
-51
-26
13
42
-58
-24
59
-98
-56
2
-9
21
-75
-72
-82
-24
-9
-32
29
-74
-16
-82
30
-1
-42
-55
-115
-37
-26
59
-67
-32
9
-28
-8
2
-33
-46
-6
7
-102
-113
85
-19
-11
108
-64
-12
-54
-57
-13
-14
-27
-18
-44
27
-27
-81
-48
-65
6
-48
7
-24
-66
48
-1
-48
5
-63
-99
-14
-69
-80
-60
120
-42
-36
-40
-95
-101
-19
12
-25
-50
-35
-44
-31
-7
40
74
-75
-124
29
-18
1
-62
21
-69
-56
-93
-77
27
-81
-105
17
-8
-22
-50
-39
46
13
-54
-2
32
-39
-27
-34
-64
71
-48
-19
59
-57
-19
-66
-7
-66
-50
-48
37
-32
40
-128
-7
-61
-45
-33
-65
9
-1
-55
-104
57
19
-41
-15
5
-39
-66
-13
-11
60
-9
-28
-75
-56
49
-46
-5
-55
-27
-54
-107
-48
-16
-109
-30
22
-6
-94
45
1
19
-17
8
12
6
-36
-40
-29
-51
-59
-91
-61
-22
-70
21
2
19
111
76
23
-100
52
-43
-41
-56
-41
-34
6
-86
31
5
-13
-101
-23
-16
18
-61
21
-96
-19
32
0
12
68
-25
-2
-101
-54
-18
-110
45
-66
-106
-50
6
-40
28
-58
36
31
-1
-6
14
81
-20
-45
33
-67
-118
-11
-60
-7
3
2
-83
-61
-32
-14
25
-19
-39
-43
-83
36
11
32
-53
-62
29
-48
-37
-29
-36
-69
-37
-9
-81
-9
-19
-11
-30
-12
-117
-62
-1
11
-123
8
-15
-135
-42
-67
-23
-6
-37
-83
4
-48
-36
-57
42
-34
113
-1
46
38
-50
-30
-62
-96
-26
-34
-12
-28
-23
-5
-59
-37
-43
2
-9
-38
-56
-40
-73
-17
-129
-7
-46
-23
-38
-52
-71
7
-29
-62
-48
-81
35
-9
-62
-158
92
-12
-77
8
-71
-16
-74
-56
-31
-13
-69
-22
-80
10
57
-50
62
-21
-47
8
-41
-56
-26
4
-5
-7
-95
-30
-2
-28
96
-38
-35
-58
-50
-113
-89
-53
-9
-44
-40
-53
82
-59
25
4
-87
-60
1
-34
38
-35
-10
4
-3
0
-60
-50
-3
-62
-40
-54
-39
115
-34
23
-37
7
-28
-41
60
-78
-77
24
-34
-33
-44
-94
-52
-7
66
-55
-78
-94
-43
-21
46
-27
-79
-5
-74
-19
-8
25
-92
-62
-13
-7
-100
17
-39
-21
-58
-42
-107
-9
-53
-25
79
-75
41
-82
-11
-73
-103
25
-45
-53
-106
-77
-46
11
-51
-121
-19
-31
38
-114
-19
7
-35
37
-50
-107
-34
-1
-31
-34
-87
-41
26
-35
-71
-8
-64
-12
-17
-44
104
-63
-41
-68
-40
55
-11
-83
2
-56
-78
56
-76
-151
-27
-45
-74
-42
-3
-17
-30
27
-93
10
-42
-57
-31
25
-32
-80
-101
-18
-62
-75
7
-52
8
-111
-26
-39
-83
67
-46
10
-62
-19
-35
-7
-19
-53
26
-83
54
-131
-17
-83
-30
2
-69
-9
-13
-60
37
-42
-31
-21
-66
0
-17
-10
-54
-73
-32
-4
-89
32
-65
-51
-72
-23
-39
12
5
56
-31
-30
-46
-52
-66
-81
-57
2
-105
-95
-46
-25
-9
-63
-6
57
-44
-42
58
-48
4
-65
-32
-82
-6
-20
-74
-47
-66
-76
-21
39
-40
-14
-46
-15
-20
-53
-40
50
7
-55
-44
-6
-63
-75
56
-1
-53
-70
-62
-103
5
-1
-3
-15
-26
11
-119
-14
-51
-13
-42
-30
23
35
-35
-26
20
-57
-1
-63
8
2
-24
-28
-77
-28
-93
45
-72
-15
-16
-14
10
48
19
-7
-119
-30
-57
-20
8
6
-1
14
-42
-52
52
40
-52
42
16
-44
-49
-13
-87
-59
-53
5
-15
6
12
-34
-51
-30
-38
1
-8
-3
39
-69
-30
-76
51
19
-36
-138
-58
-68
-40
106
-90
-60
-20
-2
-43
40
3
-76
-58
-27
40
-10
-94
-32
16
-10
-141
-11
-59
-52
-106
-12
-61
50
-94
-42
-42
-15
-80
-5
-93
-27
-33
-19
0
-36
-33
27
-18
-66
-60
7
-21
-112
-50
-25
-6
-19
13
-10
-73
-28
-79
-12
-89
-31
-19
-33
-28
-57
-36
-9
-68
-20
29
6
-59
-63
46
-61
6
-92
-34
-62
-35
-120
-30
20
-36
-54
-24
-36
27
-42
-64
102
-76
-49
-63
-59
-7
56
-138
21
-47
-158
-56
-71
-57
-95
-13
-44
-93
-16
-48
-34
35
-15
-30
-43
13
-48
-16
-31
-19
-30
-17
27
-41
-52
12
14
-23
-79
40
-29
-41
21
-17
-30
-89
25
30
-52
-93
-88
70
-7
12
-32
-32
-15
18
6
42
-44
-2
2
-7
-116
26
7
84
-106
-24
28
26
37
-17
-20
-7
-17
6
-65
-24
-41
39
-22
8
-18
-60
-48
-35
41
-90
2
-46
-7
-69
-23
-101
-25
-35
-47
-77
-35
-53
-69
-31
14
-74
-3
12
-48
-39
35
21
18
-28
-28
-37
-36
-28
24
81
-139
-80
-23
-99
71
-24
-26
-92
-42
-94
-29
-54
40
-79
-114
-31
-46
-51
-33
-76
57
9
-59
3
-115
1
14
11
-27
-68
-36
-69
-15
-103
-72
-16
-78
-53
-27
-62
-40
-56
45
-5
27
-1
14
-58
-37
-46
-22
-30
-27
-17
-15
-35
-107
-104
8
-106
-61
17
3
-41
-79
-20
38
-86
-9
-58
-60
-29
-1
-4
-75
36
4
-62
-60
-36
-52
-45
1
-11
-76
-21
-38
-31
-67
28
56
4
12
-58
-9
-21
-10
-131
-42
34
-39
106
-26
59
-33
-47
-27
-17
-72
-5
-114
-47
-18
17
58
-76
-18
56
-27
-66
-10
-21
-52
-77
-83
58
-58
-16
3
66
20
54
-51
-32
-3
30
-27
6
7
18
-66
-2
-33
-34
-30
-70
3
-60
-27
-32
-94
-56
-47
32
-52
-79
-56
15
-23
-85
67
-25
-58
17
-36
-48
-51
-75
-25
37
1
24
27
26
27
-36
-86
13
54
-80
-45
27
-56
-41
-17
-52
-1
-37
-7
-130
-42
-72
28
-46
-28
-93
-65
-72
-10
-34
-9
-12
-21
-13
-53
-110
-1
-48
-27
-37
-41
-88
-64
-67
7
-29
62
-17
14
-40
-38
-4
47
16
-95
-144
-54
-79
-10
-110
-5
24
-13
-12
6
17
-32
-57
-144
27
-34
-80
-37
-26
-45
-35
103
12
-38
-86
49
-44
-106
-38
-42
-25
-62
-48
-47
38
-29
-27
-23
-94
-37
-42
-59
11
-48
32
44
-76
-17
-51
-54
50
-93
-66
-173
33
-47
-14
41
-8
-40
56
-56
-55
-2
-51
-26
41
7
-41
-22
-57
-12
-38
-132
-45
-16
-6
-3
39
-149
-43
-102
35
-37
20
-23
-51
-29
-53
-29
-30
-43
-69
-58
1
37
-50
-28
-40
42
-27
-40
-38
-1
-9
-12
-12
-1
32
-55
-14
29
-32
-51
-8
-22
18
-103
-40
43
-30
22
-30
24
-15
-30
-72
-55
-149
-29
46
-10
-90
-63
-55
76
10
29
-36
47
-25
-51
64
-8
16
-7
-126
-9
-41
-88
-35
-16
-29
-14
-12
-39
-7
-10
3
-18
-79
-28
-47
-35
-66
62
-65
0
-2
7
-38
-25
35
-63
36
-69
56
26
-9
-39
18
-35
-80
9
-74
-119
-31
56
-62
-1
-81
39
-15
-12
-44
-18
-10
-44
-41
93
-50
-43
-33
-19
-39
-72
11
18
-50
-24
-77
-64
-66
0
-7
-31
-21
-103
-60
-24
-77
8
-54
-76
-95
-34
-34
-91
32
-46
-30
-12
-16
-106
38
18
-50
-1
-22
-48
-20
19
25
-28
-74
-62
-70
-34
-30
-54
-55
-33
-33
-80
-38
-29
-28
27
-3
-39
-34
-20
-64
-95
-11
-8
-58
-64
14
-2
-79
-36
8
-18
-31
27
-60
62
59
67
-69
-59
-34
-37
13
-41
-152
58
-29
-10
-5
-19
-27
-105
-12
59
-89
-34
-42
5
19
-86
10
29
-70
-60
-28
-25
-66
-17
-91
18
28
-86
-63
-30
-81
-27
-2
-7
-53
0
-72
-3
-20
-173
11
-68
45
-13
47
15
-74
-80
-7
-60
-20
-9
15
-144
26
-90
33
-89
-76
-56
31
-86
-63
-29
-59
21
-57
63
-17
0
-19
1
-3
9
-49
-21
-40
7
-94
42
-5
43
-53
12
-24
-101
7
-21
-29
-57
-1
31
-10
-82
-69
-9
-32
21
-5
-114
-98
-8
-55
-17
45
-21
30
-63
-1
-50
-32
-17
-90
-62
-11
-17
-67
-13
-53
89
-39
-28
-40
-15
-32
-40
-88
-28
-58
102
-3
-81
27
11
-17
-4
-16
-135
-9
-64
-25
25
-76
34
52
-21
-26
6
-51
-32
-38
-30
-42
25
-11
-110
-127
-60
-89
-42
-37
68
1
43
-12
-27
-79
-24
4
-44
-104
-17
-87
-58
-86
-10
30
11
14
7
-4
-21
-69
-35
-40
-106
-117
-16
47
57
41
-35
8
-39
-66
-56
-19
28
-42
-100
-133
31
-39
-32
14
-5
-36
-9
-15
-4
-56
1
-33
-5
13
-30
-125
18
-60
-17
-44
-15
-6
5
-15
-34
-17
24
-39
-3
24
-57
-12
26
46
-30
-11
-24
-18
-41
8
-50
-84
-17
-29
-48
-91
-50
-46
-2
-56
-110
19
-29
-71
-87
35
5
-21
-80
-1
-41
0
-90
-31
7
-123
2
-45
-33
-33
4
-52
-78
8
16
-16
-82
-71
-9
53
-40
-43
-63
-37
-7
-83
-19
-82
38
-30
-111
-9
11
-51
13
-74
-29
5
-52
-136
40
27
-75
-52
-48
-89
-60
-123
21
-22
-54
-42
-45
-38
-45
-76
-46
20
7
-30
58
-63
85
-54
14
-55
-38
-79
44
1
-1
-44
-19
2
-42
-44
-17
-45
-176
-26
10
-56
-57
-17
-87
-52
-89
-89
-31
-47
20
11
9
-15
-52
-27
16
35
33
56
-8
-111
-43
-23
-39
-42
-54
-85
-41
-61
-53
28
48
-77
19
37
7
-88
25
-49
-136
31
54
13
-73
-16
-37
-79
-13
-1
-90
-44
-9
-5
-15
-77
-2
-56
-2
-86
-90
-23
42
-9
-53
-125
-74
-53
-12
-71
-46
-11
13
-29
-105
-14
-38
-114
-83
-113
-17
-32
-55
-84
-42
-30
-46
2
-36
9
-22
-33
5
23
-35
-47
-52
-50
12
-95
-19
42
-38
-68
1
21
-14
-83
-85
-17
13
0
-16
-39
-2
-53
-32
-4
-21
46
-64
30
105
-77
-22
-69
-57
-55
-7
-168
-69
-22
-99
-5
-19
-131
-18
-50
-70
-39
-19
-70
-17
-18
-30
26
50
18
17
-41
-35
38
34
26
-63
-13
10
-17
-3
-51
-140
59
62
-125
-81
59
-69
-40
-30
-8
-20
-50
-46
-28
-15
-34
-30
22
-89
-4
-53
-9
-155
49
-6
31
-59
-30
-20
-35
-93
-24
-144
-23
-45
50
-10
-36
-18
-8
5
16
-28
-96
56
-41
-57
13
-71
1
34
-158
-48
-27
-29
-41
-27
-17
-12
13
-97
-10
0
-4
-18
-34
-100
39
-25
-79
-30
-19
-118
-91
24
8
-31
80
-55
-10
-38
-46
-43
-25
-25
-45
-32
-5
-42
3
57
-10
-72
-71
-48
-33
46
-42
-56
-15
-45
5
57
17
6
-58
50
-3
-24
-114
-64
-93
-53
-122
35
17
-1
-33
-82
-21
-42
18
-6
-141
-14
-41
-21
-45
6
66
-27
15
24
-10
50
35
29
68
-90
-69
-7
-56
0
-142
-69
-35
9
6
-64
-176
-30
-79
-13
-12
-15
9
6
71
1
-125
21
-19
-63
-9
7
-94
-68
-13
-67
-71
27
-13
42
-46
-54
-51
-41
-32
-24
48
-84
-6
6
-66
-5
12
-50
15
-31
-42
-30
-100
-101
15
-29
-39
-65
-65
-16
-46
5
-22
28
-46
-73
-72
-96
12
23
-89
-40
-33
-23
-19
-64
-38
-52
-28
-5
15
-6
-83
-155
-2
-99
-35
60
-57
-50
3
-87
-68
79
71
30
15
11
-37
43
28
-51
-20
44
-65
0
4
-8
-19
-24
21
46
-51
37
-11
-87
-36
-8
-22
-36
-49
-44
2
-9
-95
-26
-80
-21
-21
24
-31
-50
20
5
32
25
-69
35
-25
-59
-59
41
-32
-50
-5
54
-34
-80
-72
-51
-38
35
-32
-117
-138
-19
-27
29
-32
17
9
-41
-4
-6
-23
14
-130
-1
-15
-33
-5
-2
72
-49
36
36
-50
-103
-87
42
-46
-94
-79
-52
-17
-19
-81
-51
26
-46
1
-59
-97
-7
-24
5
-60
45
-18
38
0
-63
-47
-27
41
32
2
-76
-77
34
-6
-73
-66
10
-106
-64
40
-22
-70
-92
50
-119
-18
-125
-29
-16
-138
46
18
-4
14
-42
-5
-22
29
-17
-168
-75
40
-26
-12
-176
-37
-18
-43
45
31
-80
-33
-43
-22
-4
-13
-21
-139
-51
12
-81
-23
-69
1
-32
4
-67
-74
-28
-23
-41
-84
-1
-165
-22
-89
-37
-147
-89
48
-23
13
55
-74
-9
41
68
-27
-101
28
-76
17
16
-7
-56
-47
3
-24
-43
32
29
-23
-40
3
-28
-98
-27
-37
29
-27
-7
-91
-63
-57
-39
-102
5
-163
5
-7
-8
-9
-7
12
-56
-37
-50
-54
-53
13
7
-6
-50
-50
-76
-97
-10
-85
11
-18
-26
12
-59
-2
-101
-68
-105
-65
-83
-57
-84
-43
19
54
0
-84
-54
49
6
0
-42
-18
-96
-44
-53
-21
6
8
-59
-19
-54
-8
-102
-19
-51
-72
-49
5
-68
56
-79
25
-3
-70
55
-28
-47
-15
-7
-85
-51
-41
4
41
-51
-30
-9
-132
-59
-26
30
-82
-125
-130
-33
-55
-30
-114
-29
-67
-34
-62
-8
-102
-16
-42
-24
-31
18
28
-110
-14
-22
94
-27
-29
-88
42
-18
-27
-145
-51
-21
-102
-83
-63
-47
-35
-89
-33
16
-28
-2
40
-27
-70
23
-17
-31
-14
-25
-73
12
-27
44
-52
-37
22
-41
-13
-55
-83
-8
-74
-16
-23
40
-93
53
-36
-56
-57
-88
-49
10
-106
32
-125
-78
-88
-11
19
-20
-15
-48
-54
2
-8
30
-75
-65
-108
-26
23
-42
-26
-41
-30
-88
28
-15
-1
-28
-24
-75
-15
-28
2
-13
55
-157
-33
-25
-11
-9
21
-37
-29
-19
-87
-43
-64
-125
-36
-4
0
-30
8
2
-65
24
45
35
-36
-60
0
-28
-66
-64
-85
-20
-7
-64
17
57
5
-38
-135
-102
-9
-75
-90
-14
5
-75
-56
-51
6
-59
-10
12
11
-51
40
-22
30
-45
-28
8
-115
-5
-36
-83
41
-72
13
-51
4
51
-19
-74
-28
-20
-25
-10
-33
-32
-37
45
-21
-136
-14
-86
56
16
-68
-46
-37
15
30
7
-8
-81
20
-61
-87
-90
-75
-105
-29
-3
-84
-47
44
62
-2
-21
-75
-34
-77
-61
-54
-123
-53
0
-31
14
-3
-67
-23
-45
-25
23
-8
-28
-20
-4
57
-97
-25
-39
-66
-46
-40
-107
10
-84
-15
-21
-38
3
-7
-78
8
11
-63
14
-55
23
-66
-88
-46
-65
-86
2
6
-7
-47
-125
68
52
-26
-44
4
-90
-2
-18
-69
13
-84
16
25
48
-48
-7
-33
50
-44
-31
23
16
-46
-70
-93
-67
-32
-28
-87
-75
-43
-17
13
-3
46
-19
-26
-65
-65
-80
51
7
-27
-73
23
9
-1
10
41
-42
-40
-59
-16
-13
59
21
-102
-5
-26
68
-47
12
-28
-8
7
-77
-51
-2
-99
-19
-102
42
-76
-36
-96
71
-40
-27
-64
-45
-73
-2
20
-31
-43
92
15
-66
-3
-10
-20
6
-37
54
8
-41
-102
7
26
-25
-27
-8
-47
-2
-54
-79
-83
-114
-2
14
-6
-18
-5
-30
-35
-56
-47
-8
-118
-11
-23
-59
-16
-79
-147
-28
-9
-21
14
-34
-140
12
5
-80
-122
-76
-173
17
-14
-98
-70
-33
-7
-66
123
-19
-88
-90
-25
55
18
26
-44
11
-25
-24
-81
-80
-82
-36
-16
16
-51
-86
-45
-47
-27
3
33
-18
21
-48
35
-26
-4
39
-54
-56
-16
-19
-70
65
8
-141
-62
-34
37
-47
-68
1
-20
-24
7
-26
-53
-70
-58
-69
15
-26
-101
16
-78
-7
47
-46
-70
-111
-39
-36
-40
24
-9
-29
-76
-67
22
-71
1
-92
-59
-92
74
7
-3
-53
9
-66
-169
54
37
16
-11
-59
85
14
4
-27
-27
-33
-14
-62
-22
-39
-82
-68
-41
-54
-95
-4
-38
49
-86
-5
9
-84
7
-41
15
-96
-57
-81
-109
-28
-40
16
65
-11
-127
-69
7
-80
-19
-65
-32
-73
-43
-20
-68
-72
-17
-5
-60
-94
-20
23
52
-82
-16
1
-86
-64
-30
-11
-18
-56
-36
-92
-59
19
-11
-4
-48
-47
7
-33
-13
6
-41
-35
-41
-152
-44
29
-51
-56
-95
-32
-45
-35
5
-53
-41
-29
-17
19
-1
-14
-13
-29
-49
-11
-22
-62
1
-40
-75
-37
5
48
-14
47
-10
-56
-77
19
41
122
26
41
-47
-67
-1
-13
-41
-1
-31
-42
-9
-41
-36
-99
-74
25
-36
-43
1
-51
-90
-92
-71
29
-21
-106
49
-50
-110
32
-83
-22
-25
32
-58
-18
-74
-38
-21
38
-67
-30
-103
-118
-1
-3
-59
-125
6
-93
45
7
37
4
-64
-35
-101
-91
-1
15
52
-105
8
-79
-66
11
29
-6
19
-5
-62
-26
-28
45
-39
-49
-89
-23
-37
105
-99
-26
-86
-89
-89
-85
-23
-51
-25
-23
-59
-1
-76
33
22
-36
-30
6
43
-34
-55
-18
-51
-11
-49
-46
8
5
-35
-15
-39
-105
-18
-138
-62
-20
-15
25
8
-40
-112
31
-13
-14
-103
34
-114
-83
53
-105
17
37
-76
-131
-44
-62
-42
-90
-26
-87
7
-27
-17
-71
28
-121
-27
-53
-3
-51
-47
23
-24
-1
16
-24
-102
-60
-43
57
-3
-69
-44
11
-78
22
-22
-55
-3
-83
-28
6
-72
-23
-2
-32
60
-86
8
-14
-29
-26
-27
-11
69
-86
-34
27
45
-35
-69
71
-39
-97
-46
19
19
-159
-26
-136
-25
-31
-89
-90
-61
-36
-14
-105
-62
-21
-35
-11
9
-73
-58
17
-85
-57
-97
-15
-14
12
19
-48
1
-64
-29
-16
-101
-25
-165
-89
-57
-67
-67
-74
-29
-5
-124
30
44
8
6
-3
-2
13
-30
-82
-61
-7
-42
19
-20
-68
-40
-31
-26
-78
37
-106
60
-78
9
-47
12
-74
-60
-33
-70
6
13
-49
-10
-46
-113
-118
-27
-56
-45
-41
-6
-92
-73
-32
-78
-71
-35
-33
-45
-89
-8
-90
1
-25
46
42
-44
9
-48
-29
-158
-9
-33
-37
38
-109
-67
-42
13
-32
-41
-114
16
57
-14
6
-60
35
-29
16
-52
-9
-29
-65
-69
-2
-63
-31
-9
3
-48
-115
-60
-93
1
-15
-54
-30
15
-92
77
46
21
-10
19
-7
109
-19
-19
-8
-54
38
-60
-30
58
-32
-5
-62
2
49
33
-63
-55
-22
-30
94
-77
-43
57
-12
7
58
-35
-7
-75
10
-52
-42
4
-43
32
-74
42
-42
31
-44
26
-40
-15
