-53
167
165
-70
480
-89
-312
-301
336
456
300
-203
343
-113
243
65
359
306
-299
139
-602
135
-419
-491
300
366
70
-233
-598
37
-107
-598
374
346
-567
-412
-310
-195
219
401
-425
-372
310
-155
-68
453
-430
-524
-652
235
437
-303
163
340
458
273
-513
329
-186
268
-421
212
99
334
277
-510
158
-414
-463
372
-543
181
-184
-41
42
-444
282
-88
245
174
354
-100
252
-409
252
-429
260
-122
-286
134
252
141
21
-193
86
197
178
-380
320
-468
502
238
100
100
135
427
-209
-330
405
-248
283
111
-344
-376
537
107
-88
-377
401
-273
206
281
-385
-477
139
-759
-643
225
-253
431
262
382
108
259
271
-436
-203
557
-313
-828
-738
235
23
263
88
350
1
-234
157
626
-300
568
-321
368
-245
77
357
-156
-600
-22
252
-64
24
-567
16
-418
295
-270
-461
274
-370
-307
224
-415
591
-243
211
276
-332
426
-138
448
-331
-35
-167
320
-475
-534
-615
343
111
-324
443
-38
58
591
491
-342
625
-201
-121
266
213
373
93
34
453
278
462
-412
-585
71
181
527
282
-470
535
335
-268
108
-85
149
-191
344
14
294
282
18
215
170
-167
25
-142
37
-626
343
-241
-126
38
331
147
313
311
297
236
157
234
164
-368
285
-48
-715
-61
423
268
191
86
222
196
227
313
175
-315
173
118
288
357
-397
341
273
135
-474
277
149
-335
97
279
210
139
-197
234
148
-815
394
-658
-70
-50
266
389
-241
301
-514
472
-139
322
-555
322
-435
1
291
-62
-307
-255
-620
-48
-163
-474
257
244
-44
-688
327
324
300
37
-145
-751
270
283
-192
-409
-365
210
-467
526
-478
377
-48
397
351
-359
250
177
382
314
-273
-667
-14
87
201
-385
286
-359
-198
459
327
-149
125
236
-442
5
258
-63
344
382
287
-169
512
-518
5
300
-311
201
254
456
52
411
231
474
313
-5
445
-222
-670
256
-313
29
239
277
-151
320
-111
-592
-525
387
-72
206
323
152
-452
324
-630
394
138
-600
492
133
241
63
-344
-491
-686
438
185
182
380
278
100
-644
334
-35
-574
-64
-525
-12
438
-570
162
330
492
-461
177
190
-654
-131
373
-130
385
24
-64
-492
-321
-61
266
214
-384
-44
196
216
22
216
-169
-7
407
-354
89
-181
361
238
193
69
-405
-715
310
566
260
-197
353
-87
-327
-329
-327
374
329
-546
278
-450
-489
286
155
58
359
437
-578
-636
385
278
-738
155
-510
332
-176
-14
-128
333
376
-409
-59
-401
-715
381
401
33
125
284
-213
-30
-135
-335
91
-223
609
-197
3
451
-481
229
186
333
193
195
411
430
-644
191
418
107
-92
87
-181
33
88
-297
-196
257
-17
154
428
540
276
-680
335
295
129
-509
542
-308
-118
355
-213
408
-253
408
-337
-723
-201
-359
62
84
-465
-365
37
235
396
306
-391
-252
349
457
-372
552
-636
-179
-694
154
94
-338
524
302
-442
213
247
273
385
-532
409
-526
-204
-497
-70
-834
183
-486
391
127
397
17
300
-648
-252
64
490
398
-306
240
-165
-489
-510
301
317
480
-434
-70
157
311
-117
-24
396
4
492
-533
309
-220
-505
241
-145
267
-148
147
189
-559
21
-309
133
81
155
-363
-442
201
-135
-71
46
-21
-273
-19
251
399
535
-513
428
139
251
286
-696
24
444
-156
332
-326
210
5
263
-225
-48
-315
-483
561
-424
381
-354
349
413
-180
282
530
-197
466
325
-598
-533
329
229
160
-322
-612
-314
-10
480
329
-589
186
277
-330
343
-353
-79
-551
97
214
579
-453
401
161
-38
312
-502
333
-38
44
84
104
-292
211
-629
-280
284
-344
-122
-351
371
171
88
602
421
358
-132
391
237
-38
306
374
-525
-127
-418
278
352
-77
349
128
-166
-380
-47
267
-21
-228
87
-320
-19
380
155
-213
119
-72
325
288
-397
-395
-16
39
103
-560
-184
240
11
-505
-438
-26
-195
246
-342
469
-118
-337
152
69
-69
-343
3
333
-954
-675
12
-509
-154
-588
-117
86
-687
150
128
340
-267
135
-136
396
-506
375
-345
5
167
-228
174
161
-325
85
375
-636
-91
452
-364
206
360
491
-321
-869
313
-723
1
143
314
-317
368
53
340
486
-749
471
48
-287
236
292
-521
197
-224
626
257
-303
39
342
158
334
-459
-261
256
-58
-151
-369
-141
-545
429
156
-285
426
401
-137
402
-303
-414
-44
-440
51
-606
263
-37
-282
-60
-397
162
-179
-145
435
216
327
-167
390
-365
-547
-615
-46
60
129
109
-414
282
208
-254
94
321
-122
-24
-376
230
363
223
148
-369
45
461
166
337
79
595
392
273
302
184
52
258
-60
347
-404
162
113
-245
132
-68
147
-560
229
322
-441
165
-366
-217
156
188
-254
-274
425
-480
-694
1
295
270
-252
153
221
-437
214
106
1
20
343
-349
26
211
316
-726
274
82
-450
416
126
-571
-576
-202
459
405
53
45
108
116
-323
373
-503
-409
265
-28
397
-250
263
396
-183
-308
139
-608
-353
-516
186
235
-19
-480
-190
328
99
451
-287
196
-759
377
218
373
303
393
-157
230
-309
163
74
38
-70
-626
-393
-630
485
-170
-626
253
-252
-210
-554
54
-469
-402
385
67
-89
380
312
283
125
451
157
14
-630
-552
125
228
-145
24
258
-177
-385
427
-253
-644
291
299
299
289
202
232
252
114
-30
248
96
-927
-376
395
317
-491
-427
-592
345
153
275
-224
241
112
268
163
289
452
-444
61
229
-306
380
-389
466
-425
-468
137
-33
-104
284
-287
-271
414
-65
-811
-481
-465
408
-265
-553
547
-783
402
-250
252
-296
-589
342
454
-233
-531
-626
103
348
-419
-60
-425
-293
271
158
-216
464
-197
318
-274
-204
265
-187
-408
-443
107
336
262
-359
172
-333
285
194
310
87
379
-377
224
-63
-514
-66
-38
118
293
-257
475
-461
196
395
-50
540
-492
-519
286
151
79
443
197
28
0
430
-759
237
-472
-642
-699
97
-186
537
-15
163
200
-565
290
-398
-526
-708
-352
-492
-231
139
-183
171
100
357
91
-655
-155
90
-7
201
391
340
289
-622
-232
252
-231
316
242
336
-265
105
-273
-332
-155
167
-291
-521
384
-616
122
-160
-543
467
29
-289
-272
-9
382
324
426
-644
292
-128
206
-712
-145
305
-21
-465
-233
201
215
226
-423
16
-253
-8
323
220
302
193
433
432
-454
-166
371
153
-258
429
278
80
-279
76
88
529
284
92
-388
160
154
294
-310
449
-22
25
208
-477
344
-606
-118
434
-365
409
59
114
145
135
232
251
439
244
488
141
295
589
-329
-88
337
86
384
-348
-532
-62
-238
-72
-567
475
312
-229
-468
-455
-53
52
-186
-674
-201
362
-61
-463
321
-261
-60
212
-213
535
602
339
232
-333
-478
-62
-479
-402
443
352
91
124
365
-618
147
-410
324
420
401
93
-230
-205
-585
385
36
-173
-494
451
-285
205
36
222
168
-293
-567
-69
363
373
465
202
-552
-258
19
-100
127
-67
191
-249
160
253
310
-33
-397
242
-591
-547
-161
181
-98
245
-429
-558
486
-412
-244
-418
-320
417
-128
127
318
-65
348
-15
88
-507
39
-522
-385
-196
247
-571
220
-12
-379
-109
-295
-440
97
-26
226
-306
-330
466
-345
64
32
356
265
252
-855
48
-522
-10
377
-770
-118
181
98
-455
-414
16
304
-218
-212
-59
-24
303
-38
-461
-75
-31
-245
-77
172
333
-307
245
381
464
2
-17
-265
-53
291
-491
452
-273
-179
58
279
105
179
1
-230
227
90
289
-555
456
326
-517
-342
-69
339
-170
375
71
-154
197
337
124
-106
88
-171
307
71
443
-143
276
233
234
70
-630
-71
316
444
489
-532
115
202
277
-10
-281
285
301
-64
442
474
-69
8
407
344
297
541
94
-131
173
-369
211
-430
253
-19
77
-906
190
-385
-19
602
-173
-111
238
331
70
245
139
-554
-286
332
33
235
14
84
139
201
-64
-384
89
171
-185
138
318
-378
-132
-112
144
-2
253
417
389
81
344
193
360
-436
-726
570
238
350
-180
367
226
79
-169
235
374
-213
445
99
-510
227
398
111
-548
61
203
180
-428
412
411
416
-485
-388
-50
-406
431
360
-196
-38
148
487
273
88
496
181
315
-30
278
559
-545
-47
-219
352
-233
-311
-410
1
530
-109
-625
341
-563
289
-152
424
254
346
378
-81
193
63
-249
205
79
-55
-10
-384
343
-250
205
-625
420
449
522
40
152
4
469
-126
100
504
-312
-68
214
51
447
78
-478
-191
164
-376
-186
-344
-241
362
24
56
225
439
-169
163
-379
4
182
169
45
-24
240
5
58
-122
370
-443
-626
289
-105
466
-323
295
175
2
432
-394
-436
337
109
109
-334
-694
129
-176
228
451
223
-20
67
469
-253
160
320
33
-90
-225
207
107
-127
-325
-461
220
53
-630
444
-47
70
25
-7
93
-89
-101
289
124
152
-135
131
51
574
-15
-196
-516
-469
435
346
-67
301
131
-118
-276
-454
-626
312
198
-314
-686
52
-29
448
298
156
195
221
382
-110
46
-212
-23
158
509
393
440
-107
340
360
-82
-699
244
100
-312
374
426
91
-1
-220
342
449
10
339
1
-283
386
139
150
-389
310
-649
443
260
-680
381
126
-568
-372
-387
43
-125
-214
-858
433
358
-358
480
318
417
107
214
160
-252
8
353
318
144
256
391
101
323
334
240
-88
-130
-626
-37
55
-310
150
-261
316
-378
401
-22
434
-375
32
-61
318
-409
113
378
-226
-364
295
-571
-443
243
232
157
416
136
139
-113
-167
155
475
307
-55
284
336
52
394
-481
284
-818
231
-487
-438
243
-112
272
-197
284
-38
-347
519
-240
239
475
220
-511
-44
-93
-242
592
68
228
-77
-62
-433
-694
56
86
106
167
-111
-283
178
-44
238
542
-7
164
-266
515
-628
127
324
457
335
337
-70
-260
-522
-45
419
139
-155
-72
-619
546
186
110
498
-15
89
253
-254
-270
-446
261
-175
-244
108
-501
437
-438
61
150
2
229
186
-521
-128
341
-304
397
-414
245
-15
139
-470
-234
-61
408
621
-61
170
350
-186
214
-608
345
113
164
88
-1
-654
-710
155
-15
374
231
414
-444
175
315
-308
129
76
-3
177
432
180
160
-609
94
-756
48
272
-340
-382
-9
247
412
-155
-405
289
184
319
79
270
210
61
-205
181
-225
238
-23
160
-205
291
263
-59
-205
-15
327
239
243
216
144
205
177
-286
-44
-642
340
501
234
5
-568
98
-601
116
275
-542
253
-16
566
-525
-351
247
-401
-18
-165
258
24
236
64
-485
30
26
237
354
462
263
-687
77
181
-533
169
-511
-584
-261
232
451
-414
-620
179
346
408
144
570
-13
434
-416
162
-244
118
462
264
396
428
-171
-376
135
269
448
360
-406
292
-316
-4
-295
421
8
307
-628
-285
-551
-581
438
135
455
23
290
-470
98
336
-64
-352
64
41
23
-273
62
338
-117
-208
91
-117
-163
-14
-659
382
-160
-469
-522
-53
-337
39
385
309
-117
125
146
192
-8
-128
-274
-1
333
-447
342
417
62
193
349
304
1
220
263
129
-273
-135
9
-136
-363
340
224
319
-328
-536
18
171
-128
332
-205
-477
489
-466
346
190
131
669
-369
-459
442
-50
68
-242
5
177
-188
-244
105
430
-58
-201
-363
371
-196
249
301
24
-648
-273
262
447
-397
295
-531
319
-404
-199
144
-765
-145
272
-567
165
483
-497
182
391
165
427
-303
80
190
37
282
-291
233
331
171
297
204
395
-137
346
485
-513
-439
216
-279
196
-579
272
368
-92
592
489
270
41
-103
-225
-123
-274
-320
-352
446
190
244
346
468
-757
-548
533
241
-156
52
292
315
224
-305
163
-11
-279
472
360
-227
-626
317
202
265
139
425
64
76
353
-327
401
365
412
231
358
2
156
-380
173
-405
471
-70
-299
118
210
104
327
-99
-368
96
315
222
416
-154
237
32
78
305
-610
727
235
-15
-148
-411
52
-184
-598
464
154
-627
427
-43
-329
335
151
84
140
-855
104
567
371
307
511
231
-606
377
-510
245
158
-420
-193
-479
131
-29
-152
32
277
124
-608
504
265
260
358
59
127
306
212
-300
317
199
-544
433
24
122
-474
368
-309
80
-234
-432
91
-417
258
144
-161
342
151
346
-25
-325
283
-289
151
-834
394
171
216
111
-79
92
457
-312
102
263
290
91
-290
253
-196
143
156
2
-169
18
428
-246
-449
375
69
-129
415
114
-473
-565
-21
275
105
-186
-658
104
140
240
-10
-232
389
240
-410
156
439
350
32
522
201
-384
-415
-836
190
-97
-378
-60
356
-221
16
-437
-506
459
-377
103
133
338
512
129
105
190
-267
426
62
152
459
20
24
634
417
0
320
-161
-68
-114
-21
526
233
358
-521
-166
6
192
260
307
-242
59
-584
430
133
-930
160
167
264
21
-118
292
-316
-335
185
162
388
-493
440
402
-538
522
104
241
333
-155
170
323
-169
-139
488
-332
459
-174
-109
210
-122
156
-306
-276
-91
79
-205
-339
206
-911
141
75
-65
-259
-159
242
243
-542
-216
-527
-180
425
186
-818
145
334
170
-564
-24
402
473
499
-245
546
-48
174
119
24
270
281
427
323
48
251
265
55
427
78
-421
10
-149
-160
9
136
384
-514
-66
261
42
428
-219
107
117
-559
337
-248
-180
154
494
-62
191
-130
-1018
410
-326
-14
122
293
-29
448
145
239
-367
408
102
-44
351
232
55
-363
478
-441
291
-607
-208
324
-599
-245
-138
-117
-630
420
526
-186
218
-514
439
-344
486
222
-629
-404
-198
-173
191
-193
-569
310
-455
206
520
-449
552
43
167
-305
394
-292
-427
358
214
-85
403
23
34
-127
309
-241
146
407
515
94
-378
54
108
-116
283
366
247
45
119
381
221
139
275
437
-584
-598
-599
200
152
-82
-253
83
-314
385
283
179
-247
-38
-277
-337
382
101
48
-284
422
489
-95
324
304
245
214
-130
-437
203
311
154
251
66
374
-237
25
428
-283
-605
50
211
270
13
78
213
-703
-465
17
456
-123
335
-509
-357
153
267
90
-178
261
-167
353
78
391
-435
-91
340
6
-603
317
-188
549
-556
-138
409
-509
412
-79
522
126
-209
317
216
-156
-187
-257
86
292
-144
377
174
202
207
398
385
-145
407
-1
15
-50
427
267
-212
307
21
-107
246
146
-246
-217
107
-267
437
-518
-430
486
211
118
480
-385
321
473
-206
-756
-384
363
-510
525
129
117
67
230
-378
-392
-259
431
306
134
143
-162
-651
263
320
386
181
-427
-422
75
81
222
-165
-607
509
-351
16
452
22
-407
-491
-800
-214
-318
27
-385
-11
316
433
-207
316
-231
331
389
-1026
-15
448
-253
443
-171
116
-606
226
453
-810
239
177
460
-674
-109
178
-559
108
243
-869
226
181
-55
76
-403
160
-245
455
344
232
-242
486
247
-395
398
375
267
330
362
375
-367
351
-41
305
259
-477
241
-99
217
-131
-167
190
-245
454
-267
151
433
176
236
370
497
418
-521
519
328
-221
-456
154
109
-524
-130
402
-314
-104
550
220
550
253
214
207
234
-588
-162
275
372
-52
147
-7
362
-242
-491
-290
-389
-442
-369
-312
-214
-50
-156
167
-827
281
345
-431
89
473
-111
257
343
243
-469
346
472
248
329
27
-101
-21
-38
-149
-332
235
120
-36
-565
109
-690
410
278
-124
391
616
129
32
201
-136
-63
-315
136
332
-191
300
225
200
474
-815
40
-533
625
-361
51
638
-694
-261
185
153
365
-186
277
-245
-622
547
194
357
-423
-10
-212
136
312
-67
-274
-19
327
109
261
321
302
-474
327
181
228
127
-21
165
222
195
416
247
-372
260
-316
-275
311
-69
103
-344
-291
239
216
152
408
485
-370
-404
-527
274
-449
177
398
337
103
-431
350
-183
289
264
-231
-31
428
200
-437
336
-354
297
-765
-380
360
284
-10
225
-414
-189
-643
3
141
-113
217
-667
144
361
-353
32
-239
-414
272
426
-8
467
443
506
-202
259
124
538
58
373
29
-16
104
162
363
-363
486
-60
163
-295
-236
400
339
-207
360
183
-836
-122
211
-99
211
-570
-571
268
432
-160
-301
293
-58
-277
502
109
-675
298
56
353
82
-408
332
-167
-703
412
252
64
149
302
-132
149
91
119
441
-397
63
-392
99
-560
-448
197
-566
23
-598
-171
203
-47
331
293
-301
-80
353
12
294
-567
438
248
-380
-14
271
55
38
164
253
-255
253
-132
-474
160
438
-210
-220
315
294
-619
-415
-337
-559
-85
244
230
9
410
343
-385
-944
39
-688
214
339
388
139
-403
-388
-62
381
-221
337
-202
155
-390
133
-255
-348
135
-64
143
-145
246
188
317
367
-372
24
448
-568
-171
67
-329
161
50
420
105
512
-328
185
-17
190
406
139
150
306
456
204
63
612
140
460
-589
130
107
303
-190
104
-184
175
274
62
414
476
-379
210
86
-521
135
-74
411
-93
-671
-297
79
-771
-373
-397
-320
251
-509
447
-104
-8
-237
311
-60
561
-531
-69
219
-123
-316
47
289
373
-385
295
-62
-10
99
-572
292
271
-315
-462
-422
-723
161
32
371
267
128
228
-461
-278
161
291
377
348
-70
135
242
133
139
474
-155
195
130
215
70
440
-55
-78
-260
345
-25
-302
-441
68
-322
-410
207
130
339
-83
325
609
-5
-9
-448
463
324
-389
185
467
417
-530
-589
197
-319
225
460
186
155
351
-25
159
73
480
155
-192
188
427
103
187
210
-553
221
547
184
-267
322
183
220
99
-410
288
513
-209
-582
-154
-760
195
-205
263
24
-197
263
307
-480
94
-407
350
-21
206
77
-55
-383
-131
-55
-552
190
184
-518
-11
-400
-718
-27
-441
339
518
-12
17
338
-37
-489
216
285
-548
200
-177
472
-157
-207
219
-425
460
164
-44
124
222
-33
324
399
278
552
225
-113
-63
97
449
-249
283
233
-674
324
-157
-403
-155
-359
-38
88
-89
-468
-559
162
99
343
269
-296
258
-192
294
274
-260
-68
-216
-259
-541
-384
413
232
-273
84
231
397
229
294
312
-658
465
-608
324
270
440
-270
183
-318
323
138
437
291
-5
-261
14
-311
237
-509
-64
201
87
-154
37
589
509
273
-469
-442
-574
147
452
-335
-409
-14
353
-117
22
-352
-214
-512
224
137
-201
329
-54
369
-357
-802
480
-428
121
338
-314
-366
-307
257
124
-525
170
207
-381
300
622
63
-542
235
191
-355
-380
-216
343
-472
283
279
-759
567
262
368
360
226
-199
280
-434
291
232
182
-88
436
298
174
-409
-365
122
-610
-386
-33
553
134
-324
-242
-433
134
-604
-368
-403
62
221
-319
78
10
-104
367
431
-501
-455
309
-214
-216
-498
343
375
429
474
70
233
-324
-380
81
-9
239
507
284
-12
-42
281
-428
190
179
183
-723
164
-231
489
12
-435
-24
334
-486
348
289
-563
-615
-429
382
-175
355
-1
67
157
1
-53
367
228
251
-406
244
436
335
452
353
-130
43
431
342
216
-439
308
197
-11
312
-254
-167
370
-364
169
171
412
220
258
-431
-599
323
284
-295
399
371
-66
413
-614
-227
86
282
-24
102
-155
0
-316
-69
149
122
240
-92
74
-582
-242
-620
-502
-718
248
177
-39
-155
204
234
-264
-130
232
-721
99
-320
-330
341
64
-309
321
196
93
-46
106
-208
441
-221
45
152
-230
-191
-418
147
-670
-88
106
-166
283
-131
-453
278
230
403
57
300
99
-366
483
-1
412
306
-368
-317
229
-244
-399
379
300
-380
77
275
-88
-432
317
-111
42
-629
-513
377
275
-159
334
-368
68
325
429
-98
325
376
92
32
406
-239
-479
393
115
-57
52
-315
-48
552
-277
136
122
24
380
270
94
-197
104
328
-102
-480
-472
-170
-104
451
-603
-118
253
32
-602
48
216
257
64
-461
139
-299
181
-55
-18
-407
414
-568
309
-431
457
-21
-202
243
350
246
-199
116
208
-179
205
475
-35
399
-491
-253
143
246
212
294
-566
-55
-372
90
-421
-290
484
227
-579
-47
270
-532
-377
-506
281
475
50
312
214
157
87
94
616
263
213
-345
-309
-671
520
-431
271
113
277
94
24
595
503
-195
-344
400
-461
111
12
-667
49
-90
-295
263
152
-70
213
-520
-87
433
261
474
408
34
189
-358
536
-37
234
-280
-644
-347
320
100
266
377
278
265
447
-491
119
-155
132
133
15
-141
315
478
568
40
438
442
-258
248
265
-149
84
226
502
-222
-339
438
-628
-380
331
-212
-758
77
425
-303
197
360
241
167
155
381
-71
230
190
26
56
347
-622
259
23
-60
217
222
383
-640
216
-427
-185
228
-364
221
-568
212
484
64
278
361
331
-116
-70
80
267
-147
350
341
-353
-261
510
-363
201
284
-133
407
-395
-364
-214
-518
-293
-113
-529
-403
-259
-576
16
-533
-8
-106
278
451
-35
69
-199
-123
-30
43
-435
407
99
413
-469
398
24
421
-155
229
-3
52
622
146
34
-406
417
-429
93
253
410
207
316
-558
400
-389
-363
-231
308
303
413
-471
-220
34
-616
321
335
-67
-133
209
344
-383
-417
59
245
395
477
179
231
-132
244
-654
190
-68
-494
-414
126
436
-455
369
139
300
207
-686
-536
411
267
511
311
56
443
-304
208
34
181
-267
316
306
-119
-95
219
275
318
-651
-30
467
-279
34
319
-447
-381
-40
429
132
152
-392
-111
229
469
-167
58
-400
292
-109
-540
-66
325
-214
397
241
315
460
191
-481
-152
-250
203
294
411
-361
105
143
-514
181
-551
427
-437
86
-283
426
-930
-449
-278
-153
251
370
281
157
-139
325
494
133
319
386
-538
226
137
37
-190
-153
346
130
-264
-702
-148
344
287
296
-63
99
386
-26
-318
312
76
484
306
-315
-385
463
-267
147
55
122
-174
-438
-146
622
-328
375
-76
392
-524
-249
-240
-828
14
169
-456
197
-123
-184
446
-486
612
-227
237
135
104
-554
344
34
-351
515
406
248
-180
291
143
432
-479
-184
-478
-518
263
496
473
-512
-653
-342
295
436
207
-721
-189
258
-625
270
-369
-48
-483
-563
373
-205
-525
325
406
-136
-104
-52
-48
-513
-414
-310
424
-122
-516
204
-245
-694
348
286
381
344
-93
-316
20
-304
-678
175
32
215
-4
-481
-458
-359
-483
-59
346
408
-29
41
225
115
231
-228
401
256
-305
442
533
499
168
285
102
-392
-380
-137
-76
-220
-417
137
182
-176
413
118
-400
143
366
-212
318
208
-515
347
89
-228
104
-540
328
-20
-60
288
153
466
334
306
217
-352
-37
-641
-660
108
353
-28
416
-336
212
-48
-213
-658
28
158
-548
-516
302
111
256
471
-371
306
263
236
346
-165
323
444
-584
308
-598
-136
191
332
-570
323
-250
-302
327
334
-186
-554
647
-118
111
-276
-3
-458
-492
275
330
-277
327
45
-864
-259
-118
-787
44
-380
386
-45
23
216
343
-322
161
287
379
-90
64
327
-26
207
-852
133
-183
351
-199
-259
325
494
140
435
184
318
253
-46
-192
78
85
40
265
260
262
-141
-384
-580
-699
-257
244
536
-608
-452
-623
44
-568
-192
36
-502
-203
102
454
-520
91
306
-243
435
284
-277
168
-238
-157
124
-281
332
-606
-378
37
-363
162
583
394
451
349
-243
-354
410
480
-349
473
182
-629
-367
257
557
67
-598
579
-271
-483
331
-465
208
-412
333
158
223
120
-524
202
-118
-242
112
-494
380
-49
293
340
224
391
-246
111
271
-148
-29
375
423
76
-447
208
140
139
251
277
93
498
-489
-12
197
229
-92
88
399
-141
277
-271
484
-214
176
561
-97
324
-852
-311
-553
97
-321
-568
183
-311
-288
218
-599
-275
561
-38
-529
-333
455
270
-132
-62
-567
-407
-344
-456
403
-446
-605
-409
-148
-483
23
235
-421
-387
74
-34
-78
220
407
189
-659
268
285
263
-311
-944
55
-200
-414
-532
-653
-355
-95
-406
109
-104
-54
438
234
106
328
136
-130
426
-349
62
-433
439
282
-354
301
-4
511
-308
152
-333
-165
333
59
444
477
154
230
-100
-213
413
489
334
436
-48
459
-456
-412
156
384
-8
180
225
267
1
-571
602
-478
-351
407
202
434
-367
402
150
209
103
331
-279
166
209
-699
149
389
228
417
-467
253
109
-216
-320
-412
-320
-194
-243
262
207
-265
-136
433
258
255
245
-529
337
4
414
-436
-350
-231
70
-165
-221
-213
-427
-208
90
370
-35
-510
366
369
-273
-120
-607
146
-231
-180
68
-133
-442
-502
178
459
97
401
236
107
291
13
-319
128
230
-77
338
443
502
210
-46
-345
375
-329
416
160
-666
-89
375
-373
-207
-614
-113
347
294
-156
-24
76
240
-29
-219
-150
-282
344
292
-61
502
-364
121
211
180
372
171
-266
195
282
-352
-486
-483
388
-295
77
107
432
321
426
-557
-136
-582
-33
-216
-271
-41
-133
284
422
292
80
232
383
277
447
17
428
420
139
21
28
492
127
380
-380
294
387
-421
-480
-238
388
-4
-721
233
-297
383
469
-353
150
-570
345
-118
337
-54
432
219
205
417
178
-66
-388
-451
-11
-552
305
-138
53
163
-377
-60
-409
2
-398
-435
-249
-308
10
287
69
-412
-296
561
-165
382
307
124
336
43
-787
209
-101
487
-293
219
-367
-59
-46
550
40
105
-72
158
324
391
-419
258
-313
-510
400
191
-258
250
-199
-39
34
221
355
-460
-470
-530
-13
119
248
115
-94
-626
347
147
266
515
-150
-117
295
-61
218
-352
-10
391
377
207
-15
347
374
407
-376
-220
-191
6
238
-156
611
45
-549
-626
447
372
22
169
153
-261
-642
355
480
356
30
81
-525
1
308
371
-581
204
315
137
524
-46
458
423
-911
5
327
171
246
317
-368
-615
334
53
258
-489
-252
-369
437
20
233
-160
162
-385
231
450
-220
-556
102
342
-188
440
-201
-648
301
-368
480
234
-642
198
213
-667
-305
387
89
420
555
-477
-34
638
406
-298
215
16
85
-8
391
331
-154
-294
417
269
-311
152
-470
515
-377
415
322
-70
152
-87
257
-39
222
63
-167
-487
-5
190
-8
116
136
-131
426
272
-377
263
-82
-112
370
412
96
-137
373
-354
-425
-464
-37
-484
222
513
-517
277
44
348
-190
233
-113
193
-59
32
452
214
-29
327
-132
-144
168
-69
456
-219
-356
445
-70
-612
187
134
-469
257
-71
247
-201
-313
134
-411
229
75
-24
191
437
51
404
-59
163
-154
166
-697
-405
-927
467
-212
139
-73
244
541
-62
-448
-109
-145
156
-329
267
338
50
-310
268
-28
-103
154
184
552
-662
5
-469
-389
490
-623
137
-101
-336
-104
151
-422
5
158
352
514
343
173
344
190
-143
337
678
300
-481
408
32
-12
-623
-892
414
-276
423
409
61
432
86
240
-14
-416
268
349
-62
-336
124
-205
180
-600
-337
86
406
-8
-65
188
214
134
-295
-317
5
552
-207
-192
611
-334
25
79
-546
95
11
-339
-48
-453
164
-189
-203
1
-309
330
-38
437
-149
379
131
285
241
136
-468
-295
-339
-368
312
-178
233
13
413
-101
65
-240
399
-70
27
-220
-161
91
334
74
321
-367
413
-24
21
136
-567
480
272
357
151
-125
-251
223
-191
105
-463
447
24
247
421
-283
-273
389
74
-267
-17
31
196
-244
474
137
82
383
-53
-459
-352
294
-102
96
316
152
345
445
-241
-395
89
-550
-551
447
537
265
-365
270
8
317
-442
340
-333
-414
-131
202
-967
-448
164
430
547
24
-115
-104
410
368
212
290
-568
369
-567
-344
456
228
-24
21
190
-283
-234
443
438
99
122
353
188
-377
63
439
428
-262
216
40
207
417
-422
-489
634
324
175
-290
-52
-45
338
45
175
-298
75
363
41
409
-64
315
-309
379
187
368
-219
342
-91
-231
43
325
-607
-490
84
309
550
-595
392
144
285
221
292
398
274
-339
362
225
355
140
-443
-126
-82
177
-385
-226
-118
-63
166
105
21
260
63
358
-150
182
56
-610
-196
212
370
235
-306
471
211
-293
428
244
357
576
-447
248
181
273
-47
-495
-428
140
-544
-311
21
-279
387
-485
-301
426
155
223
379
-112
236
113
39
-756
225
217
129
338
109
191
93
-384
-568
-220
-183
323
361
-227
49
50
489
193
401
316
224
312
120
326
-315
222
350
273
46
-466
-519
437
-11
306
119
574
438
186
184
-480
622
438
413
139
-148
-468
-136
511
-160
265
359
-422
240
-117
-407
-28
140
-16
43
318
155
-14
154
93
252
-191
397
-541
473
365
-536
95
-723
250
-288
-598
-96
227
474
416
-377
139
324
-630
-354
286
-90
159
235
240
451
-32
-89
151
-440
10
-384
-55
-333
210
222
39
144
-52
141
-484
-264
180
-483
241
-253
-195
-231
168
-861
237
75
304
191
-166
252
77
-44
453
435
-658
283
-555
202
-328
353
283
-488
182
-559
491
257
-308
91
103
-343
-330
-15
87
-337
221
448
373
90
201
184
279
-26
-40
-38
336
426
273
93
72
467
-263
-337
95
78
-14
-11
-438
88
339
38
298
68
130
85
150
-49
-465
-122
-53
134
336
-10
357
47
-39
197
62
381
58
-149
-104
-210
-180
-447
503
-451
421
18
132
-37
501
353
-33
411
-248
-250
-363
-495
68
20
-16
344
29
157
-118
277
46
400
-108
251
334
291
430
278
-900
-490
-533
266
285
538
396
-550
312
390
-601
-297
253
519
-511
296
208
-127
-506
67
-261
241
278
-297
-390
-329
-454
191
-6
102
353
-37
96
20
460
-470
406
-106
-613
621
-322
-21
-546
-261
-43
132
553
-342
-595
-141
-82
51
-112
204
558
84
170
-394
-20
39
203
283
130
23
132
-406
382
-306
342
55
-425
-8
358
-146
377
102
-48
249
-337
181
-174
460
-532
272
-526
-648
414
230
267
-525
326
28
300
496
-487
346
-461
143
-91
583
309
342
-245
212
-276
-419
48
-420
-498
362
103
294
371
405
196
87
-241
413
-240
-545
160
-534
259
-199
353
471
602
201
-138
70
-260
343
443
-325
-425
345
-270
-503
-13
380
-721
425
-426
-160
-355
157
-161
311
309
-498
266
-359
286
-710
381
423
-255
222
245
-369
471
-532
-623
366
-662
-125
-44
299
527
299
195
-322
127
-259
178
-489
359
280
377
-179
462
-34
249
441
140
-7
-123
372
-66
444
-547
178
179
185
478
59
183
-384
-67
231
192
-469
-72
154
269
365
166
216
442
339
-426
265
408
421
-524
235
-658
-502
222
-77
242
259
-104
-79
306
-268
228
192
-42
179
278
-9
345
-7
51
8
-177
-181
38
-739
-139
211
407
406
-498
98
-800
-553
314
-178
-749
-246
-463
331
-249
506
99
-710
-449
105
5
290
360
177
238
-388
-49
41
199
-421
183
405
-385
-101
-460
-2
308
171
-76
164
101
311
-122
-24
-570
239
-625
188
9
-615
232
-54
144
-542
-272
-440
-372
-343
-421
-294
358
-253
-429
-512
27
282
155
204
-360
-314
14
-437
-105
-242
134
365
-204
397
493
116
274
168
-179
-185
-278
-858
273
430
-224
389
283
229
-516
175
318
211
-437
374
-204
-372
59
400
411
-237
386
-778
235
103
495
-148
407
220
-184
-296
333
39
-666
-669
-531
-52
370
-127
342
576
242
-152
408
398
416
327
37
69
468
-337
238
-101
428
27
-48
18
-68
330
4
-204
86
175
197
261
5
392
-568
69
-471
-304
-310
286
201
375
-688
-811
-403
329
193
222
124
292
-14
-580
-25
93
-187
176
209
188
-15
420
412
43
143
133
366
-133
-459
117
-615
-354
-1018
374
-559
41
-375
270
289
-557
-407
-44
331
200
-334
397
103
513
23
201
115
422
-13
-622
206
330
498
-173
-252
352
-421
124
-40
301
-678
264
502
441
-45
56
10
-489
-409
-353
133
-11
-12
50
-12
320
-409
388
67
-652
-516
-235
307
232
-85
107
-139
514
208
-124
321
-670
451
-517
-121
406
381
-21
-190
365
253
-14
-251
451
361
-280
-385
375
-357
238
-366
-183
96
-167
203
219
152
-367
-702
-104
170
-267
172
-282
238
323
434
220
-203
456
-7
216
309
380
319
68
-426
322
-739
75
-249
114
-240
-697
411
-82
-483
-287
175
-26
343
71
-527
-566
-511
274
549
139
41
355
-497
285
244
211
