226
200
-106
105
-73
-394
50
206
22
211
-347
19
-53
-59
15
134
68
-258
0
86
-610
218
144
-76
138
193
-87
-240
171
-61
294
-441
8
153
-29
101
198
90
305
157
330
147
134
204
-147
-224
131
147
94
-388
84
71
-71
33
55
-83
175
167
169
-293
-11
128
47
181
-614
-122
-56
10
-26
39
287
179
65
-100
242
39
100
246
-28
89
-1
35
79
-472
-132
212
-204
-38
195
-478
68
195
162
-35
-203
97
272
257
198
61
-135
-320
-117
-137
24
-571
-145
330
176
-335
184
-197
-28
-197
-1
200
139
243
65
52
148
-264
-547
-6
-30
45
110
-343
-197
18
36
76
-55
62
3
118
219
-297
105
191
84
175
74
-399
255
-503
69
-464
29
-399
22
53
-135
166
80
-458
98
107
156
-132
132
120
96
-528
-281
-508
-269
6
26
-73
68
67
-68
185
185
136
120
-169
144
-358
-198
47
-108
-234
235
1
38
149
88
-277
119
19
43
-198
229
-34
213
-70
115
129
-214
205
132
-4
122
3
12
149
205
-233
148
78
-139
60
-212
159
71
-37
-392
-249
-30
162
84
-404
-329
400
142
111
204
-121
31
-113
235
182
143
132
205
-61
252
-459
-213
119
19
-523
-86
-112
85
111
128
255
-173
215
23
46
206
152
36
47
29
-74
149
-101
248
276
-389
-112
36
234
-157
98
-382
59
-635
238
-107
245
89
8
179
33
43
224
2
-288
46
119
-130
242
-430
74
-23
-296
271
-310
113
-155
98
-46
105
203
92
-132
-125
203
-24
-124
74
52
-481
-343
47
-452
-576
145
175
108
202
101
69
-356
-53
-1
269
-122
-456
-121
27
211
-61
176
64
-10
-23
13
-51
163
23
118
173
-30
116
165
-26
100
33
71
265
275
84
163
-27
-615
-571
146
145
-244
-325
107
228
-261
112
41
77
-3
-415
257
67
107
139
-2
-167
64
177
-100
-185
159
51
83
-393
-299
175
122
147
64
-234
16
-491
67
-236
85
-53
299
273
-280
37
-129
130
-61
-101
144
-251
60
-202
162
117
-17
25
111
-88
226
119
132
39
15
86
116
-376
208
-16
150
-568
195
183
-25
-108
87
53
168
31
148
-17
-31
160
-109
-363
52
-57
157
100
172
-176
283
160
-169
72
-70
155
220
66
130
111
-105
-229
125
122
222
173
-380
-136
-414
182
-128
-38
-390
35
-189
62
80
16
212
95
124
-283
15
31
8
21
241
96
-283
-303
188
-158
-179
285
108
85
-153
18
202
117
221
175
120
-14
-96
-270
40
50
164
88
112
225
221
51
3
-307
42
-119
46
-277
196
11
209
134
-363
132
-367
184
193
-44
102
130
193
261
52
24
-42
-319
209
-337
-137
-104
47
121
126
11
148
-42
-79
-440
151
145
-374
-366
-309
-401
109
-131
122
99
157
164
-189
-430
244
5
525
36
58
-71
-21
-547
36
201
-12
101
100
98
-53
-184
175
-352
92
-492
-66
108
44
-235
108
162
17
136
48
101
95
132
-216
-320
21
124
41
168
190
125
-308
276
-666
-83
-270
84
147
-185
-361
-71
238
-34
64
-83
152
-92
-404
184
-187
-52
23
57
147
172
29
145
115
160
-542
-551
-258
-21
245
-121
120
44
154
224
95
228
-411
-88
277
206
-107
-32
-120
44
-60
-65
130
43
31
76
-406
143
-104
-90
110
-36
105
224
146
238
-458
-272
-840
-381
193
76
121
-141
214
-307
-71
43
291
17
147
-97
-52
-200
151
-46
293
145
-423
198
123
-293
-631
225
-395
-280
-6
-345
-466
120
-588
-106
221
-285
117
30
196
206
28
213
-513
75
282
-232
203
-9
-112
237
195
-123
23
127
-421
173
-481
97
-1
-11
192
78
143
191
-150
-367
-229
191
-137
122
136
145
-240
-515
183
111
216
126
85
134
123
218
43
-62
-593
253
-466
261
132
144
110
-353
164
-89
213
198
-382
56
-112
-250
277
-532
92
144
-385
-662
124
195
217
-3
358
199
182
103
21
-354
-107
244
-73
207
-477
73
150
17
-109
-486
20
44
-436
-359
151
50
-317
234
-503
30
155
169
108
182
80
67
192
55
250
209
62
-172
-10
-482
-317
163
-154
-47
32
-508
-367
271
124
-84
-124
20
195
164
160
-340
3
169
162
-15
164
145
123
200
-241
134
-58
133
143
5
232
84
167
190
29
94
87
20
66
-257
-294
73
-280
-109
259
-219
49
-31
-3
37
70
103
164
258
3
-234
324
152
-401
12
-265
-128
54
-368
68
41
150
-431
-32
-289
120
-551
-300
95
-254
134
72
56
62
251
261
145
272
35
-447
6
-77
-163
-101
-426
-618
-248
108
171
-169
-168
7
117
40
112
-336
176
-637
-60
205
168
120
257
-271
220
79
67
-453
126
183
-6
-213
37
92
-28
24
242
-357
-276
121
423
60
180
-343
28
-27
143
-320
236
30
43
299
-219
-176
186
-224
-542
85
61
116
205
90
82
-554
44
99
66
-27
-235
139
-41
118
135
126
101
41
270
-192
-119
89
-354
71
-220
110
234
148
37
84
153
157
-648
147
225
150
-378
90
-286
150
-22
-122
-373
193
135
-375
24
-50
309
20
59
235
315
44
122
159
88
238
-398
85
164
-23
-101
-53
-345
92
298
-331
-34
-160
149
60
-85
113
137
83
178
117
-6
88
-97
151
165
-117
2
-307
119
-284
231
-22
-189
96
33
-627
-11
-593
65
114
74
-138
-378
177
-138
105
-191
45
-150
55
183
238
-203
186
185
42
-8
116
125
-152
-3
105
88
251
-388
91
-354
113
207
265
257
64
222
144
-342
180
16
-33
280
120
-164
236
215
19
77
118
86
83
89
45
-366
96
-426
7
-460
-364
-30
-41
-106
190
22
-261
218
-164
-286
-151
131
246
120
-293
196
-72
117
45
33
97
-102
-3
42
-10
158
274
57
-271
80
43
-379
130
-624
-143
209
-119
-630
41
10
228
143
319
-51
-87
133
147
220
204
197
19
-513
-157
129
-239
-93
180
-428
238
198
216
163
60
78
-204
-388
-219
298
215
-16
152
-389
176
-112
-446
265
244
248
135
-100
0
-172
122
161
79
116
-285
150
117
9
-6
66
161
-464
-266
-16
274
50
203
-191
-236
-60
82
42
-20
-65
-114
200
-186
-669
-132
-65
62
-499
131
145
277
-393
138
-153
75
-480
155
179
210
168
198
44
245
165
-141
-191
-274
26
144
395
88
47
-289
-86
-45
25
144
52
-590
23
168
199
-271
-167
-240
-223
126
-199
70
47
-72
150
-109
16
-26
193
-45
103
233
-126
-182
120
232
57
-337
288
31
207
-88
-253
-365
38
-127
-492
183
161
-26
127
280
165
87
126
78
66
210
69
-5
126
131
114
122
26
191
-15
28
27
158
7
-30
191
-226
-218
67
-214
76
-382
148
36
259
59
-46
98
-31
170
-14
144
82
-389
-376
234
124
131
-7
-396
167
97
159
59
-63
12
153
-11
-121
12
78
177
146
-553
-42
20
195
-314
60
-143
-303
126
-229
185
-548
114
177
198
-102
133
55
12
76
43
12
196
284
92
166
110
120
-125
-588
167
-242
-586
170
173
-314
-173
-77
217
-215
-523
189
-276
177
39
-132
-226
220
315
86
37
135
-174
139
-18
56
-293
-90
41
100
9
215
155
-191
186
-139
114
-270
-166
-167
63
-84
-240
284
3
62
-242
22
-387
-395
-48
85
67
272
134
133
-171
-392
58
-2
85
-28
11
-127
82
101
-477
-366
-393
-278
190
158
-121
3
-621
40
-141
134
112
285
-320
-169
131
285
125
49
-98
180
229
153
50
-1
13
45
-181
-212
-27
146
165
-109
-13
192
202
-105
129
142
-345
203
68
-390
176
177
-12
-285
-251
-297
75
85
-19
2
-104
132
34
146
-188
114
-563
15
63
-353
-497
151
136
35
72
23
-192
64
-478
-17
-456
-22
217
-336
53
67
-7
237
-138
197
357
101
45
98
-77
113
60
16
98
168
190
27
44
100
50
-237
150
-10
-176
-151
-86
234
133
228
73
236
-313
105
173
-119
-45
127
-88
-31
30
45
240
-208
-149
129
74
-191
72
90
135
19
234
-277
48
-506
150
122
215
-183
-55
49
84
-215
120
-77
256
-147
110
-69
0
60
-23
426
89
6
-131
-363
79
-305
106
-167
129
54
42
289
145
-318
-11
-61
230
-60
44
197
234
98
-251
-56
103
149
-289
64
122
-30
-9
-190
-559
-261
23
119
115
-532
121
46
31
-199
371
-390
147
-165
-8
297
55
72
-106
-66
83
-452
169
235
-255
131
-128
319
58
288
206
148
145
-647
-29
-321
-149
349
152
-130
123
83
90
125
400
-261
-242
-571
142
39
-181
208
210
30
-287
216
54
42
178
-481
-32
43
238
-282
-222
216
95
-364
-457
248
-14
-69
117
-313
-36
-556
49
208
-40
-303
281
-149
-411
-253
0
-88
94
-321
138
-198
46
-52
168
83
23
37
-431
206
-176
124
180
119
106
-59
-202
202
-197
-477
-113
-267
44
193
176
-35
152
-323
148
161
-173
-34
-588
63
-83
-187
42
61
-115
-354
-7
131
130
119
-152
11
190
-569
10
-469
-245
198
-311
-627
-101
-663
-308
145
53
152
131
-227
55
165
-247
89
-99
173
92
-32
-95
133
289
219
-249
210
107
113
-378
150
111
65
257
-137
-104
-390
-293
-526
-83
72
96
-113
79
92
184
78
-52
-293
113
168
209
-51
-792
135
-219
-87
74
250
-282
129
206
-122
122
-170
-26
232
100
253
-424
-585
-9
234
13
215
195
-342
14
182
185
-37
221
59
-159
-415
86
223
-375
68
53
-8
-109
170
-576
-2
260
290
133
167
72
-96
138
-308
16
-94
103
-528
-253
-59
206
40
223
178
-9
-166
-281
228
47
53
103
176
36
-179
175
-12
233
-506
-55
64
-181
146
97
-447
-194
88
-512
-49
242
-228
224
125
217
23
-426
201
66
40
-116
70
-20
-381
69
100
-12
-318
-66
196
-370
202
72
-27
126
206
-319
-26
-20
-41
-159
199
-113
118
-36
-54
74
63
29
135
152
164
130
120
199
164
8
84
-239
120
-158
155
-378
92
22
59
153
25
-26
-314
91
85
235
207
-240
205
132
-90
-18
75
26
118
349
-90
55
-240
207
84
104
-433
287
99
153
47
172
184
37
-286
-106
161
54
184
205
-464
-150
-60
252
-554
-199
-255
105
-92
119
165
315
227
-440
38
131
-453
-402
-64
-90
-207
179
-5
-509
147
225
76
27
-367
63
80
-95
62
215
169
131
36
17
-77
260
-285
-60
50
-237
5
54
63
103
-217
-41
157
93
96
173
80
-131
114
164
143
207
148
-346
84
47
-197
160
170
39
-69
-194
139
277
118
-406
-236
2
52
-100
8
-38
194
-338
-248
-840
98
220
83
-356
242
220
129
249
153
-566
211
222
-321
62
110
237
182
340
50
4
309
-106
-287
174
-16
-120
146
-1
125
122
87
-131
-39
-415
241
-428
81
-115
137
148
-547
-20
179
120
144
25
-203
236
41
36
-294
-42
-297
-389
106
271
133
135
80
-222
181
-300
56
163
228
6
144
62
-163
-153
-326
-317
22
-20
162
-37
63
-244
-361
-6
35
143
-235
188
358
-130
131
12
176
-5
232
-45
150
45
-220
-556
121
105
111
-376
220
-76
-142
49
210
95
292
141
32
-21
-23
-21
119
-457
67
-206
185
-33
80
-297
196
-4
105
20
-72
220
63
314
204
201
41
119
230
191
94
-157
67
-375
-478
109
-212
169
215
111
2
117
1
95
187
-402
87
-30
-65
-265
10
133
200
-223
132
-445
-11
-168
128
-181
123
-158
125
-17
194
116
161
-230
-424
176
-26
98
-118
7
-96
77
-181
-13
15
1
141
24
-19
-240
10
111
-62
59
36
222
-537
177
-127
0
-25
288
16
-71
-196
-413
83
-42
121
-242
-109
-6
37
46
-177
-370
-462
-11
299
103
-18
-144
-85
188
101
129
287
-14
94
136
258
-245
111
96
11
-380
20
99
106
158
97
19
163
-78
238
98
120
-537
-408
281
-124
-199
75
-157
156
-109
148
-223
183
135
206
213
92
214
67
37
-340
-227
-248
259
147
-28
-549
92
83
-90
71
52
148
-70
-219
126
38
153
-138
138
-57
122
-41
198
119
112
-52
-121
185
-31
12
-635
-93
-60
-254
-234
-90
-136
254
-199
-4
-199
-210
86
225
129
-86
39
94
-177
153
13
89
-85
-86
-122
301
122
-86
-236
229
-493
119
-232
-358
-131
163
113
56
58
95
27
33
201
212
221
77
14
-116
-113
86
129
-77
90
13
-48
221
177
82
-270
-115
125
-161
233
66
-32
-2
-14
-307
-557
-274
-495
56
183
57
-443
160
-198
241
-420
116
-21
-408
176
180
-236
149
-226
-258
-281
2
109
124
-89
243
-132
-206
83
-53
109
1
-129
259
139
202
117
30
-70
134
280
111
-219
232
235
160
-23
-85
-123
25
215
83
214
58
-75
132
65
54
60
188
76
213
73
0
-326
-425
324
-322
30
68
119
140
-41
126
197
-259
192
78
93
-557
42
10
-1
-593
270
-427
28
138
-219
142
118
-353
-7
129
128
-200
190
-160
70
65
-369
177
179
-149
215
37
7
-220
41
-28
23
113
-317
-394
204
-124
-22
94
261
22
-87
21
94
221
-76
-70
-425
-503
177
-53
200
136
-287
164
-185
-143
-227
92
-57
-568
-6
65
158
-17
-49
168
150
-167
-131
-67
82
-245
60
28
27
-7
206
245
267
157
307
-152
139
-293
65
-7
191
-138
114
113
-148
100
-191
-203
-134
-13
-426
158
148
250
214
-596
-423
-228
88
171
-29
71
-225
196
31
168
148
82
-303
-45
-401
-166
89
237
244
-163
130
158
86
-33
-49
-176
-255
-220
-132
-112
194
168
-443
-83
29
139
-269
-27
152
229
71
22
143
340
-261
-71
50
-76
-76
82
-228
240
178
130
34
203
-125
84
264
-31
84
-91
64
-98
-299
-38
238
142
-283
135
302
-49
10
144
28
-409
-80
198
138
-411
-83
133
-446
-27
-119
-566
-46
-85
-107
-84
-366
168
172
100
-31
100
149
132
108
70
-207
-368
216
-132
67
-261
-309
-349
-465
-98
206
162
206
-327
-50
18
-2
130
148
163
125
101
202
273
-458
145
22
49
-141
21
-119
85
-363
143
-1
-120
33
146
180
112
217
123
-653
108
29
-239
94
83
55
-178
169
239
-5
142
249
199
-45
75
-117
2
316
-57
324
131
-153
25
-461
-617
-42
216
169
202
192
87
109
232
111
130
-59
-326
249
327
24
85
28
71
-441
288
53
248
-36
110
-355
-39
271
-270
66
-111
-554
269
145
164
-441
53
80
-96
-390
209
97
2
-401
23
-549
107
87
-349
8
-216
219
57
88
52
1
70
-186
194
-183
125
-47
-183
-48
234
-8
-169
289
141
106
111
-33
98
-45
-123
139
105
212
143
-245
-355
-121
54
71
57
50
-4
-682
232
44
172
271
205
-288
306
-255
-45
-168
160
-45
77
-401
216
-27
89
-109
53
89
-99
249
-145
-16
108
-4
-72
106
-644
-220
62
-394
160
396
-415
-360
184
205
-459
151
233
-24
44
43
3
-24
-14
328
-311
210
-281
111
-327
-303
87
-478
-227
94
128
-143
190
142
111
159
-102
-99
4
328
-618
-440
206
71
40
-153
249
145
206
-98
47
82
-76
-233
-549
46
73
168
243
-17
298
-106
143
151
-115
-25
188
-363
42
143
-46
39
-32
276
173
-234
-354
396
119
136
-399
123
-120
137
-347
112
124
55
73
193
-47
-6
-29
152
111
42
146
62
-437
205
-307
38
-446
6
-258
65
-156
168
-41
62
39
36
44
92
250
71
-11
-91
152
-77
-23
-28
-89
176
-27
-376
89
49
-83
37
201
178
171
-92
-128
32
-91
-601
-314
207
238
290
58
-65
-632
178
-8
-21
138
252
140
183
199
191
-592
-166
-20
192
1
242
59
270
-212
44
-229
-79
83
-244
102
135
24
11
193
-320
237
44
176
146
-653
117
124
174
-164
0
52
-369
-119
-137
24
209
-209
201
8
-84
130
53
55
-142
189
155
6
-185
12
-428
-85
-451
-276
373
33
21
211
-136
-537
-614
-23
-59
-164
195
250
-51
123
204
84
-206
33
143
-133
-44
196
67
198
-57
-57
-149
-27
-46
37
-386
-71
-144
49
32
-199
-294
65
-343
-85
-49
-548
-167
167
-181
71
-124
173
-283
-231
3
8
-243
-45
71
60
92
-221
-219
59
-43
36
-43
152
-15
212
-224
148
77
-479
204
314
72
160
37
-373
95
146
77
-240
-430
167
-123
-275
49
349
167
64
180
22
-28
-221
165
167
199
230
-393
-10
192
188
117
178
-435
-15
-211
25
126
72
244
7
145
277
-54
239
-108
45
90
-29
-97
-70
-611
-188
-224
46
225
204
222
-199
-500
238
177
54
53
292
-442
-7
84
-244
175
-80
107
-15
74
180
131
200
-199
51
-138
-266
62
24
185
-52
25
-5
65
-390
-59
65
30
14
85
37
-143
225
40
-75
74
-27
-45
-430
130
162
49
62
-94
147
-15
-273
-345
139
-389
50
334
186
26
134
-443
-221
-515
135
83
-23
157
94
142
22
-135
212
120
-6
147
-47
-77
-91
145
136
-477
213
92
133
243
25
-413
108
263
122
-548
56
-184
153
79
-52
-288
252
-343
16
-506
-44
170
135
-192
107
-70
200
183
112
72
43
270
97
-437
132
290
-229
-353
182
-89
211
-455
-135
294
8
126
32
-137
-503
-123
-109
61
-435
-365
110
-286
146
211
-99
-77
107
-69
-51
-446
-34
172
-32
-73
90
-170
175
-46
190
-347
-34
149
56
107
-396
293
69
-56
131
159
244
167
-93
111
200
-26
101
-383
-320
-111
164
-148
26
181
89
151
192
-599
-31
113
124
241
-295
41
135
36
42
-218
-18
311
249
-514
171
-182
-245
150
323
101
-192
90
-25
-154
-34
117
-311
-298
107
50
-240
111
52
-195
-457
148
-223
-402
218
218
178
58
-286
1
259
-71
95
7
106
105
289
38
179
-390
-34
8
150
-9
105
103
-325
90
147
-148
-236
112
-267
179
-486
-329
-40
229
89
-310
-263
-223
111
124
150
-407
-323
40
245
-240
42
639
77
133
-34
199
-6
-243
240
-340
95
-594
167
-168
-61
193
85
-624
-46
-256
19
235
-87
132
-267
183
74
-46
19
-497
-235
252
-137
214
238
-296
289
66
-18
113
61
210
169
45
299
105
118
128
-531
-90
0
135
137
168
128
65
62
-424
-44
66
62
-41
136
-554
99
-300
110
79
209
-437
-42
-95
-387
53
162
41
188
161
-493
127
-317
-360
82
156
134
-122
103
56
-354
97
-353
-746
233
-461
-58
28
-201
123
293
234
182
241
210
-31
139
97
200
41
249
395
105
138
-124
-60
-286
-105
59
-499
-199
67
47
142
148
169
-179
423
179
321
-106
-76
219
-168
-411
-243
-132
3
65
95
215
-112
194
28
82
201
26
-514
74
-76
-72
141
-470
251
179
-80
-406
151
71
88
135
73
132
-6
-33
154
-213
136
-123
133
-161
235
124
127
140
115
29
-408
-104
115
-84
262
-424
-203
-610
40
-245
-4
103
0
100
197
167
-99
230
192
-492
-288
-50
174
-282
-51
228
-164
-430
47
72
76
274
-86
-354
-17
142
-165
72
-280
-547
28
-8
167
-338
88
16
-22
62
160
118
-84
-254
10
297
200
-343
-146
-523
181
142
-76
213
39
296
8
126
216
79
23
-378
-288
-277
321
61
88
2
-299
52
-561
176
47
-554
181
98
-374
-443
85
-7
168
167
-208
-263
53
-45
290
-563
169
-109
43
-46
132
-395
71
257
-416
97
75
-151
46
61
90
56
135
143
-308
98
-247
-73
238
254
196
221
93
-9
136
-41
16
304
-160
13
-634
-381
124
14
268
102
-426
259
-253
244
105
-209
161
167
311
167
307
41
274
10
119
161
-199
-124
83
-664
-189
47
330
80
239
186
-76
23
-303
48
-354
250
-197
114
-121
125
147
65
-249
1
-20
168
142
-112
-303
279
252
270
-218
-85
142
267
118
-55
211
41
-24
34
-296
-27
216
112
-44
122
-408
213
-310
-98
-202
-128
219
59
172
228
-143
221
-95
227
155
152
-73
-509
136
-1
-203
-300
138
221
-531
323
-112
83
172
-87
-83
-46
-7
63
-45
-23
-405
288
236
126
57
19
-80
84
239
-191
89
-366
149
178
-66
-553
131
67
129
170
-329
128
-92
-223
-89
-232
146
23
-556
-353
-223
207
250
81
126
-280
-273
163
65
-82
-133
-191
196
85
-396
140
202
36
-216
159
167
-594
-261
65
-10
274
-14
38
39
130
373
122
165
-130
-458
6
316
230
68
-293
-81
-401
288
-53
42
238
-484
-345
-132
198
-389
-252
173
-79
-96
-522
-372
-99
159
77
-452
-234
123
-266
-11
-305
-31
-27
122
-319
50
10
-171
135
2
192
-493
139
-289
224
-130
-173
75
191
82
185
264
125
-352
-160
-130
150
108
221
36
117
238
95
172
150
0
-158
46
111
-14
-413
-25
85
177
-158
205
40
-405
-136
1
-86
108
174
-371
161
42
-396
241
-285
31
47
155
-247
-153
216
-112
174
111
216
-346
265
125
212
175
-571
-120
119
137
-158
-22
-558
-394
175
-252
-408
209
111
-354
56
-84
-210
-27
-199
-348
87
-25
222
249
-128
135
65
-461
-635
113
157
148
-61
103
-308
10
-66
176
35
-78
138
120
155
-527
178
-29
42
215
146
-72
-1
-630
85
90
-282
-444
-443
8
154
-4
76
133
144
-361
-221
121
154
193
-317
82
20
112
111
227
136
2
-106
-218
238
294
111
-159
-23
-437
-11
21
-149
235
-571
36
-123
265
255
-41
220
200
46
9
241
-37
-101
-7
15
-171
-26
129
135
230
253
-481
-170
194
111
-329
-6
-2
-485
59
92
144
236
-375
-167
74
-105
-9
149
-206
365
140
-148
117
83
-568
241
29
175
64
-526
-176
234
-274
215
171
-688
0
99
-526
-278
-18
225
-95
133
-55
296
212
-88
155
-645
190
-154
46
182
92
-147
-323
29
174
-280
-303
-133
-139
209
32
-56
-15
108
-173
-259
-496
155
116
57
88
-251
-290
-277
-464
-464
-225
-60
-356
116
-559
-28
89
-93
145
-263
-152
-176
-426
-75
140
-297
103
-469
-223
126
-9
-7
165
-48
102
-534
188
-1
7
205
-33
299
14
-281
-352
177
-506
-462
-170
-481
-254
135
-503
57
-434
78
293
-330
137
121
130
13
71
128
-440
-320
606
137
135
3
62
64
94
-113
-45
24
135
46
80
114
203
152
-314
-84
-14
-74
-31
-325
-260
56
190
47
-386
264
325
195
108
-283
-499
199
-24
-356
-466
122
260
133
66
34
78
-203
44
44
138
46
294
33
226
-431
-105
-9
28
-260
-126
-272
-208
181
-206
-446
112
-91
296
75
198
69
111
-227
132
-378
5
-224
68
-399
59
-236
-338
268
-45
-345
69
235
-89
-30
-354
221
-90
169
162
41
117
-31
-166
-45
45
166
181
100
243
-26
-37
105
-425
12
-85
-107
-413
136
-366
174
-2
-85
-61
-101
-130
57
-296
173
-168
0
97
-183
-182
296
-270
132
65
-241
181
-380
181
138
278
98
111
-219
234
170
67
-61
176
180
-125
-48
73
-22
-212
-150
-427
159
-167
-42
186
-101
84
-83
160
23
255
-194
-56
-41
-248
142
159
-1
137
-300
-307
371
-330
127
-469
202
-411
87
-268
122
-470
-396
215
-380
138
128
131
-234
-678
-393
174
55
-148
-7
-143
70
-383
-23
-353
-133
-198
23
178
-156
162
327
-394
63
49
162
172
-499
-345
-5
132
-152
26
-428
-453
179
-470
-491
-214
157
106
66
195
281
73
89
-527
118
302
-204
-44
15
-95
-211
-494
-520
179
-160
133
12
28
124
46
97
52
2
166
75
151
89
159
8
226
-57
3
112
-75
105
357
144
-27
170
88
-492
29
68
19
-14
-108
-80
149
-14
157
-346
122
-16
137
209
119
153
62
43
54
-244
165
-13
104
-415
-568
0
68
-335
215
296
-180
90
72
44
107
25
108
56
-184
5
-145
-41
-183
-240
-190
-466
60
-126
-35
-345
-140
147
46
126
-416
223
78
137
137
130
182
81
300
85
-423
299
5
-231
-324
164
255
-176
22
56
-31
87
-708
161
83
196
-124
113
202
-411
41
-19
104
10
-355
-557
90
139
-223
-250
606
179
-107
-90
47
139
44
-299
-437
202
260
-99
-303
-298
-330
-49
-183
-8
270
132
-168
89
193
164
200
224
150
110
201
-229
-363
236
-220
144
-2
52
-146
-347
216
-91
22
194
-164
-222
171
-77
103
-385
-65
-159
112
-240
123
138
426
36
-205
199
171
181
-70
-50
-209
-233
148
79
-39
-70
50
171
-200
16
-46
84
53
173
294
24
4
284
167
130
-299
-20
98
-517
-381
-132
4
-470
270
131
179
-337
267
116
-351
161
86
175
-255
-354
-385
84
123
294
-457
67
72
232
108
-308
-372
311
-247
-49
-152
-402
-205
-63
-46
-33
-91
-394
159
-178
-494
-205
-45
128
176
63
-168
27
157
-24
-86
-379
116
-109
-133
84
-166
-19
-29
175
8
-388
-45
138
-20
100
-265
39
62
151
135
-479
-5
-441
-84
110
-98
58
-81
114
-11
-101
89
152
123
-71
131
62
-89
-411
-7
170
-178
-264
228
225
-523
27
196
143
29
89
174
-85
234
-77
-354
-371
85
159
84
128
110
145
177
197
-107
143
199
58
-35
140
68
-2
162
121
-45
63
-617
140
-265
72
91
100
-141
-277
142
230
-4
206
260
-148
301
168
-6
151
106
120
-582
52
-156
152
220
120
-81
115
190
173
101
149
186
24
-249
236
298
167
192
-557
160
-192
-294
-98
161
-621
260
-220
188
-129
118
79
-30
-617
39
84
98
-121
-682
-571
-61
-557
63
20
-402
113
-397
-10
128
138
0
-506
29
87
-96
53
-704
-248
84
83
8
-101
-13
133
118
-260
200
-49
-123
294
-509
-418
-123
13
113
146
-309
153
157
-333
358
102
140
11
103
193
330
165
-216
105
138
220
103
108
106
171
128
-596
-139
-208
219
81
-509
-389
-231
107
-369
80
252
300
122
184
-189
74
-108
-15
27
80
257
22
83
78
101
176
56
-29
53
220
148
-132
9
95
120
215
196
77
-137
67
-94
42
206
-246
-119
-246
87
216
106
-493
174
114
-259
-320
170
227
89
-218
-108
-117
113
-353
-49
-210
135
-383
-136
296
120
212
-586
168
53
349
-554
15
-122
167
129
181
-108
-272
-81
168
58
-301
-123
99
-257
-7
-119
101
145
-601
-429
-170
58
111
-96
158
173
155
7
177
274
-102
-299
85
29
-614
-251
-200
272
164
-15
197
-293
129
108
144
255
-518
103
64
-20
75
-457
135
-394
11
182
111
61
-107
115
185
-194
-452
29
-386
-183
149
239
165
156
238
-393
259
72
181
232
-309
61
216
136
-106
126
109
177
259
-212
-178
-179
182
-464
-114
60
270
-121
172
84
-11
65
-397
140
169
74
24
321
206
55
151
-322
-331
220
-59
-26
6
258
222
-83
25
16
-234
59
180
-94
-435
-127
-425
-86
-108
68
-330
166
-133
33
3
-425
12
232
-792
-557
-200
162
-254
130
-234
-405
-70
-537
38
95
150
-549
-287
67
125
221
273
55
-624
1
29
-296
-111
128
26
190
2
13
125
103
-82
-153
-70
-283
-77
65
105
-593
-8
-46
139
35
111
72
-602
-115
108
30
209
3
226
-25
183
213
117
-205
-415
64
-21
113
154
-199
-96
129
-31
-486
99
29
224
216
140
38
232
19
200
-368
82
-377
153
197
167
-418
120
20
167
97
188
179
-1
56
143
-241
130
-353
-361
-90
-472
197
224
-114
27
90
239
97
98
-163
-31
154
177
3
-599
73
-37
72
171
111
163
145
76
144
-179
133
-14
-371
-168
22
85
-55
141
-85
202
45
91
80
0
82
63
196
-155
25
158
46
132
97
198
-329
150
-62
269
110
206
24
257
-50
-276
-425
0
137
196
-392
284
252
-282
-303
-402
34
-197
-45
-75
136
-586
133
-185
62
99
-647
136
196
-143
31
-51
50
-216
174
193
-129
142
89
-155
206
-83
57
-93
222
-305
167
108
206
26
-582
-90
217
-241
58
177
122
-286
122
-224
270
131
25
202
52
-317
249
158
-211
121
146
112
-476
78
-214
122
30
-458
97
285
-28
-93
-6
305
141
-301
182
231
-355
144
-382
-38
228
117
119
192
41
-195
74
148
273
118
235
-86
91
150
230
55
-537
220
166
10
-87
176
-401
-18
25
-398
-174
-311
-103
40
-393
63
-80
174
-514
155
189
358
30
-23
103
256
24
-404
-18
197
89
-234
116
110
-212
-108
-14
-314
-323
196
-295
150
-632
170
-242
185
-259
239
99
232
197
17
101
525
71
49
-346
-294
61
-406
212
282
52
118
-414
138
238
190
176
72
274
-125
85
-88
-231
162
-106
262
-492
-231
67
-26
131
-166
142
25
20
-365
46
208
-3
170
-117
-189
207
17
-21
47
-345
-93
73
-11
-122
-533
111
-248
53
100
-506
-29
-78
201
114
-98
177
20
200
-368
-67
189
23
136
56
-192
-248
96
-175
183
-218
205
88
16
34
86
-129
113
-61
-457
17
103
53
-25
168
119
290
85
-212
-197
128
94
259
-345
30
-83
-214
294
55
-22
158
-333
141
176
40
-70
185
14
177
-496
-215
66
85
172
127
142
101
153
-303
6
-40
62
139
-346
-366
60
24
-227
-164
88
-88
126
47
91
-94
135
173
238
-134
103
165
-468
32
188
6
201
-45
200
183
-189
-623
-72
-130
-150
83
264
263
-8
197
129
94
212
245
-63
27
168
191
212
82
-380
-241
37
206
-648
145
-55
206
-48
270
223
-1
-644
-196
-129
104
115
-198
-205
95
128
-556
-630
-453
-28
-216
-303
183
47
-423
96
87
219
-289
127
263
-273
93
-51
-442
-89
71
56
162
186
125
12
-472
-26
-250
160
-123
-625
-526
225
250
116
-1
-2
137
126
65
218
210
147
-450
188
274
190
108
71
-133
-286
-164
36
0
5
92
-190
182
21
-240
-69
-166
-329
-366
113
-22
116
-240
-223
132
-345
78
-222
-137
56
71
-663
103
23
139
162
-354
60
77
-141
238
-133
-389
86
115
83
-399
0
335
-132
222
149
77
209
39
-446
-429
202
68
180
218
53
105
-464
193
-41
-27
10
184
3
39
160
-43
80
190
110
-12
-4
84
125
60
-322
-79
197
220
-79
26
-314
45
160
243
86
-426
-248
206
-96
161
-363
-477
138
-247
113
-376
-75
74
65
68
-27
-247
52
225
-4
259
68
139
143
-368
290
267
-115
-437
-213
215
61
-248
192
306
98
-617
-362
-8
-21
181
-265
185
-343
189
-88
-217
52
174
-280
56
-234
-392
-37
-168
-218
131
85
53
-214
-6
148
325
195
91
50
71
-7
-104
24
28
219
-56
-88
-50
-69
56
-109
67
304
21
60
226
149
-437
68
113
160
-270
68
63
249
50
213
-130
-355
157
277
101
165
92
-72
192
140
171
-33
192
60
-52
-411
-227
-19
169
56
-1
2
-234
103
94
-411
147
-485
311
-133
24
28
120
-460
254
107
143
-408
-183
90
-23
193
135
-5
-20
-305
132
97
-414
171
97
111
0
-310
-239
37
-219
-140
35
24
-14
-69
43
243
74
-4
-276
97
123
-286
271
44
282
-98
-246
230
-364
291
-41
195
49
119
29
177
279
230
63
-253
10
114
315
190
254
55
105
-404
-162
20
-13
33
-126
-168
74
36
18
-276
-262
39
185
249
-166
169
219
248
210
88
-158
94
120
194
191
3
108
239
221
-418
16
23
179
36
61
-549
44
60
88
-265
62
-8
-392
272
-240
58
236
111
-421
244
-221
-93
132
-22
-289
-486
194
201
102
21
23
50
44
2
117
76
265
-360
37
176
180
42
162
60
144
-527
-31
-98
-509
162
-293
24
-271
-140
112
-18
95
39
-83
114
155
78
-223
181
101
-375
-60
-9
-73
-171
335
-213
-358
-503
365
194
72
-523
197
116
96
238
103
173
-437
-383
639
74
17
86
-10
