83
32
23
14
-287
20
-297
-148
177
11
-267
-85
178
-8
-223
-227
-92
-46
-234
56
-100
-285
-158
35
-176
-29
-39
-122
-2
24
2
-246
-61
-20
26
-5
68
69
-57
-194
80
-46
85
-27
-223
-44
-19
-2
44
-221
-24
-119
88
-188
58
-118
167
-30
-11
2
-223
25
-106
-269
22
-58
-17
-183
7
-149
-165
-73
-210
-234
75
-185
-11
-87
-64
-55
-135
-136
42
-195
-203
-11
-82
161
85
-130
-92
14
-168
-119
-178
207
13
-210
38
37
-66
-123
-162
-214
-10
76
65
-74
32
9
44
-32
-45
-251
-36
1
-197
-306
197
-185
21
110
-25
-95
-31
-236
31
-66
-136
129
-163
-13
-85
72
56
57
-59
-14
10
-50
125
197
-78
-101
-139
2
95
-74
-255
-51
8
25
73
-122
-55
-102
-120
-19
12
-254
74
39
-12
18
-170
17
-210
53
46
-18
-57
-105
41
31
-187
49
-115
101
47
-153
-12
-91
-227
-109
-104
84
-137
121
43
-108
28
117
92
-295
-254
-26
-168
-91
-117
45
-27
32
29
-114
66
-1
8
69
11
-16
-305
-150
-52
-163
-72
-2
-9
40
47
-271
1
9
85
-57
-238
-1
38
-88
-42
41
9
-175
-107
42
-203
36
-50
-61
4
-22
30
-235
-182
72
20
-12
67
-53
-9
91
-291
-69
64
-51
30
-2
-9
-281
-137
-84
-26
-31
76
98
30
36
-107
-147
-8
-189
-150
138
21
-113
52
28
-219
-24
-37
-127
36
20
-218
13
-247
-284
-269
-296
-86
-274
-21
-171
13
-24
-171
-43
-8
43
-98
-198
-10
5
-224
-91
76
-169
-9
-139
-155
67
23
-30
59
6
-69
-60
88
-157
-144
78
46
-216
-99
21
32
-146
88
-32
-63
42
-22
29
-32
12
49
-124
50
41
-226
55
-69
-5
4
-34
61
-79
-270
-108
-196
33
-15
-25
-200
78
40
-326
-61
-33
-25
35
-49
-153
-65
-165
-43
-311
-254
-152
34
1
67
30
49
-171
-74
-168
-133
68
-230
-116
66
-87
5
-198
-111
-159
-87
5
-16
-68
-224
-63
25
-51
-182
-50
-21
42
5
-103
-23
-83
-14
-146
-51
52
-84
-64
103
23
-7
-23
-100
-45
33
25
47
-186
-44
3
-251
71
-21
-8
-50
-134
1
22
18
37
112
7
-85
-34
-273
51
58
-196
-21
-159
-271
-38
36
-268
13
32
80
19
46
68
-8
-170
47
26
-11
45
64
39
-159
-171
-263
-287
-149
65
43
-44
-191
-142
-77
70
5
-111
-9
104
-112
25
-106
101
167
-143
-100
71
-21
-279
-158
-18
-163
-33
63
-162
-237
-86
-112
-93
-290
-58
-45
67
-238
56
59
56
44
53
-63
151
-32
-157
-186
80
-175
51
-144
-31
-85
-61
-9
-206
-37
46
56
-146
-54
51
48
-44
55
58
-57
-72
-14
-297
-17
1
25
58
49
-232
111
74
-121
-280
-103
-220
-257
-15
-181
-175
55
-84
-10
-326
81
56
-119
-33
-188
-7
61
21
-19
-73
-100
-76
-260
-248
56
0
-93
-43
-149
106
-84
56
252
63
13
24
23
-98
-11
-19
31
194
34
47
57
-80
-85
-71
-3
-224
-208
-80
-33
20
-26
82
-300
-11
-201
-7
-176
7
-58
-52
-87
8
44
92
-222
-116
-277
-285
-54
-221
58
-144
-117
-331
91
-225
5
188
232
32
-187
-174
-224
193
-220
-280
-289
-9
-11
-34
-62
-257
85
-130
43
18
-66
-108
67
-71
63
14
-33
-175
-305
49
43
-237
-97
-20
117
-85
-114
35
-93
-209
-123
-259
-217
60
-240
-233
85
-77
0
-122
-339
-223
-40
-91
71
79
-70
82
-149
1
-129
65
-136
-32
27
8
37
-154
-72
-21
88
-13
57
-87
-64
-91
54
-195
-59
44
-158
-102
-48
-78
-175
-213
-102
13
-283
-45
-11
-177
10
-133
-29
82
23
-17
-149
-201
-25
17
-51
165
101
-103
-231
17
87
-147
27
-217
-91
-243
-33
94
29
-247
75
-202
37
-108
221
-130
-87
-40
12
-84
28
114
-10
47
-99
-281
39
7
-76
-93
-65
63
-35
82
-54
-39
-57
34
-223
-114
7
-67
-82
112
-45
-24
-73
24
-167
39
70
-135
-133
-87
-38
-37
-100
8
1
-6
-134
82
-255
59
1
-50
-91
-291
81
-150
-283
-235
-8
-213
58
-50
-153
-21
-281
-26
-298
-92
5
-101
-189
-8
144
96
-110
24
-58
39
62
87
-30
96
-47
51
77
-183
69
-286
55
-51
-4
-144
-220
-13
-290
74
65
-318
-25
-111
-188
-79
-113
-81
-226
-154
-73
-102
-56
-187
-210
-238
2
-65
-157
21
-153
-188
-243
2
40
62
-36
53
-51
62
-223
-271
-58
96
73
-159
62
-188
23
65
46
-174
39
-112
104
-249
29
69
-8
-25
-53
63
-32
57
-21
47
-201
-92
-10
-154
116
6
164
-13
4
-244
41
45
64
-100
16
-39
-82
80
16
-118
-43
-92
-315
-3
6
100
-194
-114
85
-29
5
-64
-45
76
-37
-181
-137
52
-92
22
-25
83
-148
-126
-299
41
7
-289
24
-193
46
-200
-167
-50
23
41
-140
-15
-132
-90
-201
41
-177
42
-89
-257
-16
-48
-197
-214
-144
16
111
-175
44
-242
87
4
-102
17
-163
-95
46
-103
10
103
-140
-71
86
165
-12
-138
-164
-202
52
-8
-270
-119
53
-61
-90
-151
228
97
70
-244
-147
-235
-105
-49
42
-38
-191
-45
16
-87
63
-134
21
-151
-183
-29
-214
-93
-102
55
91
-11
-134
-301
74
96
74
-141
45
-93
41
-197
-225
31
-133
-135
-99
-218
-125
54
-223
-64
41
-211
-195
51
-178
88
-254
-274
55
40
-152
-210
-171
-92
-226
183
58
-66
-72
84
-238
-48
-206
-133
-6
-91
50
-8
-262
-92
-198
-291
50
-15
45
27
73
39
75
-16
-113
70
19
82
-116
93
-65
-162
53
38
-12
287
-185
-65
52
-39
-143
-102
11
17
-75
23
-88
-30
-347
20
43
-177
59
-73
-296
172
182
18
-124
56
75
-46
-136
-231
-33
-56
-153
-84
-12
-313
32
-61
-11
48
122
-7
-311
-143
31
23
55
-285
-102
-49
-100
-217
-244
7
-108
-29
-49
34
25
-85
-200
57
30
-219
35
-12
-63
-85
-314
-50
-50
-30
-87
-32
-118
-73
-2
-229
-65
-157
-229
-22
-38
-220
-271
-127
58
-100
74
6
-91
44
-31
21
-264
-23
3
-103
-122
-254
-101
89
-95
-290
52
-172
-66
50
-82
-119
-183
19
10
-149
-47
1
30
-91
80
-113
-72
-102
-75
-65
102
-51
41
-45
-156
-21
-41
-287
-39
-249
-41
90
5
43
42
-223
2
-136
3
-79
82
-139
38
98
-92
73
76
-28
65
32
12
63
38
-86
-181
30
32
-97
-85
47
-280
63
-25
-11
27
29
-27
-73
203
-262
-9
106
-13
-4
-250
-222
-27
44
-12
-69
18
47
-202
43
-107
-160
-4
-15
-139
40
-64
34
-52
7
-10
-30
-86
-25
-101
-90
-10
-101
-241
164
-161
15
47
-253
95
-8
11
-206
66
51
3
-117
-305
-334
-1
57
17
40
6
-46
58
45
-10
-53
8
34
-28
9
9
-13
166
-79
-21
-216
64
-113
-46
14
45
-74
-94
-24
-32
-2
-52
-49
45
-146
-56
-175
-15
-175
19
-47
-127
-252
-100
226
-54
-176
75
-229
-5
-100
-7
-47
-23
-59
-189
51
43
49
-65
29
-110
-283
-90
-175
-227
16
59
-217
-61
61
21
101
49
-22
49
213
43
-165
-217
-263
58
-194
62
-69
49
-118
-183
-93
-127
-172
-152
-145
47
-199
-181
-23
116
-269
-226
-195
-49
-272
-124
-5
39
72
-52
-94
45
-20
-220
-41
-48
15
-22
75
-81
-121
43
-102
82
-216
44
-90
25
-177
45
-104
-202
-42
-9
69
-37
-220
15
19
6
-8
86
24
101
20
14
-230
-161
59
-136
-40
-29
64
58
-63
-47
125
62
-135
-4
-99
-45
-9
41
50
25
-131
-214
-249
-35
37
-59
-188
-23
-61
-104
100
96
55
-2
11
27
-213
86
44
-96
-74
49
-46
-71
70
49
-183
-195
64
-221
81
135
-238
-21
110
-140
-173
-143
-66
30
-86
94
-67
-117
71
-31
104
42
-335
100
-170
11
64
-35
-277
-120
36
28
25
37
-175
-271
15
-58
-84
39
-90
-273
32
-153
-239
-119
-167
-174
92
2
109
47
-80
-65
-242
-180
-66
-83
-124
-68
153
-64
-197
30
-136
-245
-76
81
-9
-48
44
35
-8
39
-148
-197
-178
78
0
-108
26
189
-257
43
-50
-223
-6
72
-20
2
57
-87
-6
-57
-107
-4
-205
15
-93
-190
46
-97
-67
-108
-30
-127
69
-61
-121
-79
-197
-83
-197
-124
-50
-69
-9
117
76
-78
151
15
52
-40
-14
-283
67
10
64
-113
70
54
-194
49
-88
40
-100
-110
-33
-18
-247
22
-92
-142
-213
-296
45
-82
-21
23
-67
54
-80
-72
15
69
-9
-54
-111
35
39
-17
-214
77
66
-64
77
48
-10
-11
-233
83
9
2
8
-282
17
-163
-51
8
-158
-25
40
-183
-261
-212
-50
24
-100
77
-148
-157
35
-226
56
9
-170
-137
8
-63
-35
-12
-114
83
-243
-164
17
-11
-10
-298
23
44
-35
-101
35
2
-53
-191
63
82
-30
-53
-88
-318
-122
-66
24
-60
-234
-287
-220
-87
38
-234
-136
190
-136
-197
-64
28
252
35
-91
-44
-260
-62
-238
-98
-170
35
9
-11
-103
45
-27
-207
-56
-197
-157
-21
-254
-132
-11
-148
-339
23
-109
-101
-4
-119
15
-103
65
118
43
-25
-238
37
47
13
-149
-127
-23
-235
232
48
59
30
-28
-182
-213
61
-207
48
-166
84
-106
-154
-89
-2
-78
19
-310
23
-38
-14
-134
-48
-8
53
-50
-62
-45
45
-141
35
-102
27
-82
9
-1
-291
-77
-133
-209
-86
66
-88
30
37
-77
-9
-98
-104
6
37
-193
39
51
-41
-30
46
85
-230
-142
55
55
-103
-14
-318
-166
-54
-338
11
-2
-107
-313
-166
-131
-221
-65
-17
-76
-9
-72
-197
68
-80
-48
-40
-100
88
-248
103
-160
100
-45
-15
56
36
113
-228
-147
165
1
41
-44
-13
-147
-85
23
-31
-265
80
13
-69
-90
-85
24
-57
89
1
-149
40
46
-5
64
-34
211
-118
57
-50
-3
58
39
78
67
5
-71
9
11
77
-183
-180
-216
-109
61
-129
14
13
-55
45
56
-116
61
-384
-142
-89
4
47
-156
40
265
48
50
50
75
-31
60
-171
31
-27
-257
-229
22
0
-148
39
-80
99
45
14
47
33
-182
25
-279
45
-115
15
-26
-159
69
-6
-283
-127
-86
42
-217
24
-104
-6
28
70
80
-24
11
-289
43
-210
-262
-214
-42
55
23
-306
-27
-34
-66
6
-7
68
-115
56
-64
-12
-8
-238
4
11
-200
43
-295
16
16
37
-155
28
129
-157
15
45
-207
-258
83
-5
-132
-11
-58
50
-122
-17
-153
-211
26
-196
-28
9
22
53
-152
-31
-12
-21
-120
-103
46
60
-87
-30
-183
61
166
-25
-30
-38
-138
-43
-246
-25
71
-163
-14
-126
5
-158
-54
-78
-89
-62
97
-41
-14
-5
56
38
59
-92
79
69
61
-46
-254
38
61
-111
-127
-2
77
-44
14
30
34
-170
-42
-20
100
-195
-195
-80
74
5
35
-52
-108
-303
-80
-223
80
-50
-193
134
-64
19
-77
-55
-51
61
-212
-48
28
-72
-146
49
-86
37
87
7
-113
-181
22
56
11
-201
22
-181
88
-1
11
-158
50
-84
-49
-226
45
-149
-42
-253
25
138
-36
-103
-80
-77
-208
-232
120
-226
258
33
-34
-77
-147
-185
-245
-73
-93
-11
-23
-191
-106
-307
55
-243
-25
-145
-19
56
-41
-27
-69
-204
96
274
84
-84
88
-27
6
-39
7
-121
54
-270
-76
-55
-46
-125
39
135
-13
62
14
-118
3
25
68
-121
50
-9
151
76
-111
26
-61
59
39
48
72
-16
-55
64
10
42
168
-276
41
-86
72
-50
34
88
-48
4
-69
51
3
-159
8
-33
-159
-166
-2
25
32
-97
-269
-115
15
44
28
-26
-187
53
41
-64
-65
-72
-108
-140
-72
-284
-80
-50
13
36
-53
-128
-20
-181
-10
-55
9
-249
21
58
-23
-141
-154
116
86
-313
95
-100
-15
-118
-43
173
76
157
14
-217
-1
63
-20
-94
-58
-228
165
-301
-11
211
12
-25
-198
10
-14
-103
-228
57
16
-100
-149
2
3
-112
-87
-100
43
28
-89
-113
-163
-15
64
88
33
88
-24
47
-99
23
-85
35
-8
-145
53
-20
-64
71
-119
-61
-182
-153
-117
-168
48
-68
-164
-122
-197
31
51
-45
78
14
11
-170
-48
28
13
-29
-74
-81
37
-24
-78
-249
-177
24
44
-39
-19
1
31
-153
-121
-178
-62
86
-335
-66
-146
64
-111
-21
-68
-61
-49
112
-37
-109
-102
-152
15
-71
-17
-9
-16
105
-249
8
99
48
105
-133
54
16
4
-29
92
-203
-201
32
44
61
-149
-79
-42
2
-17
18
-158
-88
49
23
-43
6
-106
-117
65
0
86
-255
-58
-234
46
-82
16
29
-10
61
-66
-100
-56
-43
-69
-113
-193
49
1
-326
42
44
-73
6
12
-42
-136
-137
81
-196
-315
-61
-114
-183
91
-24
-66
101
-67
-51
-170
14
-159
-38
-190
-131
56
-35
-92
70
-197
-244
-131
-25
-71
-9
-43
-109
-27
-54
-282
-278
-59
-59
42
28
49
-127
71
28
-58
-3
82
126
-231
11
-168
-9
46
70
-206
-102
-129
-19
14
91
23
-118
-47
46
-190
-61
-68
-76
-142
-93
-113
116
-281
-61
32
-3
-100
-212
6
-195
-118
26
-173
-53
-185
25
-63
-58
-156
-137
-187
39
11
16
-282
48
87
-42
-69
62
-98
31
-61
-206
-104
-17
-43
-27
19
-45
24
-93
-54
-9
-132
67
-152
-110
-7
-290
-16
-151
-196
-160
-16
45
-58
-97
-158
-5
77
-57
-25
-27
-257
-104
-283
66
-27
-20
220
32
-205
-84
20
-1
53
-238
34
-161
86
-46
-262
24
53
27
-193
-198
-5
52
-45
87
-175
55
84
-59
-210
27
13
43
-255
-47
-185
88
96
-278
68
-5
8
14
77
-124
-29
-39
-45
-179
41
-59
-119
-1
-265
-92
37
58
-135
-2
45
-99
-115
-245
77
-254
12
-17
-20
82
-31
63
50
-111
38
20
-1
-16
-4
-123
-62
-78
-115
59
-180
-283
-195
-210
19
-150
-74
-288
-2
50
-92
-24
48
-14
-126
-63
-104
-147
38
-162
-118
-113
-140
33
25
-194
-86
43
30
-139
79
-267
106
-46
33
61
-87
-84
-272
-225
-185
39
-119
-67
-66
-175
46
-257
-69
-236
98
-10
158
-197
-58
3
66
23
-74
-201
37
52
-25
-75
39
-257
111
-13
-49
30
57
-99
-252
-95
37
-30
51
59
-101
-120
102
-56
-183
59
56
100
20
-4
12
-40
63
51
-32
53
-255
29
-104
26
-70
220
-97
56
-65
148
-6
13
21
49
176
-101
-259
9
-305
-163
13
-190
-73
-96
-181
46
-252
75
100
19
-122
-87
-187
55
156
-17
-157
16
-12
-11
-73
-19
-31
-106
-224
-154
9
-100
18
-314
-73
30
46
87
-43
10
41
-87
-236
-58
218
-206
-56
15
75
-81
-286
28
-183
-3
86
-51
56
-158
-14
-97
-248
-34
60
-355
40
-99
-92
274
-128
-47
-171
176
-107
-24
33
-89
-307
-202
-217
-23
-17
-26
-186
53
21
14
34
-122
77
59
165
44
-184
-3
39
-49
-143
-91
-28
-322
100
-187
-61
-42
-92
-214
-248
-27
-216
24
63
-118
-116
-100
-35
151
42
71
30
61
-277
-181
-53
-111
-36
-29
75
-69
-63
-110
-64
46
169
77
-111
-65
-84
-29
-243
-14
-47
-144
113
-152
44
82
-175
-87
-192
-66
-45
-6
58
26
68
183
190
-270
-16
-255
35
-5
48
-43
-238
-30
36
-30
-73
-18
56
-176
-303
25
-160
-138
47
-149
61
18
-180
-212
-86
-209
-118
-10
-269
-163
58
-38
-78
-273
152
-127
69
-102
27
55
-73
59
43
-8
-61
-30
-25
-23
54
-11
-224
-263
38
-127
-28
-160
87
16
47
-51
34
44
-23
-33
-329
106
1
45
-117
82
47
-58
32
7
-113
-87
-148
-134
-262
22
-198
-17
-163
-183
-49
-283
-146
39
-57
-229
46
45
-227
57
-164
-215
61
-38
39
104
-243
46
-239
-32
42
-279
-98
-210
-50
29
-11
30
-5
19
-88
34
-202
-303
-133
-29
3
68
60
103
-10
58
-104
21
-152
-306
59
-10
-63
-67
44
-115
50
-11
-63
-212
41
38
-218
3
-63
-159
-257
65
3
88
20
-292
-167
42
80
13
-10
-104
-25
37
60
43
8
-229
-74
-124
-89
1
-17
-259
46
-167
-229
-210
3
-41
76
-217
46
215
-131
32
-253
-95
-69
-52
17
101
-13
-267
91
-197
52
37
18
-314
144
-72
34
-29
66
-52
14
-68
-114
-182
-97
-197
26
33
75
-186
45
2
-27
-122
-1
-9
45
-160
35
85
37
-59
61
-149
-195
74
-196
-194
24
-202
36
-133
-121
-192
-5
48
94
-286
272
7
63
-91
47
-46
118
-85
-69
-149
28
-27
-38
45
52
-273
-74
37
3
42
-19
-148
81
51
-97
76
65
4
-26
-260
-13
-227
19
50
-53
47
-235
14
37
-157
-93
7
105
-76
-1
-14
-102
49
75
-20
-52
-164
-315
-191
37
-131
-46
-119
85
76
-111
-9
-16
56
-63
-127
68
-127
-141
-177
20
1
-71
12
100
-8
66
33
-198
-243
-28
71
2
-233
-58
-195
-3
65
46
-219
-80
-160
-162
-66
-28
-224
-198
26
-283
62
7
51
-267
-206
38
-152
-96
-7
-51
-243
-13
98
37
-171
-124
-8
-103
-152
-66
65
-98
-197
-101
-101
-92
-120
-36
-88
89
-225
92
13
156
-20
-16
45
44
-23
-56
-11
-249
95
-7
68
206
77
-203
34
113
63
-117
113
41
18
68
241
29
-323
-76
11
-26
-45
-213
-267
-26
73
-63
14
41
-112
103
56
-59
46
-97
-261
49
-194
-22
-76
41
18
17
58
-160
30
-55
47
-173
-22
-115
30
-69
-14
-47
-183
-29
-13
-95
172
138
57
89
-11
-186
-167
100
163
33
-63
-133
60
-132
-226
14
40
-221
-45
-22
-148
-238
29
-178
23
21
34
-126
-197
-186
-290
17
31
-126
-11
-194
186
-88
-26
8
89
59
38
31
-162
2
-25
-33
24
-245
-125
-3
-237
64
-31
3
-66
-77
-70
-72
46
48
-106
-91
-189
56
-84
-34
11
-186
-154
-10
-167
2
90
-355
63
17
32
-49
-173
-189
84
54
-40
-255
-271
-64
-28
32
60
-269
39
60
-148
30
118
-206
74
-16
-82
-23
-220
81
-37
-38
-218
22
-272
31
-11
23
-224
-107
87
21
-61
57
-91
-79
43
-188
-42
-239
-12
-189
-93
-54
-71
0
-218
-276
45
-67
14
-163
-9
-41
-160
-226
120
-283
49
-95
-27
-46
-3
58
-116
23
20
-50
-15
101
47
-166
21
16
-107
66
-106
-266
-149
30
15
-223
75
-84
-135
69
-111
-140
-43
-221
-175
12
-325
68
-153
-8
61
-198
5
66
53
161
29
29
19
-204
67
64
-118
-93
128
-221
-74
-24
41
-79
-90
-76
73
-128
43
64
-276
-155
-97
-63
-202
42
-86
-92
-346
67
-21
-25
39
-3
55
75
-38
-189
40
74
71
60
14
66
-159
48
17
-192
-44
-87
46
-81
-228
14
84
64
14
-268
-195
-190
-13
88
-237
47
-201
-220
-205
-313
-29
-193
55
-158
52
39
-100
74
-64
47
129
17
-8
-34
-6
-143
136
-97
-1
69
37
-118
17
26
-142
86
-73
44
7
74
113
61
-65
19
59
34
-38
9
40
-15
23
-38
-244
-250
-13
20
47
-13
-66
51
-21
53
-250
45
-68
-148
50
-55
-85
-349
-185
-44
-22
-279
42
23
28
-191
-115
-211
-42
-230
79
27
198
-8
-22
50
-42
-119
34
-69
-32
213
30
1
-196
-201
-210
68
-184
49
24
-120
-41
-87
-214
2
-68
-274
-134
-37
-25
98
3
59
-78
-232
33
54
51
17
-148
-149
39
69
-118
-292
154
18
-73
-19
77
-295
2
-80
-6
-251
73
14
106
74
-4
-134
-15
-9
49
81
-86
1
-245
-91
13
-92
-249
-86
148
-50
40
-148
82
-122
0
-35
-54
-17
16
-155
-194
-349
-299
0
-10
9
42
30
-74
-66
52
-181
71
-157
-88
-147
-49
50
-2
-168
-7
8
24
-36
-69
-202
74
80
-291
84
-128
-97
-167
73
-101
-226
92
-75
-291
39
-97
64
-160
45
29
55
-119
11
12
-3
-43
-7
-4
34
-197
-7
-117
18
27
-36
-196
42
-47
40
-8
-38
-11
4
-148
39
-56
11
-28
48
25
60
-120
65
-227
-123
-46
3
-3
-171
-72
-65
2
30
-69
43
-191
-240
-6
-71
79
76
-24
3
-146
-65
95
52
-63
50
47
51
-92
66
-118
-122
98
-210
23
2
-155
32
-127
-226
-81
-170
77
-249
69
-7
-103
22
-212
-56
-94
11
-121
116
-295
21
42
-227
-46
10
34
76
-36
66
0
129
41
-36
-96
59
-143
-23
-154
55
-205
-296
-147
-108
62
-123
-74
80
45
-216
49
190
-40
-139
-68
-142
-135
-13
-113
88
-205
25
94
-147
50
-169
64
106
99
-88
-74
-112
46
26
-107
11
-95
-165
56
55
-127
0
36
70
80
-99
14
-235
-147
37
-13
-240
95
-190
-36
-101
-126
66
46
24
-188
60
-88
50
82
-33
-235
11
-82
-315
62
-37
49
34
-102
43
3
31
-170
-98
-119
1
-280
-41
4
-213
62
-28
66
-266
-102
-40
-4
-158
55
19
80
-158
-30
226
-33
-16
-84
-205
86
74
82
-159
-347
-214
26
75
131
4
-35
44
-11
-49
-197
-33
-22
-68
-38
-51
-3
-148
-43
-4
-211
-56
8
-38
-262
-189
61
-108
77
-291
34
-92
-178
-139
17
49
42
-50
-59
3
57
7
-105
-135
-149
-124
3
-264
-264
-170
-106
40
61
34
-25
-122
-36
-7
20
-213
47
-2
-30
17
-16
-23
-186
-258
-296
68
20
61
-138
-165
-43
-12
15
-218
18
29
-171
1
8
-48
40
-7
47
41
-87
57
8
-182
89
-30
-52
-283
24
-53
25
65
-172
75
-121
-163
-100
-277
-186
58
-51
-67
59
-223
62
32
42
225
14
63
3
77
-44
-86
-43
-151
64
-156
43
46
61
-141
-124
11
-16
20
57
10
39
-248
-17
-76
82
-164
-188
-149
-79
-7
84
-13
-259
79
26
37
272
42
-45
31
-135
-105
-41
-4
76
-291
36
-243
16
-28
26
-77
-12
85
-61
48
-37
7
-176
-76
32
31
56
-21
-7
-238
-23
-128
-88
-67
-16
-38
52
-73
-84
32
22
34
41
-134
-76
85
-102
36
-59
-135
40
-21
12
-179
-20
11
2
-48
-203
40
49
-3
35
51
74
85
-81
42
-105
30
-225
-102
45
-194
-28
0
101
-12
26
-232
-44
-110
13
59
-282
-43
-89
22
72
18
-32
-261
69
-65
-310
-282
17
7
-19
21
-101
-285
-12
90
-25
-119
1
-3
-15
-145
-237
-22
-43
67
-113
-273
14
68
-58
-143
-83
-54
5
164
3
56
12
165
58
-21
34
-121
-58
-192
51
-123
58
-247
-133
-248
-258
-151
36
-42
-153
40
16
87
30
-346
73
-63
-163
-167
70
5
-6
30
-5
-231
-186
-20
8
-1
-9
92
33
48
-75
31
57
53
57
-87
-295
-30
-92
-231
-1
69
-81
61
-63
67
-90
51
-25
71
-286
29
8
-240
-141
-112
-42
-132
11
-250
-212
20
-227
-121
23
-19
40
-46
44
-19
-175
73
-152
1
-272
-32
2
-18
-228
22
-76
16
66
60
-44
-5
54
50
-28
-84
-69
55
-252
-52
-259
-228
-57
-152
-107
69
-96
-8
-245
14
57
2
19
-196
57
-322
50
-175
-88
-56
39
40
57
55
2
-89
-9
-68
-80
74
-1
-15
22
-63
35
-180
-119
-9
-189
50
-100
-165
42
-5
-53
49
-31
75
-9
74
-121
-31
-92
-15
-253
-66
1
-147
-127
70
-212
57
-84
25
-57
61
45
14
-18
-67
79
-117
-77
-37
-123
-36
-164
-11
3
-215
71
93
-104
57
37
-10
-66
-18
-225
-99
-116
95
53
-107
-147
-145
-170
-85
18
-7
-119
-75
-55
-73
-195
-20
39
-349
14
61
-97
-281
28
-297
14
10
-268
-40
-59
27
-288
-273
-35
-303
-74
73
-128
-44
-14
-167
135
-233
-8
-35
-6
70
157
-7
85
74
52
7
-74
-142
74
-87
128
24
-119
85
-217
36
-137
52
7
13
-60
14
-122
5
-145
-195
-43
-195
-129
18
-308
76
-170
-248
-22
-107
-232
42
-73
-24
-248
-138
62
12
-81
53
-107
-77
84
58
-162
-173
-158
32
-272
36
-80
65
56
-206
16
-104
-72
-112
-269
0
14
-151
-11
-162
-82
-11
203
149
-154
23
-76
-199
-25
-52
-100
-4
37
-102
-35
29
-244
-10
-91
20
-71
21
58
70
-117
45
-33
44
-107
-53
33
28
57
-71
-65
66
28
-114
66
-228
-299
-167
49
-349
56
37
136
90
-84
-80
-149
-26
-5
-21
46
-202
-198
88
-148
287
88
46
1
90
-248
14
18
-86
38
-28
-227
-101
-51
198
-76
34
25
-49
15
-232
11
-130
-260
-43
-116
165
-285
-19
80
-9
48
-32
-153
1
-110
-93
20
-125
-175
-118
-58
0
-31
-55
-171
-44
-50
-84
-13
-172
-206
-36
26
-1
-16
48
24
47
35
-154
-124
-59
28
-25
-58
65
-80
42
-11
-100
-96
-43
-360
-51
14
-329
-28
60
-190
17
-61
59
-249
-118
-82
-135
-253
4
65
90
119
50
-136
79
-306
-94
-175
-143
77
43
69
-64
-141
-182
32
-57
-81
30
-63
-21
-40
-34
-180
58
-24
-51
-159
86
-222
30
-83
-3
-116
-59
106
58
-253
80
-198
-82
-86
-97
62
-90
50
-50
-71
-100
41
182
5
-47
-36
-239
41
-92
44
84
-76
-135
-11
-136
60
-198
-238
-85
-56
41
-29
37
-169
64
-87
13
15
47
-318
-119
88
-30
-262
-305
-87
-99
-10
13
113
-384
51
12
-139
50
41
-12
-111
182
-334
-180
-264
16
71
51
-169
54
-251
-116
-104
-248
-177
85
-45
-206
-273
59
-190
-136
21
-103
8
30
-3
46
68
29
-42
-162
-116
-303
-13
38
-152
77
-8
56
-16
43
-256
-145
-51
-47
-325
-127
-118
-233
-151
48
31
203
-217
-70
116
75
-8
-48
-96
-299
62
-32
-236
57
55
35
-291
18
-217
-16
49
-294
-149
64
-290
-217
-143
-221
8
98
96
56
80
2
30
-226
-233
43
89
24
64
-48
-167
-90
40
220
-71
28
7
-115
70
-303
19
60
41
-187
-46
-313
40
-193
-14
-25
13
34
-115
-238
-291
-112
80
83
48
-140
-245
93
-21
-135
-243
6
43
40
-113
-162
94
-48
0
30
85
-225
-209
-85
-226
-126
-264
49
-69
-45
5
-145
-62
-232
-243
-171
84
-63
12
-42
106
58
79
-41
103
-213
5
-25
1
-314
51
32
-93
200
-90
-217
1
24
96
-54
2
-48
281
84
-21
-157
-98
-85
-188
-176
-146
-12
-175
-111
-96
41
-191
-63
56
76
-19
12
-296
50
-251
-167
11
-68
-185
-225
-52
60
-51
-5
81
110
-6
-232
8
-206
-26
-234
-56
-153
194
-157
64
-96
22
-219
-81
-58
-120
-233
-319
70
44
-221
42
-49
6
-42
-337
-128
-197
-298
0
-6
-87
43
-189
44
-220
-151
-116
-12
47
-97
158
-122
17
56
-44
38
-247
-16
-55
-86
-178
-17
-69
-210
-74
-177
-197
14
65
-114
-50
51
-26
55
13
114
66
-111
-123
-207
-73
179
60
-52
163
-69
-127
5
-12
-132
-54
-103
-26
-8
-223
2
20
-98
-54
77
91
9
68
75
-255
15
-26
-64
7
14
-77
-106
71
-141
52
-77
-5
12
45
49
53
73
12
175
-54
24
24
54
-238
-7
41
-45
-134
-96
-63
-43
38
-35
-83
66
112
7
34
9
-212
-166
-65
4
27
-179
188
-222
42
-76
9
3
-80
-38
-4
90
-218
42
-54
-289
-56
-168
-201
-1
39
16
-147
-177
66
-119
165
98
-99
24
11
-69
77
11
-117
-103
-3
-116
-54
-187
-241
-14
-234
35
98
-83
-14
-9
-99
-114
-153
-84
30
-103
-44
-78
46
-73
63
-45
-50
86
11
-28
-44
37
-313
-262
-69
-120
23
-270
113
-212
42
-116
-25
-71
-108
-20
-61
-68
37
-39
-95
106
-5
76
132
84
45
-211
-12
21
-180
30
75
43
56
-131
-175
-235
-50
-112
47
-68
35
-32
-201
79
-291
12
64
49
31
-295
92
182
121
-23
-271
-47
-31
-71
-12
33
39
80
39
-219
-158
-227
94
-243
12
-36
-126
44
-55
-15
-1
8
51
-152
39
163
-35
91
30
61
-56
-63
31
4
-172
-44
-269
-22
-9
-224
-126
55
-57
-8
-207
25
-349
-216
22
-275
-189
66
30
42
3
-184
-72
17
128
-139
-46
-192
25
-169
-57
-92
38
-21
56
-126
-163
-41
175
-36
-32
23
-116
28
49
92
167
-108
1
31
-44
12
40
-308
78
-156
-42
-223
272
42
80
75
-98
-215
-129
57
30
-87
103
3
71
86
-55
-120
-1
52
50
61
-26
-88
57
14
-131
50
44
-136
-20
-17
47
-15
44
57
-148
17
-106
65
-44
-21
-246
-153
-105
4
-4
79
-73
-58
3
34
102
-218
59
-113
-136
5
60
-87
72
-88
3
43
-106
35
47
-122
67
-30
-170
-12
-20
-167
-102
281
59
91
-67
-138
-168
-19
44
52
-214
47
45
-271
-72
2
-54
7
11
82
30
92
28
24
-4
66
21
-111
-24
-213
-14
-268
-166
-157
-28
-190
79
3
-86
-25
-33
-69
-165
-69
-273
22
33
76
35
82
47
85
-297
48
-6
-190
-48
49
56
-176
60
-150
39
42
-238
73
-11
-60
72
-166
-36
58
39
95
-308
46
82
-108
14
70
40
-319
-4
9
47
7
-63
11
2
-205
-183
-37
-49
-148
43
3
33
-92
42
17
-16
66
60
-63
-108
144
-168
-305
67
25
56
57
37
77
-23
-136
-4
-59
48
-209
41
7
95
206
-2
86
171
-50
40
-193
79
-87
-30
-197
-122
-12
40
-189
-171
-186
-134
-49
81
27
-43
21
-40
43
-107
-124
56
-212
40
-250
18
72
-82
17
-19
-48
47
118
47
14
23
45
101
49
167
-21
47
-1
-126
-107
-65
-255
-148
-8
-144
71
12
-175
63
-285
-113
-232
61
33
-119
3
-126
67
46
234
-37
-111
53
-29
-210
54
-198
-148
153
-190
-3
-163
35
107
-202
-273
-149
26
-77
-100
-65
-91
68
-23
-23
-13
-116
28
-58
10
-189
-153
-86
-194
-255
33
60
-108
-100
40
-295
-91
-69
-41
-152
-204
-255
-123
-34
61
-10
-174
-229
44
-218
14
-118
106
-117
26
-18
163
11
-36
-202
64
4
-269
242
-114
-58
40
30
-141
-61
31
63
-59
-305
52
16
49
30
-99
48
21
49
-54
15
103
-90
-46
-224
63
-65
47
-217
-229
28
218
-271
36
-159
200
14
18
215
-19
2
-88
-26
-42
-332
38
-239
-194
-6
38
107
-158
13
-112
-47
45
-184
-221
107
-69
-100
38
-68
-273
84
68
-85
-305
-201
-146
-113
-149
-70
81
-176
79
-66
-121
-92
39
75
-244
73
-102
78
-96
-113
-139
-26
12
85
-1
-107
22
-66
-32
234
193
-3
-11
-44
31
64
54
45
45
-16
34
6
10
-38
-150
117
57
-213
33
45
-124
-170
-295
-96
100
-3
55
-21
-225
-88
-53
-40
165
-201
-217
66
-3
-52
-1
-119
-143
-142
75
67
172
-6
21
-100
-35
-35
142
42
-80
-26
65
-15
104
-74
-68
-104
11
-229
3
-98
73
67
22
-32
22
27
-163
-106
-232
61
63
13
-2
20
71
-188
-74
38
-26
-165
-139
-49
-10
-62
-100
-74
104
27
-178
41
-24
152
-173
-121
-24
-38
-128
-35
-271
-106
-20
138
10
-101
-74
48
-96
-252
-92
-1
-40
-116
-167
-3
-101
-9
37
94
89
-9
-97
-36
-123
-156
-160
-186
-99
66
-36
-138
-59
-183
0
56
51
-3
20
56
-186
-101
50
61
-35
-21
-49
70
27
-118
-87
-161
-191
54
-13
-150
-55
-50
-21
24
-107
30
54
78
-100
-55
70
-47
-191
-102
-98
34
13
55
28
-168
66
-132
-14
-27
-62
43
-58
-149
-185
-7
17
49
163
-144
-10
69
25
-86
5
121
-125
-281
-38
-39
-145
-9
-254
34
-71
-139
-271
77
45
-93
18
-203
-291
65
73
58
42
68
-60
49
-212
-67
-231
1
26
-91
-207
40
-177
-130
-184
179
-194
-244
-276
16
14
-190
53
63
-84
59
-54
56
182
177
-55
-37
-4
17
-180
39
-153
-130
-17
-116
-115
38
7
69
-322
-3
-133
26
75
54
-52
-170
67
129
23
-100
-11
-10
-299
4
-46
63
-70
-240
18
21
42
81
22
99
-120
-98
-252
53
46
65
-183
-135
-154
-242
-283
13
-163
9
-18
41
-79
10
-198
