-92
-76
-101
-111
-74
-79
-70
-110
-83
-50
-72
-53
-70
-26
-85
-76
-84
-94
-73
-38
-56
-54
-56
-69
-40
-76
-58
-119
-71
-76
-81
-81
-89
-94
-92
-90
-55
-73
-27
-98
-80
-104
-93
-59
-55
-76
-55
-97
-114
-53
-79
-113
-85
-42
-66
-48
-39
-51
-117
-84
-79
-77
-57
-78
-102
-57
-78
-98
-45
-65
-93
-117
-66
-69
-95
-60
-71
-106
-61
-105
-92
-78
-68
-61
-81
-72
-41
-56
-100
-99
-85
-57
-41
-61
-70
-93
-69
-104
-10
-28
-107
-107
-94
-90
-32
-65
-76
-65
-53
-77
-74
-68
-77
-64
-92
-84
-55
-88
-44
-95
-38
-114
-110
-58
-55
-29
-69
-66
-54
-73
-100
-27
-80
-85
-72
-117
-73
-83
-81
-101
-51
-69
-45
-59
-31
-86
-52
-85
-35
-73
-53
-74
-68
-74
-71
-50
-82
-77
-77
-95
-43
-99
-95
0
-49
-83
-69
-55
-98
-45
-116
-61
-54
-56
-61
-106
-75
-94
-74
-69
-63
-65
-93
-42
-46
-57
-71
-61
-66
-80
-73
-119
-59
-70
-60
-114
-58
-76
-106
-54
-63
-79
-95
-54
-23
-81
-111
-91
-88
-115
-76
-40
-69
-72
-33
-42
-104
-47
-95
-77
-106
-57
-81
-49
-85
-101
-54
-73
-66
-116
-78
-49
-76
-69
-73
-105
-109
-95
-101
-100
-102
-126
-127
-96
-111
-95
-84
-86
-60
-100
-48
-69
-54
-62
-82
-97
-49
-78
-62
-84
-40
-72
-55
-112
-27
-77
-50
-87
-44
-33
-99
-59
-115
-76
-78
-106
-91
-101
-65
-85
-46
-75
-57
-76
-104
-72
-104
-55
-87
-92
-61
-69
-106
-75
-78
-96
-113
-53
-70
-86
-87
-21
-65
-71
-64
-78
-92
-92
-43
-52
-72
-88
-88
-80
-44
-104
-31
-81
-79
-129
-53
-93
-66
-70
-80
-86
-92
-77
-77
-79
-85
-64
-22
-20
-41
-77
-72
-82
-50
-80
-39
-61
-53
-63
-58
-105
-41
-57
-40
-65
-48
-89
-51
-72
-106
-85
-66
-124
-35
-85
-62
-59
-72
-53
-72
-110
-38
-81
-85
-57
-93
-67
-72
-74
-77
-42
-44
-89
-110
-54
-85
-80
-70
-68
-109
-73
-58
-82
-109
-83
-90
-65
-38
-57
-72
-69
-51
-72
-95
-85
-64
-47
-94
-85
-63
-73
-57
-77
-105
-41
-97
-66
-58
-58
-103
-92
-41
-63
-54
-83
-54
-88
-87
-60
-69
-75
-83
-35
-40
-115
-85
-42
-101
-51
-86
-72
-61
-77
-90
-62
-84
-70
-107
-59
-97
-81
-91
-109
-94
-67
1
-66
-87
-70
-74
-43
-93
-94
-35
-124
-66
-45
-56
-70
-92
-52
-73
-80
-110
-104
-90
-102
-48
-96
-66
-69
-81
-79
-60
-42
-92
-102
-97
-58
-47
-68
-82
-108
-57
-55
-63
-84
-107
-79
-100
-68
-43
-59
-56
-74
-74
-66
-72
-61
-95
-125
-19
-59
-58
-37
-48
-113
-75
-29
-69
-58
-70
-87
-79
-71
-94
-96
-62
-74
-48
-59
-88
-83
-82
-65
-50
-29
-78
-86
-93
-60
-34
-65
-102
-79
-100
-80
-84
-123
-89
-41
-79
-94
-72
-47
-79
-61
-58
-20
-68
-81
-118
-53
-64
-25
-69
-85
-38
-94
-70
-87
-72
-54
-98
-57
-84
-70
-40
-94
-48
-60
-93
-67
-55
-123
-97
-40
-49
-96
-88
-66
-82
-64
-92
-61
-57
-83
-93
-104
-87
-86
-57
-64
-74
-100
-41
-105
-84
-111
-85
-105
-65
-134
-54
-41
-82
-35
-99
-52
-46
-115
-44
-36
-98
-88
-86
-59
-57
-78
-63
-84
-72
-73
-99
-75
-78
-73
-94
-43
-68
-119
-100
-91
-88
-115
-105
-66
-95
-68
-100
-71
-113
-48
-108
-111
-85
-76
-40
-70
-55
-73
-72
-131
-130
-102
-57
-43
-44
-58
-54
-77
-84
-107
-72
-57
-79
-100
-93
-62
-76
-94
-73
-90
-54
-97
-56
-93
-87
-82
-84
-52
-66
-89
-73
-56
-83
-85
-105
-54
-31
-26
-42
-61
-72
-107
-85
-105
-65
-44
-95
-62
-102
-116
-121
-59
-63
-72
-61
-61
-64
-55
-101
-69
-48
-60
-73
-85
-65
-76
-70
-67
-82
-97
-67
-79
-40
-100
-96
-73
-37
-68
-43
-59
-88
-74
-80
-95
-116
-89
-108
-42
-32
-61
-75
-49
-57
-78
-60
-61
-58
-78
-67
-45
-75
-70
-95
-86
-121
-61
-75
-96
-80
-69
-23
-68
-70
-87
-103
-59
-7
-106
-80
-100
-71
-27
-49
-65
-53
-85
-89
-54
-76
-77
-83
-52
-55
-63
-73
-47
-36
-49
-111
-36
-44
-69
-48
-99
-89
-91
-67
-45
-62
-81
-56
-48
-68
-79
-70
-45
-30
-55
-96
-84
-97
-76
-117
-42
-68
-62
-107
-56
-71
-67
-29
-66
-74
-83
-62
-54
-42
-66
-77
-109
-40
-89
-53
-90
-76
-46
-57
-69
-67
-63
-71
-69
-74
-62
-114
-67
-33
-52
-48
-20
-113
-61
-40
-114
-28
-99
-52
-83
-74
-96
-109
-96
-58
-88
-75
-71
-63
-59
-75
-49
-95
-39
-48
-55
-49
-126
-92
-95
-60
-84
-76
-112
-78
-79
-64
-62
-40
-98
-103
-100
-50
-102
-57
-67
-96
-72
-68
-53
-94
-65
-104
-59
-90
-118
-90
-83
-76
-55
-60
-72
-60
-62
-45
-68
-40
-59
-85
-65
-75
-86
-90
-76
-65
-56
-65
-92
-65
-47
-84
-89
-45
-83
-134
-48
-26
-97
-77
-33
-90
-77
-69
-72
-78
-75
-43
-82
-75
-114
-130
-72
-58
-103
-106
-74
-134
-63
-69
-77
-76
-60
-80
-78
-46
-78
-47
-41
-87
-82
-81
-97
-42
-74
-84
-40
-102
-67
-43
-67
-66
-121
-85
-63
-36
-110
-31
-89
-116
-70
-92
-61
-90
-76
-41
-39
-74
-77
-79
-64
-88
-84
-95
-29
-72
-49
-30
-130
-76
-103
-118
-46
-62
-80
-65
-59
-29
-89
-88
-118
-71
-61
-95
-102
-55
-58
-92
-115
-143
-63
-65
-58
-79
-47
-79
-73
-82
-88
-41
-61
-66
-79
-95
-82
-93
-66
-63
-71
-75
-58
-85
-114
-66
-40
-67
-79
-123
-86
-77
-93
-124
-65
-79
-77
-106
-73
-74
-74
-70
-120
-79
-73
-88
-35
-25
-115
-50
-87
-63
-52
-51
-96
-79
-46
-45
-75
-69
-78
-78
-70
-38
-72
-31
-55
-108
-59
-93
-105
-68
-84
-75
-44
-95
-83
-68
-103
-75
-88
-50
-104
-63
-84
-90
-56
-84
-70
-59
-48
-99
-94
-81
-91
-84
-92
-74
-77
-69
-103
-57
-99
-78
-61
-85
-121
-80
-56
-48
-91
-42
-64
-46
-77
-62
-117
-38
-77
-104
-51
-71
-138
-55
-63
-77
-125
-41
-50
-36
-86
-54
-51
-102
-85
-63
-106
-69
-84
-105
-79
-85
-53
-40
-57
-65
-64
-83
-80
-29
-84
-75
-47
-70
-48
-74
-104
-64
-45
-95
-79
-19
-83
-95
-61
-106
-80
-70
-60
-47
-75
-81
-66
-91
-86
-58
-106
-54
-84
-67
-60
-82
-85
-104
-76
-95
-80
-89
-76
-108
-68
-118
-22
-75
-72
-68
-42
-39
2
-91
-48
-48
-82
-83
-64
-90
-73
-106
-89
-91
-123
-59
-68
-83
-58
-69
-70
-17
-48
-55
-12
-107
-70
-68
-43
-120
-42
-46
-75
-93
-84
-89
-97
-88
-96
-51
-106
-90
-37
-132
-76
-105
-93
-112
-32
-75
-101
-111
-89
-81
-105
-93
-86
-106
-77
-65
-91
-63
-66
-90
-65
-47
-10
-52
-123
-61
-43
-76
-39
-87
-50
-43
-102
-73
-108
-74
-86
-73
-106
-44
-76
-82
-63
-122
-86
-61
-40
-112
-74
-119
-65
-67
-77
-89
-79
-73
-95
-123
-78
-102
-82
-110
-83
-80
-82
-66
-69
-42
-93
-41
-82
-103
-80
-89
-86
-79
-121
-98
-66
-80
-74
-62
-55
-97
-69
-96
-89
-62
-51
-110
-57
-74
-70
-65
-91
-56
-64
-89
-57
-53
-124
-80
-83
-96
-82
-42
-57
-36
-101
-82
-116
-64
-84
-95
-58
-116
-102
-52
-71
-95
-88
-44
-75
-89
-75
-70
-83
-97
-118
-27
-63
-53
-93
-57
-93
-102
-68
-69
-67
-100
-42
-53
-127
-118
-84
-55
-55
-25
-51
-83
-54
-74
-42
-82
-49
-70
-87
-43
-49
-77
-53
-73
-91
-53
-97
-68
-88
-63
-76
-104
-57
-91
-90
-91
-44
-43
-58
-48
-67
-69
-89
-46
-50
-56
-109
-81
-50
-101
-81
-85
-78
-85
-72
-73
-63
-49
-81
-110
-53
-46
-75
-108
-91
-99
-76
-90
-37
-33
-63
-62
-93
-50
-80
-71
-77
-58
-84
-54
-82
-38
-48
-19
-53
-86
-94
-103
-70
-93
-52
-95
-96
-73
-90
-105
-77
1
-78
-97
-46
-98
-82
-47
-65
-62
-78
-100
-81
-79
-74
-70
-53
-77
-85
-82
-64
-86
-82
-83
-76
-73
-84
-69
-76
-82
-32
-65
-36
-65
-86
-90
-64
-79
-54
-94
-68
-77
-105
-102
-106
-65
-76
-67
-31
-93
-39
-83
-105
-65
-71
-76
-105
-74
-97
-61
-97
-75
-106
-69
-77
-51
-64
-44
-107
-81
-118
-83
-50
-33
-48
-30
-96
-74
-76
-39
-110
-76
-101
-96
-46
-86
-140
-88
-68
-91
-65
-49
-52
-80
-45
-48
-65
-59
-90
-116
-119
-73
-76
-60
-91
-46
-56
-70
-69
-86
-63
-106
-39
-83
-108
-27
-76
-103
-61
-35
-110
-102
-105
-74
-78
-23
-73
-78
-67
-68
-82
-66
-110
-106
-63
-55
-96
-44
-43
-86
-58
-74
-60
-23
-89
-74
-62
-67
-66
-84
-95
-111
-49
-61
-37
-71
-59
-98
-28
-27
-95
-64
-84
-51
-65
-62
-43
-38
-80
-146
-83
1
-54
-77
-79
-35
-37
-73
-98
-70
-84
-80
-99
-102
-49
-61
-85
-115
-84
-53
-54
-89
-103
-43
-88
-89
-57
-91
-82
-74
-89
-70
-107
-43
-69
-62
-115
-56
-68
-64
-85
-78
-74
-99
-91
-80
-41
-71
-36
-105
-46
-78
-65
-82
-95
-72
-107
-50
-78
-75
-139
-76
-76
-91
-76
-79
-60
-81
-112
-69
-89
-57
-90
-51
-104
-83
-73
-90
-44
-54
-67
-82
-67
-92
-34
-88
-102
-87
-58
-79
-96
-76
-111
-55
-79
-113
-65
-73
-67
-49
-61
-76
-91
-74
-53
-106
-61
-105
-127
-75
-77
-74
-82
-113
-73
-140
-79
-79
-87
-76
-76
-61
-86
-58
-47
-108
-119
-53
-53
-76
-92
-75
-57
-113
-61
-69
-43
-98
-86
-75
-82
-74
-87
-89
-122
-106
-92
-64
-45
-76
-57
-90
-130
-41
-88
-60
-51
-67
-54
-50
-64
-52
-86
-52
-31
-78
-94
-116
-77
-42
-84
-85
-84
-103
-48
-48
-95
-93
-75
-106
-112
-102
-99
-55
-66
-57
-63
-81
-96
-105
-98
-102
-82
-71
-109
-80
-40
-122
-60
-104
-113
-5
-47
-58
-95
-132
-45
-98
-84
-95
-138
-69
-104
-43
-63
-98
-63
-67
-133
-78
-64
-103
-80
-98
-91
-55
-73
-83
-89
-15
-59
-46
-111
-111
-59
-76
-60
-94
-86
-52
-95
-21
-64
-76
-90
-51
-44
-79
-68
-88
-91
-20
-81
-77
-53
-95
-91
-120
-94
-48
-60
-84
-89
-79
-78
-86
-61
-41
-88
-103
-51
-95
-102
-27
-87
-42
-66
-49
-68
-16
-79
-78
-58
-84
-74
-91
-60
-89
-65
-50
-79
-26
-56
-53
-63
-67
-89
-108
-62
-135
-44
-75
-89
-86
-97
-78
-86
-55
-122
-63
-82
-67
-83
-41
-32
-57
-111
-93
-84
-29
-83
-83
-92
-57
-71
-24
-82
-95
-79
-60
-58
-64
-89
-76
-81
-72
-96
-96
-40
-57
-26
-107
-81
-86
-77
-79
-91
-104
-117
-103
-21
-103
-80
-103
-65
-89
-80
-53
-79
-66
-84
-80
-57
-76
-48
-24
-78
-110
-33
2
-69
-86
-75
-60
-91
-91
-75
-72
-105
-91
-87
-85
-39
-68
-131
-72
-96
-108
-82
-44
-97
-66
-70
-110
-36
-109
-74
-79
-82
-94
-65
-47
-86
-97
-65
-49
-89
-50
-60
-69
-109
-52
-76
-62
-84
-87
-110
-73
-96
-89
-84
-85
-96
-72
-74
-74
-80
-86
-68
-54
-53
-40
-47
-92
-65
-72
-1
-107
-46
-41
-63
-56
-69
-92
-63
-52
-106
-99
-43
-64
-57
-92
-80
-78
-83
-81
-55
-33
-96
-43
-98
-74
-95
-81
-120
-72
-107
-90
-73
-66
-75
-96
-141
-95
-74
-58
-59
-86
-70
-84
-111
-13
-128
-73
-84
-90
-66
-51
-79
-48
-67
-62
-103
-71
-62
-78
-57
-107
-87
-10
-59
-73
-55
-5
-80
-67
-64
-80
-57
-116
-64
-58
-53
-110
-68
-117
-55
-61
-62
-61
-59
-58
-78
-78
-10
-59
-64
-73
-58
-107
-76
-54
-81
-74
-71
-58
-73
-100
-66
-81
-78
-63
-31
-43
-86
-60
-105
-121
-119
-50
-69
-61
-70
-63
-36
-69
-74
-76
-124
-45
-40
-86
-67
-72
-104
-71
-79
-85
-93
-60
-72
-88
-130
-94
-71
-28
-78
-109
-84
-45
-93
-97
-46
-87
-96
-80
-89
-53
-76
-95
-112
-74
-92
-72
-58
-57
-74
-99
-69
-86
-18
-101
-60
-79
-104
-52
-72
-44
-79
-63
-81
-45
-107
-87
-33
-101
-70
-84
-89
-83
-87
-47
-69
-84
-82
-37
-26
-85
-29
-85
-29
-76
-69
-63
-92
-57
-82
-92
-101
-49
-83
-103
-69
-82
-54
-111
-70
-63
-91
-68
-57
-54
-83
-65
-96
-84
-87
-21
-114
-23
-53
-66
-37
-63
-71
-65
-53
-90
-18
-101
-97
-72
-57
-60
-57
-88
-61
-97
-72
-91
-100
-66
-80
-53
-95
-94
-66
-88
-52
-85
-89
-63
-91
-71
-74
-126
-91
-104
-117
-93
-82
-54
-89
-67
-74
-76
-84
-109
-65
-83
-69
-59
-48
-103
-61
-76
-75
-49
-23
-65
-94
-85
-105
-61
-49
-47
-37
-68
-110
-55
-80
-85
-39
-70
-24
-55
-53
-40
-101
-62
-75
-54
-49
-70
-98
-68
-50
-85
-95
-96
-39
-88
-93
-90
-48
-84
-78
-35
-27
-59
-84
-85
-66
-87
-89
-99
-85
-58
-101
-95
-97
-101
-49
-91
-86
-89
-105
-94
-67
-56
-75
-56
-100
-111
-81
-35
-89
-98
-65
-91
-76
-93
-76
-86
-104
-111
-77
-107
-75
-81
-54
-50
-77
-56
-103
-111
-84
-55
-61
-78
-25
-76
-36
-61
-26
-61
-45
-35
-81
-101
-100
-87
-76
-85
-76
-72
-87
-27
-84
-51
-72
-4
-46
-83
-36
-48
-85
-106
-71
-77
-86
-103
-53
-57
-71
-84
-76
-98
-47
-89
-76
-57
-53
-45
-61
-64
-89
-72
-58
-97
-97
-116
-96
-1
-103
-84
-26
-76
-92
-35
-73
-58
-76
-69
-79
-60
-85
-57
-83
-49
-88
-85
-76
-71
-90
-74
-81
-98
-54
-47
-91
-42
-45
-102
-94
-43
-121
-87
-46
-80
-79
-96
-103
-73
-96
-96
-90
-93
-69
-86
-39
-92
-101
-88
-63
-93
-91
-106
-95
-77
-48
-64
-104
-35
-29
-87
-69
-65
-91
-27
-68
-70
-74
-98
-138
-46
-32
-86
-75
-61
-45
-58
-62
-77
-71
-74
-90
-53
-66
-74
-103
-113
-36
-73
-74
-78
-64
-56
-41
-82
-60
-60
-87
-80
-82
-140
-49
-106
-67
-56
-83
-76
-107
-72
-85
-73
-45
-88
-134
-42
-43
-73
-111
-93
-99
-107
-47
-59
-99
-73
-59
-74
-54
-74
-136
-68
-76
-60
-74
-60
-103
-63
-70
-68
-53
-77
-55
-96
-53
-78
-81
-112
-51
-86
-76
-42
-45
-83
-86
-40
-91
-102
-77
-90
-86
-66
-70
-47
-69
-109
-57
-71
-53
-77
-86
-52
-59
-79
-152
-48
-99
-97
-55
-60
-83
-106
-98
-27
-54
-55
-87
-105
-82
-107
-106
-101
-79
-53
-92
-79
-55
-80
-89
-52
-102
-93
-49
-68
-69
-37
-85
-124
-83
-51
-68
-88
-48
-114
-117
-91
-95
-72
-82
-48
-53
-85
-73
-118
-69
-64
-71
-61
-83
-64
-66
-98
-69
-118
-92
-37
-106
-71
-105
-78
-24
-61
-85
-105
-95
-90
-75
-100
-58
-58
-87
-44
-38
-49
-50
-59
-69
-26
-64
-103
-78
-73
-87
-82
-101
-88
-62
-83
-64
-60
-86
-62
-80
-107
-108
-95
-85
-65
-56
-83
-76
-88
-56
-62
-60
-70
-28
-76
-87
-74
-114
-73
-60
-71
-92
-97
-86
-73
-88
-70
-85
-59
-74
-35
-68
-82
-80
-111
-66
-55
-91
-40
-99
-61
-86
-82
-73
-99
-97
-65
-63
-86
-48
-77
-100
-55
-67
-74
-55
-98
-23
-114
-70
-84
-76
-80
-88
-34
-76
-134
-99
-79
-62
-26
-71
-76
-98
-36
-43
-69
-100
-119
-105
-70
-44
-58
-85
-88
-34
-72
-59
-59
-117
-47
-86
-52
-64
-85
-28
-74
-104
-51
-74
-79
-104
-90
-55
-82
-73
-56
-95
-80
-62
-89
-70
-90
-76
-92
-59
-74
-103
-69
-89
-59
-85
-49
-84
-47
-66
-89
-106
-33
-94
-46
-93
-85
-47
-103
-55
-91
-99
-37
-110
-56
-71
-80
-86
-80
-79
-96
-67
-98
-89
-77
-52
-120
-91
-66
-77
-73
-95
-21
-67
-39
-95
-94
-66
-95
-61
-108
-130
-93
-71
-83
-80
-73
-59
-74
-80
-70
-79
-76
-97
-75
-110
-79
-92
-77
-82
-54
-26
-66
-80
-59
-58
-43
-57
-96
-71
-59
-45
-91
-49
-93
-43
-72
-67
-64
-59
-86
-47
1
-96
-103
-33
-85
-54
-82
-35
-29
-79
-53
-96
-66
-70
-66
-95
-62
-84
-66
-71
-88
-70
-78
-69
-99
-49
-79
-94
-69
-82
-27
-30
-90
-31
-96
-67
-90
-117
-84
-74
-54
-85
-70
-54
-98
-86
-140
-84
-85
-64
-58
-87
-110
-88
-44
-119
-68
-61
-47
-115
-98
-110
-61
-116
-80
-82
-105
-51
-102
-54
-105
-66
-93
-96
-106
-88
-105
-51
-72
-67
-131
-61
-67
-63
-77
-114
-50
-89
-68
-50
-88
-76
-58
-88
-84
-81
-55
-78
-28
-38
-105
-82
-77
-57
-2
-66
-98
-75
-60
2
-85
-81
-80
-82
-67
-95
-79
-59
-121
-72
-82
-79
-44
-108
-67
-59
-56
-73
-40
-48
-85
-105
-90
-98
-95
-103
-89
-95
-79
-63
-79
-132
-106
-71
-97
-73
-79
-78
-52
-79
-94
-83
-36
-69
-26
-98
-33
-64
-43
-88
-114
-94
-56
-106
-74
-65
-49
-33
-96
-22
-75
-89
-106
-108
-88
-53
-89
-95
-98
-89
-87
-63
-45
-50
-74
-84
-94
-107
-26
-64
-95
-51
-21
-15
-89
-45
-51
-86
-73
-78
-82
-86
-87
-78
-39
-74
-31
-94
-80
-113
-116
-52
-40
-87
-79
-79
-80
-72
-104
-89
-107
-53
-64
-100
-113
-89
-101
-83
-57
-85
-63
-86
-45
-72
-49
-95
-101
-114
-68
-74
-52
-86
-66
-33
-45
-101
-91
-92
-34
-63
-62
-88
-81
-47
-34
-62
-69
-83
-67
-84
-81
-83
-65
-91
-124
-39
-126
-53
-72
-36
-74
-35
-49
-42
-19
-79
-70
-49
-100
-56
-26
-66
-70
-55
-75
-89
-95
-79
-74
-69
-96
-76
-69
-75
-91
-91
-67
-49
-68
-84
-19
-97
-52
-84
-93
-61
-97
-37
-82
-84
-63
-38
-65
-83
-40
-60
-55
-59
-59
-75
-91
-62
-40
-86
-50
-56
-46
-55
-71
-37
-100
-90
-100
-33
-67
-63
-37
-84
-92
-58
-83
-84
-86
-69
-84
-117
-75
-65
-64
-69
-52
-118
-44
-82
-101
-59
-53
-36
-65
-102
-92
-61
-63
-62
-95
-100
-76
-87
-88
-46
-56
-82
-65
-152
-46
-97
-52
-56
-96
-80
-71
-93
-74
-84
-93
-78
-77
-97
-59
-84
-89
-76
-120
-43
-31
-56
-105
-106
-89
-89
-69
-102
-65
-106
-41
-90
-67
-66
-73
-64
-72
-45
-98
-91
-87
-70
-80
-47
-17
-129
-78
-35
-56
-109
-92
-95
-75
-76
-81
-121
-68
-73
-99
-62
-70
-86
-47
-120
-91
-70
-70
-96
-53
-79
-71
-70
-104
-91
-75
-47
-95
-93
-60
-95
-68
-67
-72
-65
-98
-66
-73
-65
-118
-88
-54
-88
-54
-48
-57
-42
-66
-54
-105
-29
-100
-79
-80
-46
-95
-75
-114
-79
-82
-61
-42
-118
-87
-77
-53
-81
-37
-61
-86
-85
-79
-90
-80
-49
-43
-48
-99
-60
-40
-69
-107
-78
-27
-107
-89
-104
-39
-46
-99
-86
-66
-69
-72
-64
-31
-78
-89
-45
-124
-72
-56
-57
-78
-95
-86
-91
-88
-76
-89
-96
-58
-82
-64
-75
-64
-91
-99
2
-118
-76
-84
-97
-90
-26
-118
-73
-78
-92
-58
-47
-38
-53
-51
-58
-85
-75
-74
-69
-85
-58
-71
-95
-83
-57
-50
-53
-111
-80
-98
-58
-77
-87
-38
-68
-82
-121
-75
-49
-91
-87
-67
-62
-72
-35
-42
-77
-79
-36
-86
-71
-15
-53
-59
-93
-74
-56
-59
-32
-69
-83
-103
-52
-65
-94
-53
-56
-113
-12
-25
-79
-85
-97
-40
-30
-9
-42
-95
-63
-86
-66
-95
-90
-73
-77
-81
-83
-98
-97
-29
-82
-43
-36
-87
-90
-127
-69
-64
-104
-72
-98
-65
-102
-51
-85
-124
-65
-96
-67
-95
-41
-86
-101
-40
-73
-69
-92
-63
-94
-86
-113
-94
-20
-47
-55
-71
-46
-77
-12
-76
-76
-45
-96
-107
-90
-47
-60
-58
-41
-52
-45
-90
-57
-57
-92
-86
-46
-77
-104
-86
-59
-23
-74
-45
-64
-67
-52
-84
-117
-57
-73
-107
-56
-58
-92
-71
-75
-86
-71
-86
-59
-103
-101
-92
-36
-52
-62
-63
-98
-44
-69
-78
-69
-76
-69
-85
-69
-70
-86
-106
-87
-98
-88
-26
-74
-50
-92
-79
-59
-83
-98
-63
-50
-52
-103
-39
-86
-95
-61
-102
-45
-64
-49
-75
-80
-69
-53
-76
-82
-57
-56
-16
-102
-89
-52
-45
-64
-53
-79
-98
-126
-93
-82
-72
-56
-87
-84
-73
-56
-82
-46
-69
-58
-104
-117
-74
-61
-87
-86
-63
-95
-78
-69
-131
-59
-79
-128
-79
-117
-96
-73
-88
-59
-40
-109
-63
-86
-30
-74
-60
-80
-51
-50
-91
-76
-70
-67
-70
-85
-55
-81
-95
-74
-96
-90
-83
-52
-51
-56
-107
-86
-60
-70
-56
-40
-107
-126
-78
-77
-42
-120
-69
-62
-49
-69
-96
-88
-43
-83
-58
-80
-80
-81
-29
-45
-57
-62
-46
-79
-56
-35
-80
-40
-111
-116
-36
-105
-51
-104
-100
-75
-93
-52
-97
-74
-95
-94
-110
-94
-53
-68
-106
-97
-121
-69
-125
-63
-66
-76
-89
-68
-72
-43
-61
-69
-41
-84
-64
-39
-54
-89
-47
-89
-44
-105
-83
-50
-120
-72
-88
-74
-106
-76
-77
-58
-70
-67
-93
-59
-75
-78
-63
-76
-51
-67
-85
-42
-72
-47
-42
-90
-109
-31
-91
-105
-88
-88
-39
-87
-49
-102
-101
-63
-93
-89
-94
-72
-79
-63
-75
-62
-67
-40
-64
-57
-49
-82
-35
-55
-104
-89
-103
-46
-86
-63
-102
-82
-66
-55
-90
-68
-103
-113
-20
-105
-111
-62
-95
-54
-50
-62
-80
-102
-73
-51
-82
-107
-64
-80
-84
-21
-103
-50
-68
-108
-87
-55
-74
-114
-49
-94
-77
-73
-131
-33
-75
-65
-74
-61
-78
-62
-88
-86
-75
-41
-55
-44
-67
-93
-60
-69
-48
-73
-94
-82
-65
-53
-88
-45
-102
-92
-35
-61
-64
-46
-73
-116
-68
-119
-82
-62
-47
-88
-72
-81
-59
-39
-81
-86
-59
-89
-66
-115
-86
-97
-83
-45
-73
-50
-102
-47
-85
-74
-68
3
-50
-52
-42
-135
-60
-81
-72
-79
-86
-41
-118
-69
-88
-107
-112
-139
-17
-69
-74
-93
-73
-53
-43
-121
-61
-74
-77
-63
-55
-74
-105
-84
-102
-79
-88
-114
-62
-86
-91
-66
-91
-98
-73
-81
-85
-54
-49
-28
-82
-59
-83
-31
-59
-66
-77
-87
-25
-39
-66
-61
-107
-65
-116
-118
-62
-49
-69
-67
-55
-89
-81
-65
-51
-61
-65
-80
-69
-85
-54
-86
-71
-81
-66
-36
-73
-71
-86
-77
-81
-65
-84
-116
-107
-41
-26
-97
-90
-80
-68
-87
-86
-48
-70
-74
-41
-71
-75
-85
-112
-45
-49
-81
-57
-77
-70
-85
-38
-93
-138
-75
-82
-72
-72
-38
-101
-77
-103
-85
-78
-70
-93
-76
-99
-91
-73
-46
-104
-60
-118
-79
-48
-65
-48
-88
-90
-75
-80
-60
-108
-91
-92
-104
-47
-65
-98
-75
-64
-124
-94
-102
-74
-68
-98
-73
-71
-83
-12
-131
-97
-70
-109
-69
-23
-55
-68
-28
-61
-81
-67
-49
-57
-72
-69
-37
-49
-94
-89
-98
-48
-68
-113
-97
-59
-110
-92
-86
-55
-48
-110
-96
-84
-72
-53
-71
-100
-91
-66
-73
-59
-53
-133
-39
-80
-71
-99
-53
-87
-56
-38
-44
-87
-107
-40
-51
-103
-79
-82
-83
-64
-34
-80
-112
-70
-70
-36
-29
-89
-61
-89
-56
-77
-52
-100
-47
-99
-81
-67
-66
-119
-91
-92
-62
-72
-51
-64
-92
-72
-115
-94
-59
-65
-40
-55
-79
-47
-59
-107
-71
-73
-96
-76
-65
-73
-64
-94
-37
-49
-81
-72
-129
-83
-94
-92
-52
-32
-81
-99
-70
-76
-58
-74
-80
-106
-92
-104
-62
-109
-86
-46
-66
-73
-37
-46
-76
-48
-95
-95
-14
-129
-53
-118
-76
-52
-64
-102
-65
-95
-72
-78
-94
-63
-96
-67
-26
-48
-111
-77
-87
-88
-57
-68
-76
-41
-52
-85
-104
-96
-75
-81
-85
-62
-63
-36
-74
-62
-124
-76
-112
-59
-81
-105
-48
-83
-40
-62
-66
-36
-97
-90
-71
-95
-70
-92
-98
-37
-58
-84
-93
-130
-96
-49
-40
-75
-95
-86
-41
-68
-35
-49
-92
-67
-74
-87
-86
-46
-124
-78
-73
-97
-96
-79
-69
-57
-42
-59
-71
-115
-83
-42
-81
-104
-92
-70
-70
-79
-76
-44
-63
-87
-46
-82
-80
-43
-105
-90
-40
-49
-74
-85
-64
-44
-69
-90
-71
-102
-97
-79
-88
-54
-68
-121
-62
-89
-68
-26
-89
-68
-69
-88
-118
-91
-68
-107
-97
-33
-97
-99
-83
-66
-36
-65
-48
-87
-64
-75
-74
-87
-69
-85
-89
-73
-49
-92
-90
-76
-88
-38
-75
-125
-48
-79
-58
-57
-63
-67
-80
-58
-80
-79
-69
-41
-87
-58
-124
-49
-99
-90
-68
-94
-67
-132
-57
-44
-60
-99
-86
-67
-83
-123
-71
-96
-109
-109
-82
-93
-79
-100
-96
-55
-55
-41
-90
-107
-52
-74
-77
-23
-77
-66
-105
-123
-86
-87
-87
-60
-93
-89
-85
-111
-123
-87
-95
-83
-76
-24
-68
-91
-52
-61
-80
-63
-40
-43
-66
-90
-87
-83
-49
-48
-82
-35
-83
-135
-99
-71
-41
-59
-58
-64
-46
-62
-93
-70
-55
-69
-61
-69
-70
-25
-67
-95
-60
-75
-106
-124
-85
-139
-30
-66
-85
-80
-69
-26
-59
-62
-82
-84
-66
-82
-56
-71
-90
-68
-121
-141
-111
-61
-96
-67
-60
-82
-34
-86
-87
-90
-81
-71
-44
-22
-62
-89
-97
-69
-118
-82
-63
-54
-41
-86
-89
-83
-50
-101
-80
-70
-74
-109
-84
-64
-143
-67
-74
-103
-68
-53
-115
-58
-80
-113
-64
-80
-69
-54
-75
-52
-42
-65
-92
-82
-41
-42
-96
-76
-62
-97
-83
-79
-60
-80
-64
-100
-92
-54
-82
-80
-47
-68
-86
-79
-72
-90
-21
-85
-88
-73
-82
-90
-111
-65
-89
-42
-100
-61
-89
-36
-44
-138
-76
-76
-83
-60
-92
-78
-79
-91
-54
-56
-67
-59
-84
-109
-38
-41
-29
-105
-106
-36
-94
-85
-59
-71
-71
-70
-75
-80
-63
-86
-80
-58
-77
-67
-58
-80
-45
-81
-94
-86
-116
-107
-91
-99
-59
-93
-68
-73
-62
-37
-63
-121
-61
-64
-48
-58
-73
-61
-71
-96
-50
-35
-87
-74
-114
-86
-75
-107
-63
-96
-99
-72
-85
-60
-52
-36
-73
-77
-76
-44
-85
-64
-65
-94
-69
-95
-73
-83
-70
-83
-77
-52
-74
-77
-55
-62
-54
-94
-103
-93
-73
-74
-65
-60
-102
-67
-75
-87
-80
-48
-65
-86
-102
-66
-40
-93
-92
-111
-81
-57
-71
-66
-25
-57
-71
-70
-109
-70
-118
-95
-102
-27
-86
-63
-103
-89
-84
-105
-72
-146
-86
-80
-80
-60
-83
-94
-62
-87
-101
-26
-68
-53
-89
-57
-81
-72
-56
-100
-104
-65
-46
-83
-82
-99
-98
-83
-16
-100
-49
-131
-100
-50
-36
-87
-58
-87
-92
-77
-92
-87
-55
-123
-53
-48
-80
-54
-79
-72
-97
-81
-79
-58
-63
-72
-97
-52
-70
-79
-120
-72
-46
-42
-61
-79
-55
-92
-99
-114
-58
-91
-70
-90
-101
-87
-104
-106
-50
-45
-108
-87
-49
-98
-86
-50
-55
-52
-56
-81
-60
-79
-70
-50
-46
-89
-83
-81
-37
-68
-76
-89
-91
-39
-92
-72
-41
-70
-52
-61
-75
-110
-100
-24
-83
-103
-86
-91
-97
-51
-87
-70
-74
-88
-71
-77
-86
-89
-68
-65
-116
-52
-60
-114
-102
-18
-89
-58
-44
-96
-94
-45
-46
-53
-116
-113
-98
-74
-42
-72
-112
-140
-61
-109
-102
-68
-43
-102
-102
-29
-78
-70
-108
-84
-80
-89
-53
-81
-98
-73
-106
-88
-78
-75
-82
-43
-46
-110
-75
-47
-64
-57
-94
-41
-67
-59
-69
-91
-45
-95
-87
-62
-57
-69
-40
-60
-87
-82
-97
-58
-114
-53
-78
-89
-49
-78
-84
-78
-98
-33
-110
-69
-99
-48
-87
-85
-88
-35
-85
-92
-111
-67
-64
-70
-67
-120
-50
-95
-100
-87
-55
-64
-73
-80
-72
-59
-14
-82
-66
-78
-94
-90
-80
-83
-102
-74
-95
-76
-87
-84
-49
-81
-83
-75
-26
-81
-84
-77
-71
-44
-77
-125
-113
-99
-50
-74
-12
-55
-83
-114
-18
-92
-82
-93
-81
-101
-71
-67
-80
-74
-121
-86
-72
-70
-77
-92
-100
-74
-48
-49
-66
-90
-103
-106
-82
-58
-41
-76
-21
-62
-107
-144
-107
-99
-101
-38
-81
-85
-96
-56
-59
-22
-98
-97
-76
-85
-78
-88
-71
-76
-68
-54
-74
-83
-94
-49
-59
-72
-87
-103
-85
-70
-107
-67
-68
-118
-94
-75
-102
-65
-66
-105
-46
-54
-107
-66
-58
-107
-73
-66
-40
-40
-89
-37
-99
-72
-108
-82
-69
-50
-97
-83
-49
-61
-33
-61
-56
-84
-40
-46
-76
-112
-109
-91
-28
-79
-80
-92
-76
-86
-79
-70
-73
-89
-58
-96
-65
-44
-110
-65
-71
-65
-83
-41
-92
-79
-63
-68
-132
-39
-75
-68
-70
-61
-54
-41
-71
-86
-78
-70
-51
-47
-72
-74
-63
-83
-77
-90
-35
-107
-94
-63
-97
-103
-76
-80
-41
-98
-75
-55
-63
-55
-72
-65
-69
-75
-118
-73
-92
-40
-131
-49
-65
-69
-94
-66
-65
-70
-86
-97
-61
-35
-68
-101
-77
-78
-90
-38
-106
-107
-54
-53
-70
-95
-98
-69
-93
-36
-66
-64
-113
-51
-131
-41
-99
-65
-73
-35
-76
-67
-78
-89
-102
-70
-62
-63
-88
-64
-70
-52
-65
-57
-81
-86
-85
-119
-70
-73
-73
-96
-103
-59
-107
-76
-62
-55
-82
-52
-104
-75
-98
-91
-96
-66
-42
-73
-103
-54
-86
-83
-48
-77
-68
-43
-77
-139
-77
-65
-62
-69
-38
-51
-88
-70
-58
-87
-67
-92
-106
-85
-77
-83
-64
-60
-35
-46
-59
-131
-25
-77
-30
-45
-27
-76
-78
-56
-106
-81
-66
-79
-96
-87
-109
-69
-128
-54
-69
-86
-79
-90
-76
-49
-98
-80
-45
-95
-93
-66
-98
-111
-80
-43
-52
-64
-91
3
-70
-78
-111
-115
-53
-90
-53
-106
-86
-65
-107
-119
-20
-63
-123
-118
-101
-38
-55
-78
-98
-57
-74
-68
-97
-96
-83
-28
-79
-79
-36
-77
-65
-78
-75
-96
-49
-51
-62
-101
-54
-60
-71
-70
-62
-69
-72
-113
-20
-114
-80
-102
-91
-88
-76
-105
-56
-45
-80
-70
-72
-85
-115
-94
-53
-46
-79
-91
-45
-80
-78
-57
-66
-57
-96
-77
-54
-99
-99
-96
-92
-38
-65
-49
-116
-79
-85
-81
-99
-103
-56
-92
-58
-73
-43
-76
-54
-85
-57
-50
-85
-77
-84
-74
-78
-102
-84
-59
-43
-83
-61
-88
-72
-54
-98
-94
-77
-97
-60
-63
-31
-113
-70
-68
-92
-74
-75
-72
-106
-94
-96
-69
-82
-77
-76
-79
-85
-85
-69
-16
-103
-95
-27
-52
-88
-72
-47
-68
-48
-56
-82
-55
-62
-96
-70
-91
-31
-94
-70
-97
-73
-80
-120
-63
-45
-124
-48
-115
-17
-53
-41
-55
-91
-104
-113
-47
-75
-55
-97
-64
-75
-105
-82
-84
-82
-104
-96
-67
-127
-108
-58
-40
-80
-32
-83
-87
-66
-89
-84
-96
-75
-99
-103
-76
-95
-71
-74
-78
-105
-100
-79
-91
-22
-95
-71
-111
-67
-82
-90
-119
-50
-74
-66
-73
-66
-52
-85
-81
-81
-111
-46
-80
-82
-81
-64
-92
-92
-67
-43
-81
-93
-74
-83
-73
-74
-70
-68
-72
-84
-94
-79
-75
-86
-93
-51
-68
-52
-81
-65
-67
-102
-59
-46
-67
-77
-66
-60
-75
-37
-95
-130
-63
-64
-69
-82
-70
-79
-88
-78
-103
-78
-54
-86
-67
-39
-107
-118
-80
-83
-84
-38
-97
-74
-43
-95
-70
-85
-52
-81
-49
-88
-62
-57
-104
-91
-55
-87
-84
-87
-69
-45
-91
-94
-92
-125
-84
-30
-80
-84
-123
-87
-39
-83
-69
-55
-113
-62
-85
-59
-83
-55
-40
-73
-96
-48
-85
-34
-83
-79
-99
-63
-70
-73
-63
-34
-59
-46
-88
-72
-59
-61
-115
-105
-103
-56
-65
-81
-66
-93
-83
-95
-66
-89
-46
-108
-83
-106
-89
-67
-54
-53
-105
-80
-65
-63
-31
-67
-121
-63
-88
-101
-70
-54
-71
-49
-91
-61
-86
-94
-92
-63
-111
-78
-60
-75
-69
-98
-71
-110
-125
-30
-85
-75
-46
-43
-61
-23
-99
-50
-41
-56
-92
-83
-83
-53
-82
-103
-36
-63
-92
-73
-101
-89
-65
-57
-116
-129
-80
-74
-52
-88
-80
-47
-46
-108
-54
-94
-71
-89
-40
-112
-103
-28
-83
-62
-103
-61
-83
-108
-105
-69
-58
-68
-83
-55
-24
-48
-87
-41
-68
-80
-88
-59
-46
-104
-55
-47
-53
-53
-56
-77
-19
-59
-61
-58
-26
-79
-77
-39
-83
-95
-97
-61
-85
-78
-100
-105
-69
-50
-95
-52
-82
-70
-53
-97
-100
-63
-72
-61
-68
-41
-73
-65
-92
-57
-99
-101
-56
-64
-55
-73
-61
-43
-83
-72
-63
-74
-82
-52
-86
-54
-108
-96
-105
-74
-62
-73
-73
-84
-77
-89
-133
-65
-51
-37
-92
-58
-59
-82
-108
-89
-88
-61
-12
-82
-75
-75
-66
-61
-68
-73
-95
-74
-75
-76
-81
-81
-44
-57
-69
-78
-66
-34
-68
-97
-86
-79
-70
-63
-69
-113
-79
-78
-48
-81
-76
-26
-45
-46
-94
-86
-71
-68
-86
-83
-89
-90
-66
-47
-72
-47
-45
-73
-55
-105
-55
-99
-16
-104
-54
-73
-83
-40
-98
-37
-132
-135
-120
-80
-88
-41
-72
-62
-96
-76
-79
-26
-34
-53
-65
-99
-44
-21
-63
-103
-67
-82
-80
-79
-105
-86
-97
-44
-91
-69
-85
-55
-39
-86
-72
-94
-107
-54
-86
-73
-61
-56
-61
-98
-76
-49
-54
-107
-98
-38
-104
-52
-77
-55
-69
-94
-54
-28
-51
-73
-93
-78
-95
-82
-89
-42
-85
-40
-96
-79
-91
-88
-63
-93
-96
-59
-98
-63
-83
-77
-57
-90
-70
-91
-76
-138
-80
-86
-49
-60
-114
