0
39
-17
-11
-68
-60
22
79
38
40
-71
-45
-10
-36
22
-9
-20
66
78
-81
0
-64
-4
-32
-14
49
-77
18
-6
-90
-29
-92
-16
79
1
-62
32
36
-9
26
9
22
-8
-50
-51
21
-47
-26
-74
11
-19
-65
-31
-8
-109
-16
18
3
-70
33
-67
34
0
48
-44
-25
-43
-1
20
-76
41
14
-8
18
-126
45
0
83
-50
-80
8
-61
-101
-21
-66
4
-70
-13
-4
-52
-46
-67
-68
-39
-48
-48
12
-37
-55
41
-58
-74
-19
-41
-13
-50
19
62
-55
-46
-12
-72
-12
-39
111
-29
-94
-3
-17
96
-11
-36
58
-84
61
57
119
-40
-59
-9
-54
-40
-99
-11
-55
-17
-26
-73
72
26
-66
-51
2
56
-90
-23
-71
-38
49
-16
41
4
-48
-44
-16
5
43
42
-42
-57
-13
19
-47
-23
-5
-146
16
-59
-56
-24
-48
-16
-51
-51
-40
-47
-34
-45
-53
-19
-35
-44
-11
-31
-15
-9
-34
52
-38
-23
-84
16
-16
36
-17
-37
-8
-2
-22
56
12
-26
-14
-73
-76
-36
-36
-29
-69
22
11
-85
-21
9
-8
-101
-45
-55
-32
-39
-27
-53
-26
127
35
-20
27
-77
54
-28
68
-38
7
69
-22
-30
36
-10
-8
-39
-16
89
54
2
6
-50
49
-22
-59
-25
-8
-23
-12
-13
-5
-44
14
-24
33
-50
-5
3
-72
-78
-22
-103
-28
2
-12
-38
21
19
-30
53
-57
20
-26
0
12
-45
-32
14
-68
67
-44
-49
-2
-15
-1
3
-47
15
-11
-22
-35
-62
15
-29
9
19
25
-58
-55
23
-78
-73
-39
126
-64
3
-145
-73
-76
-157
-48
-22
-99
-115
-57
17
4
47
-16
-54
-42
-52
74
-50
23
46
-58
34
-59
14
-14
-6
11
-11
-20
-9
-91
-17
-3
9
-2
20
-1
-22
-108
-30
-4
19
-80
20
7
44
50
-62
28
-40
42
-25
-24
-32
12
-68
-33
19
-123
-101
-50
-49
-17
-29
-41
-43
-1
1
-6
-47
-19
54
33
-15
-99
24
-20
-130
118
38
-57
-56
-9
-19
9
4
-94
-68
-105
-81
6
-12
74
-39
-65
36
15
-63
-5
-43
-80
-5
46
8
-10
49
-78
-50
-43
-90
-24
-107
-71
-80
4
-22
-42
12
-40
-46
11
-27
-15
-6
-31
-77
9
-15
-27
-14
-100
-2
-48
-3
-8
-19
32
29
-90
23
-23
-54
-23
-42
-58
46
-80
23
-4
-17
-62
43
35
-87
45
-32
19
1
-49
-37
-122
-28
14
-16
1
-62
-49
-20
49
29
-120
34
-19
-23
17
-36
-6
-7
9
22
-6
-86
14
5
-36
19
60
-22
-17
55
-100
-29
-37
-12
-1
28
-29
-7
3
-94
27
-23
16
43
52
-35
-33
-35
-127
-49
-16
-13
-41
-92
-53
-72
18
58
5
83
-33
-26
-26
-50
-29
12
-5
3
-23
-36
5
144
-15
-75
79
21
-46
45
18
-8
-95
-127
-117
44
-7
-46
-38
-26
-2
11
-74
11
-97
85
-62
-62
-58
-7
-102
35
17
-28
68
84
-37
19
52
-35
-51
-26
-56
-34
-51
61
-52
-118
37
26
-29
-3
3
32
-41
-20
141
6
-7
-31
4
-57
45
13
93
-37
-8
-117
-55
9
5
-75
-14
-36
-11
44
-60
-50
-48
24
-49
41
-58
-8
-41
-29
28
19
-68
39
2
43
28
-12
-1
-57
26
-20
70
-72
69
-87
-43
54
-24
-32
-24
19
14
1
20
-63
111
-51
-19
-33
-59
29
-85
-19
53
-58
-43
-21
-8
2
3
-51
-48
43
-19
26
-93
-39
-19
-23
12
-30
25
-17
-68
-21
61
-53
-7
7
12
-59
14
-4
35
-100
27
-104
-33
-119
-55
-131
-20
47
-47
-47
-5
-53
-14
-16
-122
4
8
-19
-1
-22
1
13
99
3
-32
15
-26
0
-76
22
-16
36
-81
1
-61
49
-34
12
37
-100
-35
-49
-50
27
11
115
-74
-13
-87
-6
39
-16
-39
-4
-54
-29
-29
-1
-24
-57
-38
22
25
10
-96
-10
-78
26
-5
-65
-18
-87
-36
6
-50
-92
-78
24
-51
-29
-42
-7
5
34
22
-28
3
-68
-10
-50
-64
-4
-78
-22
39
24
-44
-14
-21
-37
-20
-9
-25
-24
3
44
-51
33
65
24
-1
36
34
13
-34
118
-12
-69
-20
-23
-42
-4
47
37
-119
-87
22
-110
-67
-89
9
-15
32
48
-72
-6
-77
-63
-15
-36
-13
-95
23
-17
-21
39
-46
22
89
5
-87
-22
-79
34
-16
-82
-25
-73
-7
-36
-40
41
-50
15
86
9
5
-7
19
46
-35
-60
-31
-69
-66
-31
-59
-11
-8
32
-3
-28
-27
-12
7
8
-8
-16
-46
-49
-63
-15
69
-11
35
-30
29
-13
65
-16
-35
11
-49
-57
-25
14
46
-49
101
-22
-79
15
8
-3
-20
2
-37
-14
-27
-68
-51
-83
-68
-11
112
-32
-78
-36
-20
-88
77
60
-39
-19
52
-14
13
-23
-10
-63
28
35
1
-38
-22
19
-12
-32
36
-72
-19
13
81
20
-30
-18
-59
10
-75
-12
10
-7
-35
-73
-14
91
-8
-50
19
15
-2
-30
37
41
4
26
-63
14
-22
11
-6
0
-15
-80
4
9
-41
-31
-107
-17
-82
-41
16
50
-53
49
35
-38
-59
-27
33
-29
22
-72
-10
-30
-3
-89
9
-41
-13
-50
-34
-11
-24
-17
-59
-48
-28
-56
-52
-50
-46
-34
23
-45
-72
-36
-60
-76
7
-1
62
-2
46
-8
-111
-73
-71
54
-1
-5
-48
91
2
3
-54
-45
-8
-39
19
-119
-61
28
-102
-10
-69
-43
27
-16
-14
39
-1
-26
-20
-49
-41
-4
-5
-37
-34
-47
-69
16
-90
-4
12
54
-65
-17
39
-87
4
2
-72
49
97
-103
-1
-1
67
-18
-52
-50
14
-54
46
-66
3
-8
-104
50
-54
-4
-43
-4
-9
48
10
7
-4
68
47
-56
-35
-75
7
56
-19
-41
-2
-44
19
42
-74
-22
-2
-55
-89
-24
-27
13
-10
-10
-18
-48
81
-55
-64
-12
10
-15
-18
23
-73
-2
74
7
-16
-31
-69
-26
4
15
-17
-17
-3
74
-15
3
24
-25
-5
29
8
50
-75
-23
64
15
40
10
-29
-86
23
35
-9
-33
-32
-33
34
-42
-19
-19
70
44
-20
8
28
-48
4
-41
19
45
6
-33
24
-17
-3
44
-1
-12
-17
-23
1
-54
118
-24
-46
4
14
-11
-20
2
-59
71
-48
-10
5
-11
-34
-66
-40
7
-51
-57
-91
-1
-25
59
-21
-4
18
-84
-85
-75
35
-46
25
-46
-11
-29
8
77
-98
11
-155
20
6
3
-35
-37
-94
-78
11
-22
26
11
-31
5
52
21
59
-28
-8
-6
-20
-19
-46
-48
4
-100
-73
38
22
-31
-13
34
-41
-13
13
9
-46
28
-70
-66
12
-38
46
-6
44
-43
2
-77
-110
6
-22
-100
-50
19
-12
-32
-84
-19
14
-81
50
-39
-18
19
-16
21
-45
35
44
2
76
-20
-23
-79
-36
-1
77
-42
-55
33
-72
25
-44
-68
9
51
-72
-85
-41
-60
25
-74
-19
-17
-103
72
-112
45
2
-29
8
-56
1
4
-5
36
-19
-17
-49
-4
-18
-22
-44
-135
-59
18
5
-7
-24
-46
-87
-24
-60
-77
31
-17
11
-5
4
14
-4
-39
8
15
4
-7
-56
-59
26
-66
65
-35
-43
-14
-84
-38
23
54
-5
-7
24
-60
-60
-35
-47
7
44
15
24
-67
-54
3
-54
-72
47
9
-20
-53
-19
32
21
-91
60
9
-23
-40
-46
-7
24
44
-46
-67
-49
-1
32
41
-98
5
-49
-19
-32
72
21
-70
-42
0
4
-18
-12
12
-72
8
72
47
-100
-50
-5
-21
-27
-9
-17
-30
-1
50
-1
47
57
-63
-18
-11
52
-30
15
7
35
3
-19
-48
-24
-15
-10
40
4
-27
-29
31
2
-34
-41
-67
-38
-6
12
-21
-1
-28
-95
-45
-42
30
-55
-2
-31
26
-40
-15
-73
-44
-59
-77
12
-112
-22
-32
-4
-1
-41
-3
-6
-44
-53
-122
-36
-88
-32
-36
-65
-18
-93
-14
-49
-4
-47
3
-44
-33
-25
-44
44
-45
32
49
-24
-34
31
2
-73
-17
19
1
-2
45
49
-9
-18
61
-3
-75
-70
-56
-12
-64
-68
39
16
-7
19
-68
-57
39
76
49
-67
-13
-50
-18
7
-14
-70
51
8
1
-56
-1
25
9
-2
-7
-47
-25
30
-22
-39
-8
-15
-45
-79
-51
41
-70
-1
5
39
-29
23
43
-55
24
-9
60
7
-15
-27
-1
25
-29
47
-19
-19
-13
-101
45
-9
-62
56
-104
66
56
-49
-5
-14
-33
-42
23
4
-20
87
4
-58
-63
-9
18
-54
-60
-6
-23
-39
80
-39
7
65
28
-54
-57
47
-25
-41
-38
-6
-39
-31
-4
-43
-17
-95
-17
13
-7
52
-82
-17
-57
27
-23
-45
6
-49
-9
-11
-38
-26
-20
-32
7
27
-30
-77
-75
-21
-15
52
-44
25
-22
-21
-53
39
-70
38
-53
2
-90
-20
-63
-2
17
-48
26
-34
-24
13
-9
-44
-99
7
-26
60
-71
-57
-56
25
1
8
-13
-20
-38
-37
12
-41
-65
15
61
-92
-19
-74
67
-57
-29
-45
-122
54
26
-31
77
-90
28
-32
-25
48
22
-32
-3
-27
-1
-12
-17
10
32
-75
23
-53
-51
27
35
33
6
-25
-30
-18
-7
55
-7
-41
-32
-53
-8
-23
-74
-31
-35
-26
-119
-13
-43
-62
-113
20
-120
12
-53
-39
-44
-6
-67
13
-59
15
-64
44
-28
-18
-53
45
-61
6
-34
-23
-19
-33
-46
-22
-76
-54
-34
51
-18
25
76
-46
-20
77
-72
-51
-32
-78
-33
-95
-77
-62
-10
-17
-39
-93
-100
-7
59
-80
26
-120
-45
-5
28
-23
15
-20
47
-6
-11
20
-81
-44
9
8
108
-18
76
26
-29
-48
3
-42
60
-53
-75
-82
8
-31
-2
-14
5
-73
-41
14
12
-14
-37
-18
-54
-7
56
-59
-36
59
-61
9
-41
91
53
-38
-41
14
-24
-53
108
23
7
19
32
-17
-17
63
-24
-28
-78
-27
-19
-79
-27
-58
-9
-67
35
-114
-28
5
-56
35
22
86
-74
-27
-84
-56
-157
5
-4
-42
15
-65
-65
11
-87
-2
-7
-43
-32
16
-60
26
-42
-34
2
-68
-54
-51
-39
58
19
42
-71
-16
-79
-93
-16
4
12
17
10
-22
2
32
28
-29
-12
-57
-32
11
9
-60
-38
-14
-39
-72
2
2
31
-36
-101
14
-68
-14
-17
1
-40
20
-56
-18
-35
-47
-85
12
-12
-40
-68
31
-62
-31
-3
-88
-56
-20
-68
-60
-117
53
29
15
-81
-1
-15
33
70
-19
-53
50
-44
47
22
2
-15
-4
-46
-78
34
36
59
5
-15
17
-54
-47
52
-40
-60
-30
-57
15
-71
-24
-32
-22
-110
6
-93
-10
-54
-28
-20
5
-18
-17
-22
-3
-21
24
-17
-18
18
-24
-9
-9
9
-29
-9
-29
-3
8
-2
-20
19
23
-49
-4
46
6
-8
-4
-2
47
-78
58
-57
-84
-59
-78
-184
-84
-23
32
-109
-73
-28
-125
-5
-2
-100
36
-29
-28
-21
54
-10
0
-49
35
-19
-19
-45
-51
-44
-39
41
-57
19
3
-24
2
19
41
-37
46
-13
49
-94
-54
-14
4
-21
-62
-56
17
18
-34
44
27
-39
-57
21
-54
38
8
78
71
-3
-51
15
-11
45
-33
-26
-29
21
0
69
-22
-28
0
-62
-12
25
-22
78
49
-17
46
-43
-60
-25
-26
27
-11
-76
-34
-34
23
-47
-5
40
-75
49
-12
-3
37
-20
-18
-42
-12
4
-84
-10
-22
-5
-65
-10
-7
-4
80
-26
-41
-26
21
4
112
50
79
6
13
-43
39
9
-73
26
-63
12
-4
-18
-25
-56
-29
-29
-32
-21
-15
3
3
-81
-43
-57
-24
-19
-6
-9
-16
-49
-12
-80
34
-55
-35
-27
-96
-50
-52
33
-5
-37
-13
4
43
-71
-8
-32
-103
-38
-86
-18
43
40
-39
22
-3
-1
-72
-47
25
-27
17
-5
10
-27
-12
-32
-33
-50
-29
-69
-51
1
24
-40
-36
-16
-18
-50
4
43
-41
-73
16
-71
-6
46
-11
-25
41
-49
-53
-31
-54
-41
-61
-35
-47
6
12
-28
-27
-31
3
-16
29
11
-19
24
16
24
22
-17
-56
-40
-1
9
-52
22
-38
-29
10
-38
-28
-37
-34
-23
-7
114
-53
64
-65
-7
-3
17
-18
-50
-20
-34
-24
-41
-18
17
-21
21
-5
15
-50
-46
-60
-46
37
-12
-15
-51
-6
49
8
-32
-43
-2
23
-51
-26
-40
17
-13
-28
-9
-56
14
12
54
-57
-39
43
-59
-31
-17
-35
-5
11
22
-23
-27
-33
-37
-30
-25
33
-25
-63
-83
-40
-88
-97
51
-19
53
-15
-53
22
29
-44
-11
-44
-106
-42
46
34
16
62
-59
28
111
-50
-1
100
-81
-15
-89
-42
31
-30
-57
-41
-42
37
-3
39
8
-115
-25
-55
-25
-28
-52
-5
-58
21
20
-21
-27
-90
17
-43
89
62
-40
2
-1
17
-62
-26
-43
2
33
-22
3
-59
-60
-61
-43
13
-28
-5
-8
-66
-86
-18
82
0
97
-187
19
17
75
-52
9
-16
-29
-23
-43
-30
-11
-69
74
-12
11
-60
-31
13
-66
25
-84
-39
10
-38
26
-1
8
-30
-77
-13
-55
4
41
-16
8
-187
-60
-23
-51
78
13
-23
-72
-97
-12
-70
-31
144
-10
-30
8
-73
46
-75
-33
-63
-112
-50
70
-59
-83
-71
-37
-90
53
-9
-98
17
-21
-53
-20
-33
-3
-87
-5
-47
1
-17
-106
-10
7
-18
32
-77
-73
24
12
-64
4
51
39
44
-36
-24
-72
7
-3
91
-19
46
5
25
35
-89
4
-47
-81
8
11
16
-12
40
-39
-91
13
12
-61
-53
-27
-19
-12
3
-89
-7
-12
29
19
27
20
-51
35
-23
-42
-94
9
-36
-12
-71
18
-2
17
-53
-74
-20
-49
-29
-15
-13
-14
-12
5
-65
-6
-11
-18
-14
-7
-20
-48
-43
-45
12
-60
-65
37
23
-8
-25
-42
-21
-69
-14
9
-4
15
-62
-14
73
-75
-69
-67
-20
-77
-90
-72
51
-91
-46
-15
-73
3
-10
34
48
-6
66
-56
47
-25
58
-59
-58
15
24
-54
-12
-60
-27
-50
56
-18
7
-53
-106
-3
11
35
52
-40
-13
46
0
-13
-24
-31
12
55
20
29
-87
-34
-44
23
0
-12
-32
-9
36
5
-1
-54
5
-36
-12
-31
-56
-72
-24
-27
-14
24
-33
-1
-9
-30
-47
37
-71
55
18
-9
-69
-78
-54
-27
63
46
-121
-54
-14
-28
-21
-78
-36
-43
-67
30
24
49
-20
-92
2
-53
120
40
-100
-45
49
-102
-16
-98
10
-30
7
-57
1
-15
-15
27
37
-61
-52
24
-73
-66
-34
-54
31
-60
83
-39
-38
-47
19
-60
-55
-15
40
-47
0
-1
24
-17
-38
-6
26
11
-39
25
-56
127
90
-39
81
-86
-84
-88
-98
-31
21
-30
9
-22
-25
-73
121
14
21
-48
-20
-66
-91
30
-14
-94
-3
66
-8
-45
-2
-38
-94
-79
14
-23
-33
6
-35
-64
-6
-45
-28
-18
-90
36
4
28
-28
-31
-33
-50
-41
-38
-69
20
-56
-94
2
14
-8
-72
-57
-20
58
23
33
49
55
52
-23
-15
37
-79
-53
36
-49
-17
3
-14
-13
-44
31
-29
-25
-8
36
-53
-4
-70
-30
-47
91
-31
25
-23
59
-90
-10
14
-10
13
27
-55
-39
-75
20
19
-21
3
2
-1
-43
-17
-14
-56
34
-61
-51
-31
-64
24
-68
1
-6
-1
-15
20
-89
-58
-20
-67
-3
59
-10
-50
21
-45
-2
-53
-42
-68
13
-74
9
-31
-13
89
-35
14
59
26
-34
-13
-1
-14
-34
-12
-9
-28
16
-12
-11
19
-1
28
38
-6
40
-46
-50
-93
-48
-90
-46
-69
-49
0
19
-71
0
28
0
60
12
-9
-22
31
-3
-11
-31
-16
19
-76
-20
60
-85
11
-48
-54
43
23
-16
-24
-28
0
-67
-24
-67
-65
-34
61
-20
-43
-29
1
-82
-31
-33
-26
-16
-17
23
26
8
-58
70
-29
-32
1
80
44
11
-55
-39
-17
-47
44
-15
-57
-10
-13
-45
-44
41
-20
-20
-59
5
-66
-8
105
-18
0
-38
44
-88
-81
-5
-17
-24
56
58
4
39
44
45
-46
19
26
37
-13
-93
-11
37
-59
-14
-31
-8
-63
48
-31
37
108
-40
97
-60
65
-57
-38
-39
-17
-18
-87
59
-16
-32
58
37
-19
-19
27
-57
-1
-41
-70
-46
-121
56
-106
46
-40
12
-39
-103
-1
-42
14
-4
-36
-8
-61
-25
-43
13
-12
2
-74
-5
-51
-11
3
54
-61
-16
77
1
-14
-79
33
-15
-19
22
0
-30
-115
29
-3
-25
-19
-10
-19
-12
19
-37
-9
-17
-38
-8
-46
-90
15
-43
-23
-89
15
-102
-68
-2
-44
-16
-100
11
-56
-40
-54
-38
-27
-49
12
41
-66
-103
-31
-98
-63
30
-36
-69
63
14
27
-82
-29
39
118
-76
-27
15
29
-50
5
-39
24
-7
2
-46
-35
2
-15
-11
21
11
-67
-60
47
41
11
34
-109
66
5
-118
-36
-53
-76
-4
-28
-44
-32
43
-40
-46
-2
-9
-95
-43
1
-94
-14
-2
-13
-59
2
-11
-54
-20
3
-18
-88
-67
-24
54
12
14
114
-6
-7
-32
30
100
22
-20
-43
47
-1
20
-55
36
-75
-121
70
-3
-83
-28
-48
15
11
-12
26
17
33
-93
15
-12
27
-71
-34
-32
-64
-19
-54
-1
0
-7
58
-23
-40
-4
37
-55
-54
26
52
-18
-21
20
36
-20
-8
-36
-38
-27
25
-15
-21
-59
-29
-17
-74
-1
-16
-5
4
74
-17
45
11
-7
73
-73
-70
1
-5
35
-41
-24
-15
-41
-91
-94
-1
-53
-6
-19
-57
-39
-31
30
-16
31
-40
-8
48
107
46
-13
-78
24
27
59
10
-38
35
53
-80
-54
-31
-66
-62
-34
-15
-75
-30
-42
14
-48
-5
-76
13
-35
11
-41
-60
-51
119
-44
-36
-106
-29
-99
-44
-51
-24
-17
52
26
-64
1
-45
5
-37
66
-17
65
-33
-98
-90
2
112
-74
-39
2
-49
45
-101
68
-22
-40
-4
73
55
-119
15
-122
-18
42
34
29
-95
-12
-39
-61
-69
-4
-41
5
37
-35
-26
-89
-13
9
-115
-30
10
-36
17
-12
-56
5
66
-8
-53
-43
-23
-66
-78
-63
47
-29
-73
-32
-25
-15
-36
-1
-105
-12
-71
52
73
-23
-55
4
-8
-70
-74
-80
-11
-85
8
-30
-10
-16
-28
-67
41
-46
11
-52
36
-60
-38
32
11
-59
-27
-32
56
2
1
-63
-101
-70
-188
-25
53
9
-83
5
4
17
-20
-7
-17
21
-3
-39
41
21
-1
-13
-35
6
90
-52
-20
-34
-79
34
35
-18
-59
90
-14
-29
-79
-14
120
-58
4
-53
-3
-40
-8
73
-13
-100
-42
-60
-36
-127
-74
7
-10
-69
-121
37
-53
-45
42
-49
-85
33
14
15
-32
-29
-16
-1
21
12
-88
-129
-29
-74
-70
108
-50
-47
15
-71
19
-52
-18
-21
-53
-63
-45
22
-12
0
-2
-24
-30
-5
-70
-26
-53
9
17
-5
-11
11
-18
-36
-11
-81
-30
-111
-32
-75
-4
7
-13
18
-110
-54
8
-44
11
8
3
-28
-8
-51
-34
-84
-24
-68
-33
81
-23
-16
0
-7
17
-125
32
-118
-61
15
-2
-49
11
-53
-73
-13
29
-66
47
-38
-111
-10
50
39
-85
-3
13
-68
-22
-107
122
-41
-46
-78
-55
-37
-66
-66
-18
-77
-16
-31
-33
-52
-47
9
-47
-7
12
-45
-23
-16
49
-71
-13
-46
-30
-54
41
-35
7
15
13
-53
54
29
-84
-13
3
-60
-75
-42
49
-58
-73
-2
29
9
-26
-5
-51
28
-54
72
-95
44
-73
8
-50
-81
75
-16
-78
-73
-38
-9
5
-3
13
-57
-34
15
-45
12
61
-63
-115
27
-30
-27
39
-96
-13
-15
-81
-80
-74
-44
6
-67
-81
-4
-42
14
-49
-10
-53
-83
51
-76
-85
38
11
-79
-62
-30
-55
104
31
-23
-13
-6
-82
46
-100
-11
-28
-36
-59
-77
-11
-32
-57
12
3
-6
1
-69
4
58
-63
1
-9
-31
35
9
-32
-64
-28
-56
-31
-21
126
-24
-14
-33
26
44
-46
-30
31
15
-34
-42
22
-58
-10
-15
-15
-7
-47
-21
-19
55
46
-63
-18
-13
-20
-8
-22
-14
18
-15
66
-57
5
-3
51
-41
55
-61
-75
-12
-65
-2
-40
-98
31
4
-37
-63
-74
10
40
-6
6
-7
-88
-60
-63
-42
7
-30
-80
-99
17
-68
52
-64
-11
24
-53
-14
-95
105
-98
40
-16
-38
-1
50
27
23
-31
0
-34
-12
17
-16
-75
-6
-72
-57
-41
-29
-34
54
-17
16
-5
-25
104
16
40
-8
-36
-76
59
-2
-18
9
-48
14
-60
-25
-20
-36
-123
47
-5
-120
-95
-35
14
-94
-5
-13
53
9
-41
-27
-51
-32
-118
-14
37
33
-62
-91
-44
-68
-29
13
19
-107
33
-117
-68
-78
-66
11
-53
59
-19
-72
-45
-22
43
-3
-56
-25
-5
-15
-4
6
-46
61
-4
-27
67
15
-5
19
-26
-18
-36
-57
-46
-56
30
-11
-52
11
-60
-22
-63
90
26
-11
-57
-15
35
8
49
-42
-9
-64
-27
-63
-74
35
-28
-30
13
-50
-20
-40
17
-115
-131
-37
-1
-6
23
19
-16
15
-4
-40
-12
-57
-10
15
-98
-47
-81
57
-67
-71
58
29
-45
38
-100
-2
-63
-51
-9
-98
30
-24
-49
-33
-19
-47
35
-100
54
-44
-91
-7
-20
22
-41
-79
-70
-19
-50
-43
-47
-73
38
-43
-113
-20
9
-32
-14
-126
-45
68
-1
-106
-24
92
-36
-47
-12
-14
-3
13
59
-4
-64
-53
-28
-14
-55
-18
-12
-23
58
76
-42
-60
20
-61
23
-20
10
-17
-47
-27
-19
-17
0
-75
-43
-9
9
7
-2
41
-36
-37
-67
-51
-29
59
-97
-9
51
32
-49
12
-75
-20
13
-82
-40
3
65
-115
-11
1
-45
14
-6
6
-19
36
-29
-36
-8
-84
-89
-45
-42
52
-30
-62
-116
-70
-169
-31
-17
-72
-58
-46
16
-13
25
-21
17
-28
-18
56
3
-41
-40
28
-65
-14
8
-72
-45
90
-16
-82
58
-9
-94
-2
-42
-63
21
-19
-57
30
-63
-70
-112
-56
-13
-62
-22
-17
28
23
-18
66
-15
-73
27
-40
-45
-27
-35
-101
35
47
-41
35
43
22
15
90
-45
54
-11
-46
-32
15
-92
-46
-43
4
-54
41
9
7
8
25
-5
-99
-58
8
-14
-39
-30
13
-29
-1
-27
47
-5
-43
-75
23
-84
-9
-17
-23
-24
58
-37
-32
-42
-106
-37
-21
10
-128
-4
-46
-48
5
-57
26
-73
-3
29
63
-23
22
-35
-25
-82
-27
-51
-19
49
-61
-33
-20
-20
34
7
13
-63
-40
-36
-50
-67
1
6
66
-22
-96
-56
-51
5
-24
-70
-60
-74
-65
23
-89
4
66
20
11
35
-17
-17
12
-45
-26
25
-27
-35
-21
10
-10
-11
14
-34
13
19
-32
-16
-113
-86
24
-55
13
20
38
-19
-35
19
-45
23
-24
-27
23
-33
-17
19
-58
-54
-57
-73
-31
-19
-82
-26
50
-26
-28
-56
-33
-25
-55
122
-9
29
-28
2
-101
-35
37
-39
54
-61
-42
-27
-1
-32
-14
-80
74
66
-16
38
36
-32
0
47
62
4
-23
80
-52
-40
-24
-63
-20
-37
-14
-27
-116
27
21
-22
-55
-45
39
-67
-34
17
2
3
-34
-3
2
-63
-84
-86
-25
-66
-106
-29
-11
-11
-101
-12
-41
24
4
30
-28
30
-145
-36
-55
-5
11
-77
-39
-46
8
50
-3
-55
-68
-70
-77
-51
-27
-26
-26
2
11
19
-60
26
12
13
-19
59
-50
-59
-43
-19
-10
-106
-49
-11
-63
-54
-30
5
-44
-24
43
-85
-17
-40
-2
-57
-15
21
-56
15
-35
-17
-5
-73
-5
89
-43
65
141
-16
-9
50
-27
-82
-30
-93
-10
-29
33
34
-20
-29
-3
-44
-55
-74
-67
-36
-14
-21
-20
1
65
5
-2
31
-91
14
-8
-42
-13
-17
-145
23
7
36
4
-31
-59
37
-100
-62
-1
-8
-63
-65
53
6
-1
-32
36
18
-6
-16
23
-80
-40
-59
-2
-58
-50
-133
-75
17
101
-6
40
-7
-33
-16
-88
-10
46
-18
104
-14
-46
-82
-8
-77
-5
6
-56
14
-20
-86
-60
-10
-64
46
17
-2
1
49
28
-5
-18
8
4
-29
10
-46
-46
38
-5
-48
-37
-20
-46
51
-62
-14
-13
-76
-64
66
32
2
4
-24
3
-118
-56
-76
-23
0
47
4
-18
-29
-149
59
-8
-31
-17
-72
-18
-37
-13
5
-84
125
-20
-15
-42
-9
-145
34
-27
-23
42
-47
51
-7
-20
15
-39
-75
-28
-95
-52
-23
-63
24
-35
-13
-26
-95
-27
-86
-7
42
-15
-99
-12
-13
-37
-87
-24
-24
24
-32
12
44
23
-98
-64
-24
-82
12
9
3
-34
-106
4
-50
-54
15
26
63
-53
-5
19
-51
27
-82
-54
-31
-145
-56
-100
14
-1
-76
31
-95
-59
-47
-6
-47
-62
-31
-6
5
-6
71
5
-20
7
-14
-15
-63
-5
-28
-42
-19
-70
-86
-12
38
-70
-9
46
-52
-40
11
-56
34
16
-41
-78
-83
-72
52
-24
19
-20
13
114
-57
6
-59
11
-3
8
67
-24
39
32
-46
-51
-33
-3
-72
5
2
-12
-9
-9
-36
49
26
-37
1
-19
-25
65
-33
-9
54
-98
54
-36
56
33
-15
-4
13
131
-1
4
1
-34
-64
-73
-96
11
27
16
-10
-29
-91
29
-34
-12
-36
3
21
-44
-34
-32
-22
36
26
-35
-42
31
-61
-71
-66
-14
-115
-15
-47
-34
-32
22
-15
-58
5
-77
-50
27
-45
55
-4
31
-92
-15
49
2
-73
46
73
-2
-51
2
-45
-55
-15
-79
36
-28
-33
-69
-30
28
14
14
63
-50
-43
68
39
-5
-16
9
6
-64
-8
-82
-9
-71
-18
-30
107
-46
-32
-49
44
-88
-30
-13
-95
0
-22
-79
-69
-44
-2
-68
-70
-33
-63
-43
-91
-11
26
-67
-26
-30
-40
-12
-51
-102
-2
-109
-43
-35
-23
-22
-12
-5
33
23
-58
-146
-48
1
21
16
-47
-15
38
17
-24
-46
5
-12
-42
69
13
13
17
-30
-56
13
-46
-1
-69
7
30
53
-62
13
-1
-16
34
-7
26
-44
-15
-13
-25
7
-169
14
36
39
38
23
75
-53
31
-7
-2
9
-12
9
-44
-50
-14
46
-21
-17
44
29
1
-58
-3
35
54
28
20
-158
-10
17
-32
45
-80
-25
-57
9
-15
-47
-72
-5
67
43
-83
-45
23
-59
-79
11
-25
70
66
-32
-24
-64
-121
-7
-51
-42
-32
-59
-39
31
-42
-39
-14
-16
-19
-32
61
-4
99
-187
9
13
-43
37
-2
-109
-56
-31
-7
17
-58
4
-3
34
-29
14
-62
19
-54
10
-76
96
-34
3
-1
-19
-107
-5
-34
-70
-21
-30
13
26
-63
31
-13
-32
-109
-48
12
-20
-1
-17
-4
39
-24
-61
7
-6
-25
14
-32
-23
-47
0
-48
-43
-24
-54
22
-40
-5
-47
-59
-41
-14
-41
-66
1
18
25
0
26
26
-2
-28
-79
5
-8
-60
-80
-39
-57
-41
-52
45
31
42
64
36
-11
-5
-79
-70
28
7
-25
-57
-48
-38
7
61
10
-41
-32
-44
46
-51
-15
52
-71
47
-24
-30
-38
32
-32
-39
49
9
-32
20
-131
2
-16
-3
-21
-49
-51
41
-49
70
40
-5
-86
-32
-29
3
-1
23
-76
29
37
4
-44
-69
-54
-51
-7
-30
-9
2
-51
-92
19
-11
-43
-11
25
53
-1
-31
-14
-86
-20
-36
-71
-28
-42
-1
-29
-88
-21
-57
1
-42
-34
-55
-38
59
-22
29
15
-93
-63
-13
-42
-30
19
-30
18
-80
24
-50
-60
5
0
-13
-47
-36
14
11
-55
25
-88
-20
-24
-36
56
-11
-60
-4
-18
21
-9
28
-20
-45
-1
1
-66
-187
45
-40
-52
-56
-8
-32
18
-36
-152
46
-32
-94
-27
-33
90
-57
-43
8
-26
49
-41
37
-42
18
-33
21
48
-102
-98
10
17
-43
-13
12
-16
-54
-8
-117
-15
-30
-89
-42
-64
-20
1
-36
-6
-2
7
29
-43
-48
-17
-26
-64
11
-86
-74
-75
-6
-18
-28
-49
-9
15
9
-12
19
-48
3
17
-79
-57
-59
-16
12
-15
1
-58
44
49
30
-49
-43
-7
91
62
33
-14
-62
26
-31
-130
-30
-53
22
34
-24
3
-16
-1
-40
-46
-39
-34
-10
-54
26
44
-7
-7
-53
24
-22
-21
25
13
-11
-28
-20
55
-31
-40
-24
-45
-81
-119
22
12
-25
-9
-5
-57
17
1
-56
-20
-28
0
-28
-18
-122
1
-4
-45
-24
-76
-60
2
-10
-23
33
-37
71
37
24
4
-14
-46
-14
67
-34
-21
-15
-115
-19
-4
37
14
-27
-71
-81
56
-27
-60
-15
-46
-83
-16
-70
-25
50
-43
58
-81
18
-65
-4
-5
7
8
-54
4
-130
-24
12
0
6
24
-64
44
35
-4
11
4
-45
-46
-15
-25
0
7
-22
17
-15
1
-47
2
46
-1
-46
-7
-60
-92
-23
-84
-8
9
54
-12
-91
-26
12
-50
-21
-2
-60
-18
-87
28
-44
-45
-67
4
15
92
-19
-1
25
-57
1
1
5
-2
-19
-33
-50
14
73
19
-18
12
8
58
-12
-32
-43
-41
-76
-47
-9
-6
-62
-76
111
-6
-88
-58
47
-57
-19
-63
-77
89
-13
-99
-17
-59
6
22
-5
20
-11
-56
-25
-81
-68
103
-46
-28
61
-14
-55
-20
-28
-10
-64
37
-36
-7
22
-43
19
-32
17
-66
25
-68
-36
-11
-56
-65
-14
-100
-32
-118
-60
15
17
9
-13
-110
-72
17
5
-23
-20
13
-77
-36
-69
-62
-11
-55
-42
21
-44
-15
25
-2
-69
100
-5
-78
1
-6
-34
-18
-63
-13
-33
44
-67
-100
-13
-26
-8
-42
9
-56
13
13
-55
-85
-18
1
-32
125
-106
-109
-73
56
-46
-17
-56
31
100
-67
-37
-12
41
59
-14
-15
-42
39
-18
-47
-40
-28
-48
-106
-82
-12
-54
-55
-60
0
-40
7
-101
-23
9
-44
-62
-39
37
-14
-11
9
-158
-90
-42
19
15
67
-17
7
-3
-56
-39
-36
-48
-20
-81
32
-13
-37
-15
2
-89
-100
104
-1
14
13
-84
-8
-1
-58
-53
-18
-13
79
-45
-44
-12
3
44
-93
-59
-3
24
-32
-2
6
-7
-101
15
-11
-52
-30
-62
-55
6
-32
4
3
4
-47
13
111
-3
-16
-73
-10
-11
-120
-13
4
-54
-66
-94
-45
8
12
-27
13
-7
-44
-68
131
-21
19
-21
-7
51
15
-81
46
-36
21
-55
43
-59
-33
7
0
-67
-47
-41
-25
-82
-70
-68
-16
49
-19
21
-29
-19
-65
0
-61
34
-87
-4
32
-59
-16
-33
36
-10
-29
-77
-29
-17
10
5
-63
-50
52
-26
-36
-90
-108
-3
-38
-19
-11
-69
-33
26
14
-94
76
-19
-76
-67
9
27
-49
9
-62
9
-20
-23
-10
-95
73
37
-3
-63
-32
35
-45
-61
1
-40
-36
62
-49
8
3
43
31
-1
-70
26
-22
-4
4
-72
-58
-59
-55
33
-46
-55
-18
-74
-21
-39
-17
5
-38
-33
42
-8
-38
62
-65
-59
-7
13
14
13
-1
-19
-10
36
0
-20
30
13
-1
56
-49
-27
39
-4
-81
68
-22
-53
-1
47
-71
-14
-24
5
-62
-42
-50
68
-12
-11
-17
-27
-41
-60
6
-32
-25
-60
-32
17
-10
-39
3
-67
-23
-29
-1
-13
1
-93
8
-50
8
-38
62
14
-54
-36
8
-26
-49
46
25
-79
62
-22
17
-52
-35
-1
-118
10
-24
-41
-29
-60
-38
-23
39
-5
30
-41
56
-9
11
-2
8
-46
4
40
-39
-98
7
39
0
-57
-39
-69
-40
-61
-33
-82
-46
-28
-46
-36
-15
80
18
-29
-9
-19
-23
-57
-66
-72
-25
90
-3
-34
-109
-51
16
-92
-29
2
-11
16
-45
-11
25
-12
-98
-38
-77
-66
17
-90
8
-21
-39
-81
24
-51
2
-74
3
-45
-64
-15
-52
74
-47
-15
-81
-6
-4
-89
-24
-3
39
-36
-13
6
-32
-29
-68
8
-7
-28
-36
-46
-20
36
-86
-15
49
-25
13
-28
37
-12
-62
-29
17
-26
-100
0
-81
-73
-124
14
-5
-19
-72
-41
45
29
-63
-45
-14
-90
10
26
17
-79
-18
-23
-58
41
-48
44
-77
12
-21
-15
-81
-47
-70
-1
-49
26
-84
-22
46
-44
-63
7
24
-45
-66
-56
-35
-2
34
-7
-26
-53
19
76
11
-72
22
-50
-4
-7
-39
60
-75
2
-79
53
-21
-3
21
56
-69
42
-98
29
-69
-42
31
33
6
-7
-22
-64
114
-36
-66
-9
-28
25
-98
-11
-33
-5
66
-20
-24
-51
-50
-104
4
-13
15
-113
-79
-68
-69
43
9
19
-87
-58
5
-6
-8
-12
-41
115
-57
-16
-15
66
-33
-66
-6
59
-50
-6
-46
-55
-32
-39
-50
-13
