-20
-72
-56
-61
4
-88
-41
-46
-11
-36
-69
-19
-39
-55
-45
-105
15
-78
-88
-19
-16
-40
-40
10
-52
-79
-19
-33
-43
-24
-6
-114
-111
-99
-39
-39
-32
-31
-48
-1
-44
-34
12
-37
-28
-68
-80
-119
-27
-34
-76
-111
-65
-85
-71
-95
-23
-63
-4
-13
-63
-64
-56
-75
-73
-73
-54
-50
-89
-13
-45
-100
-97
-47
-16
-38
-43
-42
-83
-121
-80
-57
-13
-35
-66
-66
-147
-56
-84
-72
-33
-10
-78
-56
-24
-29
-60
-23
-104
-62
-56
29
-79
-97
-101
8
-66
-36
-38
-48
-45
8
-74
-16
-72
-63
-88
-93
-77
-33
-108
-66
-112
-21
-45
-39
-43
-46
-129
-10
-67
-39
-14
-41
-123
-71
-48
-133
-52
-113
-62
-31
-69
-42
-32
-99
-32
-9
-139
-61
-50
-61
-11
-96
-29
12
-36
-125
-26
-63
-81
-58
-16
-61
-51
-77
-71
-44
-34
-78
9
-54
-94
-29
-59
-83
-32
-98
-60
-71
-62
-51
-54
-85
-91
-66
-5
-69
-29
30
-123
-12
-63
-27
51
-88
-27
-7
-75
-40
-35
-46
-34
-58
-75
-13
-79
32
-72
-11
-96
-76
-59
-62
-9
-33
-42
-64
-56
-57
-46
-28
-79
-60
-44
-112
-92
-53
-49
-30
-78
-20
-62
-19
-34
-60
-27
-57
-46
-38
-14
-15
-60
-124
-59
-12
10
3
-118
-90
-46
-39
-19
-42
-100
-92
21
-51
-35
-54
-73
-84
-87
-44
-26
-9
-2
-66
-57
-30
5
-93
-115
-83
-62
-35
-28
-33
-12
-107
-58
-40
-48
-72
-38
-67
-40
-88
-27
-55
-39
-37
-85
-62
-74
-125
8
-55
-92
-52
-41
-78
-117
-69
-51
-28
-59
-57
-94
-68
-29
-61
-33
-85
-57
-86
-44
3
-23
-76
-43
-56
-33
-44
-92
-71
0
7
-50
-32
-72
-49
-69
-9
-11
-19
-117
7
-34
2
-65
-91
-76
-40
-30
-57
-60
-30
-69
-41
-59
-57
-29
-58
-19
-41
-18
-76
-56
-16
-62
-16
-45
-51
-88
-38
-44
-60
-65
-40
-27
-61
-30
-66
-108
-84
-23
-84
-65
-112
8
-59
-12
-57
-53
-74
-55
-74
5
-34
-78
-11
19
-96
-24
-91
-52
-3
-51
-38
-31
9
-75
-73
-31
-68
-74
-139
-87
-21
-82
-84
-43
-103
-54
-138
-82
-21
-37
-11
-52
-66
-33
-35
-64
-14
-70
-66
-1
-37
-10
-88
-72
-39
-48
-61
-85
-43
-24
-78
-52
-88
-59
-68
20
-37
-71
-24
-62
-43
-55
-65
-58
-64
-19
-150
-19
-32
-99
-90
-83
-95
-69
-47
-106
-31
-46
-60
-96
-83
-53
-37
-35
4
-62
-12
-14
-70
-32
-77
-71
-17
-23
-14
-1
-64
-62
-49
-38
-76
-39
-91
-97
-97
-55
14
-28
55
-83
-68
-27
34
-31
-26
-52
-41
-34
-66
-98
-40
-83
-68
-90
-57
-76
-29
-10
-59
-12
-54
-44
-13
-32
-10
-52
-48
-33
-68
-30
7
-99
-6
-82
5
-26
-26
-47
-30
-84
-10
-65
-47
-80
-76
-27
-24
-100
-31
-136
-72
55
-23
31
-54
-63
-39
-106
-56
-99
-75
-31
-99
-68
-40
-64
13
18
-32
-145
-92
-14
-4
-72
-13
-76
-15
-62
-73
-67
-36
-115
-19
-39
-55
-89
-88
-96
-42
-32
-50
-51
-62
-30
-87
-45
-98
-52
-63
10
-50
-69
-69
8
-51
-30
-74
-43
-51
-71
-54
-9
-32
-74
-110
-79
-87
-56
-84
-125
-125
-49
-48
-31
-40
-46
-78
-25
-52
-20
-87
-27
5
-117
-20
-70
-33
-65
-49
1
-49
-64
-35
-19
-23
-41
-85
-20
-48
-42
-58
-24
-53
-23
-4
-96
7
-62
-78
-3
-96
-51
-47
-20
-16
-15
-39
-12
-84
-73
-28
-112
-20
-83
8
-11
-97
-40
-47
-54
-92
-39
-76
-88
-46
-62
-42
-56
-52
-37
-53
-44
-41
-77
-28
-57
-89
-44
-74
-104
-45
-29
-46
35
-56
-10
-5
-109
-69
-47
-36
-51
-35
-46
-76
-10
-41
-29
-109
-80
-57
-90
-56
-47
-92
-71
24
-25
-96
-35
-72
-82
-42
-94
-21
-52
-42
-25
-111
15
-60
-85
-50
-36
-56
-86
-12
-125
-38
-83
-12
-38
-28
-45
-73
-46
-45
-84
-5
-22
-78
-88
-25
-66
40
-74
-33
4
-91
-70
-150
31
-51
-40
-74
-25
20
-79
12
-66
-90
-82
-101
-28
-55
8
-50
-51
-83
-3
-37
-65
-34
-75
-44
-67
-62
-141
-30
-60
-31
-62
-134
-24
-79
-88
-87
-69
-66
-84
-21
-59
-59
-60
-88
-42
-64
-54
-23
-62
-68
-57
-11
-50
-74
-86
-10
9
-62
-4
-49
-12
-29
-43
-11
-108
-29
-88
-59
-78
-61
-83
-11
-30
-82
-89
-91
29
-2
4
-49
-34
-71
-90
-79
32
-16
-55
-34
-109
-37
-59
-67
-41
-28
-26
-34
6
-34
-34
-81
-50
-35
-74
-66
-29
2
-53
-60
-122
63
-74
-81
-72
-53
-69
-42
-38
-14
49
-122
-5
-66
-76
-35
-72
-34
-86
-21
-66
-36
-90
-49
-59
-60
-60
-7
-22
-20
-115
-49
-26
-52
-93
-14
-78
-69
-67
-45
-59
-82
-13
-15
-36
-47
-50
-1
-58
-8
-59
-64
-60
-87
-46
6
-60
-49
-82
-37
-51
-49
-28
-28
9
-70
40
-33
-97
-106
-78
-67
-61
-30
-30
-85
-4
-28
-41
-12
-47
-85
0
-39
-68
-21
-36
-60
-103
7
31
-60
-53
-36
-48
-71
-15
-89
-41
-46
-18
-33
-37
-94
-21
-50
-56
-27
-59
-67
-76
-88
-31
-24
-27
-35
-27
-57
-12
-12
-21
-32
-65
-59
-29
-14
-63
-77
-69
-79
-59
-92
-36
-37
-24
-48
-44
-69
-42
-46
-45
-39
-64
-63
-4
-34
-77
-12
-72
-63
-151
-51
-71
-41
-25
-26
-54
-37
-100
-52
-74
-78
-73
-63
-3
-99
-76
-7
-23
8
-24
-105
-73
-43
-55
-57
-94
-24
-57
-44
-47
-93
-23
-60
-51
-82
-69
-45
-35
-85
-74
-22
12
-114
-44
-83
-45
-5
-32
-27
-77
-55
-59
-63
-38
-84
-58
-78
-116
-53
-19
-130
-95
-61
-43
-61
-84
-78
-80
-2
-82
-47
-60
-83
-59
-42
20
-58
-25
-26
-27
-8
-26
-57
-5
-78
-28
-68
-59
-71
-67
47
-15
2
-59
-89
-11
-14
-47
-68
-153
-116
-69
-68
-64
-25
-35
-51
-100
-27
-139
-88
-29
-82
-79
-79
-91
-59
-92
-62
-26
-49
-76
-51
-58
-37
-25
-45
-23
-40
-72
26
-86
-95
-117
-27
-86
21
2
-83
-37
-59
32
-85
-52
-70
-53
-54
-147
-53
-91
-37
-121
-79
-79
-97
40
-50
25
-90
-58
-73
-89
-39
-1
-73
-57
-52
-52
-81
-56
-55
-49
-16
-45
-63
-80
-51
-36
-46
-35
-17
-79
-93
-57
-42
-53
-65
-32
6
-43
-15
-98
18
60
-109
-9
-90
-21
-27
-56
-56
-36
-26
-26
-13
8
-60
-40
-30
-4
-21
-116
-68
-39
53
-83
-100
-35
11
21
-61
-57
-80
-19
-1
-16
-42
-47
-111
-101
-29
-67
-78
-62
2
-30
-14
-77
-11
-63
-14
-39
-89
-27
-58
-81
-72
9
-54
-87
-104
-114
-61
-103
-62
-12
-21
-88
-72
-59
-51
-34
-92
0
-35
-65
-81
-33
13
-63
-27
-14
-83
-33
40
-38
-54
-66
-101
-46
-58
-83
-14
2
-56
7
-33
-82
-21
23
-56
-25
-102
-56
-40
-76
7
-101
-68
-83
-95
-86
20
-66
-30
-85
-69
-21
-45
-139
-74
-80
-92
-82
13
-8
-83
-23
-18
-44
-77
-3
-70
-96
-86
-28
-96
-24
-66
-62
-11
-35
-49
-81
-59
-96
-61
-88
-85
-73
-110
-45
-50
-2
-85
-45
-57
-48
-70
-46
-25
-66
-44
-106
-78
-32
-51
-67
-23
-35
-92
-110
-43
-26
-56
-19
-121
-48
-9
-66
-50
-65
-61
-60
-46
-71
-81
-63
-52
-115
-53
-34
-31
-8
-60
-60
-34
-31
-54
-92
-70
-51
-60
-4
-59
-46
-54
-59
-116
-70
-18
-40
-150
-111
-23
-77
-68
16
-35
-17
-45
-34
-66
-24
-134
-43
-76
-58
-24
-40
-57
-59
-29
-113
-58
-63
-14
-61
-98
-31
-40
-34
-28
-4
-83
-58
-82
-5
-66
-34
-27
-53
-40
-101
-39
-56
-72
-40
-106
-69
-45
-30
-69
-1
-40
-52
-69
-21
-79
-76
-26
-85
-150
-48
-19
-150
-19
-68
-78
-56
-41
-37
-93
-73
-32
-77
9
-53
-2
-1
-63
-71
-34
-4
-87
11
-36
-11
-34
-83
6
-36
-6
-57
-89
-76
-56
-62
-62
-92
-102
-99
-66
-40
-95
-43
-48
-46
-53
-49
-29
-1
-103
-58
-89
-39
-79
-89
-31
-23
-34
-14
-61
-61
-73
-23
-56
-41
-35
-86
-58
-93
-66
-13
-55
-20
-91
10
-74
-53
-34
-34
-98
-82
-60
-111
-61
-56
-105
-46
-47
-32
-34
-24
-46
-45
-38
4
-40
-13
-43
-20
-48
-71
16
-60
-87
-74
-66
-17
-46
-21
-77
-64
-51
-55
-38
6
-65
-58
-58
-45
-51
-100
-91
28
-106
-33
-3
-136
16
-16
-89
8
-34
-29
-95
-90
-33
-121
-43
-83
-94
-77
-36
-141
-66
-56
-26
-101
-90
-9
-25
-131
-90
-60
-55
-86
-62
-89
-76
-60
-90
-97
-31
-84
-78
-45
-14
-78
-10
-76
-54
-50
-47
-53
-19
-43
-31
-39
-56
-146
-39
-74
-20
-24
-41
-21
-47
-116
-43
10
-145
-105
-39
-27
-109
-29
-39
-25
-44
-112
-123
-32
-87
-77
-39
-59
-71
-122
-31
-1
-46
-8
-86
-61
-72
-29
-33
-110
-46
-6
-37
-56
28
-49
-59
-44
-46
-45
-15
-39
-19
-44
-1
-21
-51
-54
-18
-33
-61
-21
-23
-19
-44
12
-64
-66
18
-9
-114
-74
-50
-70
-10
-73
-62
-60
-44
-75
-60
-46
-46
-5
-39
-26
-92
-106
-37
-44
-74
-50
29
-38
-30
-22
-42
-45
-112
-77
-145
-51
-69
-97
-53
-12
-60
-85
-47
-43
-7
-78
-17
-84
-18
-14
3
8
-79
-72
-54
-41
-44
-2
-45
-59
-13
-47
-65
-66
-29
-100
-73
-83
-60
-70
-64
-78
-109
-112
-18
-77
-86
-30
-57
-21
-61
-19
-29
-57
-89
-22
-100
-118
-32
-1
-28
-28
-35
-43
-98
-44
-59
-69
-47
-44
-69
-77
-70
-32
-43
-121
-64
-11
-16
-74
-72
-77
-79
-98
-50
-56
-7
-79
-108
-83
-52
-56
-94
-58
-94
0
-47
-65
-15
-25
-33
-73
-99
-61
-39
-38
-30
-12
-81
-11
-124
-32
-26
-75
-80
-52
-14
-103
-48
-29
-84
-53
-59
-15
-21
-51
-77
-31
-77
-45
4
-101
-64
-73
-69
-53
-1
-109
-53
-27
-77
-92
-85
-108
-57
-62
-53
-46
4
-37
-38
-52
-63
-14
-3
-67
-73
-84
-85
-101
-37
-75
-37
-25
-14
-82
-74
-13
-79
-33
-44
-36
-37
-32
-58
-33
-88
-41
-34
-115
-34
-40
-33
-89
-29
-43
-80
-43
-41
-70
-29
-70
-70
-87
-44
-48
-80
-98
-105
-42
-83
-82
-59
-87
-51
-56
-34
-40
7
-97
-21
-59
-106
-69
-14
-27
-69
-57
-59
-105
-24
-143
-89
-75
-51
-18
2
-15
-67
-42
-27
-47
-70
-73
-62
-34
-71
-26
-58
-90
-87
-50
-51
-46
-30
-46
-83
2
1
-97
-89
-30
-29
-34
-70
-46
-106
-91
-34
-56
-23
-22
-93
-2
-40
-20
-80
-27
-30
-65
-44
-77
-68
-34
-127
-46
4
-41
-37
-50
17
-77
-33
-48
-66
-33
-99
-73
-68
-51
-6
-47
-141
-42
-62
-30
-98
-19
-13
-68
-29
-40
-45
41
-77
-56
-37
-101
-16
-26
-27
-68
-63
-24
-50
-85
-5
-129
-30
-76
-78
-33
-38
-42
20
-86
-65
-29
-66
-57
-4
-90
-58
-1
-51
-88
-69
-99
-25
-58
-85
-150
-29
-43
-93
-37
-5
-42
-84
-88
-100
-28
-62
-119
-90
-48
-35
-34
-2
-41
-108
-29
-75
-109
7
-24
-70
-74
-88
-62
-51
-52
-53
-15
-33
-47
7
-82
-38
-25
-44
-136
-55
-68
-16
-63
-60
-54
-86
-22
-125
-67
-19
-46
-77
9
-67
-34
-45
-57
-18
-30
-49
-48
-91
-31
-52
-12
-60
-92
-73
-76
-121
-49
-45
-26
-40
-50
-27
-42
-71
2
-36
-19
-111
-44
-57
-36
-65
-58
12
-35
-67
-25
-82
-63
-33
-56
-57
-106
-110
-8
-76
-53
-11
-65
-41
-139
-100
-81
-62
-103
-32
-52
1
-62
-35
-49
-75
-74
-35
-43
-67
-83
-89
-62
-24
-14
-82
-88
-63
-88
-39
9
-67
-53
-64
-37
-63
-81
20
-79
-64
-93
9
-95
-32
-61
-46
-30
-62
-34
-86
5
-87
-75
-24
-59
-15
-23
-108
-110
-63
-117
-139
-10
-39
-30
-71
-34
-87
-68
-117
-77
-52
-96
-23
-73
-105
-49
-50
-96
-24
-83
-22
-81
-5
-77
-90
-14
-98
-56
-80
-136
-111
38
-49
-44
53
-27
-53
-21
-40
-105
-73
-109
-48
-39
-92
-50
-75
-9
-123
-63
-76
-44
-66
-47
-92
-18
-136
-106
-76
-39
-11
-23
-80
-47
-101
-35
-76
-66
-44
-37
-26
4
-44
-95
-10
-95
-22
-73
-46
-84
-58
11
-27
-28
7
-24
-83
-49
5
-66
-27
-55
-44
-18
-5
-23
-83
-43
-65
-43
-27
-56
31
-32
-25
-67
-12
-8
-122
-52
-150
-52
-82
-7
-83
-79
42
-64
-41
-45
-39
-79
-61
-51
-92
6
-52
-110
12
-118
-58
-64
-103
-13
30
14
-65
-43
-40
-69
-34
-32
-78
-52
0
20
-48
-49
-83
-89
5
-47
-146
-27
-52
-43
-25
-67
-82
-58
-69
22
-18
-92
-59
-40
19
-44
-79
-43
-46
-61
-85
-78
-86
-134
-51
-43
-57
-24
-6
-56
-60
-73
-33
-101
-38
-47
-66
-65
-91
-44
-66
-100
-57
-41
-3
-78
-44
-60
-41
-53
-110
-59
-40
-46
-1
-49
-67
-27
-85
-64
-86
-70
-56
-77
-40
-34
-56
-54
-61
4
-99
-20
-82
6
5
-89
-64
-25
-35
1
-76
-82
-138
-77
-57
-53
30
-21
-29
0
-72
-40
-61
-26
-100
-104
-85
-33
-2
-11
-81
-86
-56
-41
-125
-45
-95
-51
-69
-45
-106
-47
-46
-15
-39
-67
-46
28
-54
-110
-31
-31
-60
-79
-37
-25
-35
-68
51
-94
-58
-33
-77
-54
-76
0
-79
-26
-77
-71
-40
-76
-44
4
-40
-28
-85
21
-68
-32
-79
-98
-48
-72
-55
-102
-10
-88
-95
-127
-83
-69
-43
-14
-69
-130
-87
-32
-73
-50
-93
-41
-78
-22
-57
-47
-89
-2
-114
-44
-74
-57
-16
-46
36
-50
-16
-62
-77
-51
-41
-39
-60
-53
-62
-31
-58
-91
19
-33
-10
-55
-50
-24
-47
-56
-23
-44
-71
-63
-40
-73
36
-79
-67
-84
-77
-11
-31
-45
-79
-36
-92
-54
-75
-56
-55
-2
-65
-62
-35
-45
-66
-63
-62
-90
-66
-42
-83
-122
-96
-95
-44
-27
-33
-22
-6
-28
-50
-16
-30
-88
-55
-71
-1
-50
-44
-37
-46
-19
-76
-56
-60
-79
-45
-88
-73
-78
-26
-36
-94
-125
-53
-40
-95
-74
-47
-69
2
-80
-68
-92
-67
-57
-91
-128
-54
-19
-44
8
27
-42
-28
-96
-68
-123
-35
-1
-68
-114
-25
-76
-129
-106
-9
-30
-43
-4
-100
-33
-84
9
-38
-59
-69
-26
-29
-100
-15
-45
-53
-96
-35
-14
-43
-1
-66
-12
-6
-60
-58
-46
-13
-17
-68
-80
-61
-3
-39
-4
-72
-47
-83
-69
-48
-17
-35
-49
-51
-34
-50
-29
-30
32
-43
-105
-39
-58
-61
-84
-114
-84
-120
-69
-15
-94
-125
-82
-57
-92
-65
-99
-10
-54
-56
-28
-104
-87
-35
-45
-53
-98
-54
-23
-30
-39
-4
-110
-78
-16
-85
-44
-73
-65
-54
-91
-71
-82
-93
-27
-69
-57
-50
-61
-65
-101
14
-63
8
-35
-57
-56
-37
-60
-30
-14
-63
-31
-45
-29
-40
-13
-13
-47
-47
-19
-33
-93
-111
-14
-16
-68
-5
-71
-45
9
-72
-69
-63
-95
-64
-59
-40
26
-36
-26
-13
-62
-54
-89
-30
-17
-61
-50
-45
-57
-38
-43
-101
-1
-28
-14
-44
-72
-39
-98
40
-12
-84
-17
-60
-41
-31
0
-84
-42
-52
0
-47
-11
32
29
-19
-76
-52
16
-138
-61
-45
2
-43
-28
-34
-14
-72
-18
-51
-70
-39
-29
-83
-119
-84
-11
-35
-26
-113
-16
-41
-48
-57
-62
-48
-53
-67
-89
-49
-40
-47
-57
-112
-29
-57
-99
-47
-5
5
-35
12
-46
-83
-26
-71
17
-42
-84
-76
-30
-73
-38
-44
-48
-45
-28
-91
-33
-66
-43
-85
-47
-47
-72
19
-33
-39
-36
-90
-58
-61
-50
-52
-38
-72
-52
-61
-58
-60
-84
-72
-40
-51
-73
-100
29
-95
-66
-58
-90
-82
-85
-74
-108
-57
-65
-93
0
-56
-66
-11
-17
-87
-17
6
-54
4
-12
-67
-45
28
-44
-6
-90
-11
-60
-58
-62
-117
-69
-24
-43
-51
-78
-11
-43
-26
-49
-84
-74
-19
-52
-9
-55
-73
-11
-72
-74
-64
-60
-65
-27
-59
-3
-52
-71
-60
-73
-68
-76
-65
-94
-39
-103
-21
-57
-33
-32
-103
-102
-31
-127
-60
33
-61
-147
-39
-47
-55
-65
-33
-41
-21
-61
-117
-2
-53
-34
-3
-138
-31
-25
-27
-47
-67
-68
-48
28
-72
-64
17
-76
-50
-98
-67
-41
-37
-19
-26
-1
-66
-79
-53
-83
-90
-46
-104
6
-85
-53
-85
-66
-39
-59
-32
-7
-68
-78
-59
-44
-107
-89
-88
-45
-67
11
-28
-9
-58
-103
-80
-43
-42
-47
-14
-100
-75
-53
-70
-35
-94
-76
-94
-41
-72
6
-76
-73
-73
-49
-22
9
-67
-101
-106
18
-68
-92
-49
-59
2
-38
-53
14
-12
30
-14
-34
-91
-83
-57
-45
-35
-73
-16
-80
-45
-74
-51
6
-48
-79
-5
-60
17
-87
-83
-15
-17
-56
1
-35
-42
-42
-59
-72
-39
-73
-33
-30
-27
-107
9
-91
-60
-108
-46
-72
16
-48
-69
-52
-16
-20
-54
-105
-17
-77
-83
-40
-27
-40
-44
-19
-55
-67
-61
-24
-56
-65
-83
-87
-49
-105
-11
2
-62
-18
-42
-64
16
-14
-125
-28
-98
-69
-103
-89
-38
-55
-45
-43
-20
-48
-44
-64
-87
-117
-96
-40
-53
-145
-28
-72
-64
-68
-46
-89
-52
-86
-65
40
-91
-141
-64
-49
-57
-110
-41
-109
-82
-88
-4
-29
-28
-62
4
-47
-40
-49
-49
-27
9
-105
-90
-65
-43
-42
-18
-62
35
7
-53
-26
1
-62
-72
-19
-92
-80
-78
-72
-73
-15
-90
-25
-86
-32
-40
-34
-101
-73
-95
-98
-44
-83
-47
-70
-75
-20
-101
-31
-108
-53
-29
-84
-13
-27
48
-58
-110
-89
-98
-54
-41
-24
-86
-14
-45
-64
-35
-29
-28
-24
-73
-101
-66
-66
-84
-116
-42
-113
-62
-81
-58
47
-153
15
-87
-60
-68
-49
-54
-60
-85
-59
-1
-104
-51
-35
-54
-91
-67
-34
-82
-86
-63
-37
-57
-69
-91
-40
-30
-50
-78
-87
-64
-91
-69
-72
-52
-8
-72
-59
-58
-48
-71
-59
-47
-44
-57
-61
-107
-61
-79
-41
-44
-68
-67
-40
-25
-46
-93
-91
-44
-51
-83
-11
6
-129
-80
-57
41
52
-37
-22
-59
-55
-56
-88
-4
-60
-69
-99
-49
-85
-90
-80
-84
-68
-16
2
-52
-83
-34
-57
-133
-32
-48
-40
-70
-98
-13
-71
-56
11
-56
-98
-26
-10
-70
-67
-6
-70
-60
-66
13
26
-22
-45
-78
-86
10
-42
-81
-44
-89
-35
-61
-66
-80
-90
-61
-77
-68
-74
-68
-61
-77
-68
-74
-40
-120
-45
-61
-90
-29
-47
-39
-45
-52
9
-119
-87
-45
-53
-102
-42
-63
-25
-93
-34
-45
-53
-36
-25
-48
-79
-35
-11
2
-103
-75
-12
-78
-38
-57
-76
-109
-25
-63
-66
-68
-23
-47
-47
-79
-26
-69
-139
-97
-52
-49
-18
-50
-20
-45
-59
-37
-105
-43
-25
-79
-71
-59
-106
-56
-62
24
-97
-71
-16
-55
-60
-105
-118
-47
-47
-19
-45
-87
-84
-71
-65
-90
-85
33
-26
-50
-30
-77
-20
-50
-71
-151
27
-85
-32
-26
-77
-82
-29
-17
-63
-120
-62
-43
-71
-47
-108
-70
-42
-31
-76
-49
-93
-56
-33
-95
-41
-28
-46
-88
-49
-40
-41
18
-87
-77
-9
-43
-32
-65
-64
-66
-57
-37
-43
-8
-75
-42
-48
-119
-52
-43
-60
34
-61
-43
-14
-1
-62
-90
-53
-68
-72
-49
-30
-19
-26
6
-46
-56
-92
-71
-109
43
-45
-81
-67
-35
-30
-83
-31
-13
-55
-55
-30
-63
-40
-68
-139
-37
-13
-46
-47
-78
6
-101
-83
6
-88
-132
-139
-91
-126
-74
-89
-54
-64
-86
-41
-23
-27
-63
-1
-45
-35
-44
-30
-47
-24
-86
-50
-120
-62
-62
-16
-46
-54
-108
-83
-74
-27
-65
-35
-44
-28
-49
-19
32
-65
-46
-8
-68
-57
-55
-40
8
-54
-56
-70
-65
-86
-18
-49
-152
-39
-30
-36
-101
-62
-57
-43
-37
-51
-92
-37
0
-43
-8
-34
-56
-47
-120
-73
-106
-114
-74
-84
-24
-40
-116
-102
-103
-15
-69
-41
-27
-34
-135
-73
-84
-32
-63
-70
-18
-55
-39
-90
-13
-91
-51
-28
-71
-16
-51
-35
39
-150
-100
-54
27
-52
-64
-108
-67
-62
-129
-64
31
-118
-64
-29
-106
-75
-68
39
-105
-62
-15
-29
-37
-1
-46
-57
-13
-21
-10
-102
-46
-31
-51
-90
-86
-83
-105
2
-69
-76
-28
-23
-48
-60
-4
-59
-56
-56
-42
-26
-56
-28
-34
-65
-69
-10
-10
-37
-11
-75
-57
-88
-48
-63
-73
-17
-83
-29
-84
12
-55
-62
-23
-66
-21
-66
-78
-44
-60
20
-28
-72
-94
-68
-50
-41
-62
-123
-32
-15
-52
-44
-45
-29
-32
-87
-56
-63
-38
-97
-68
-77
-34
-35
-87
-45
5
-66
6
-7
-35
-91
-36
-66
-65
-54
-27
-59
-79
-43
-79
-43
-52
-60
-105
-24
-35
-33
-44
-89
-75
-67
-67
-76
-101
32
-10
-69
57
-42
-121
-57
-100
-99
5
-43
-32
-60
-85
-38
-78
-45
-22
-36
10
-53
-47
-53
-57
9
-23
-29
-78
-46
-102
-74
-63
-37
-12
-91
-92
-55
-57
-66
-87
-7
-22
-36
-75
-53
-37
-74
-83
-65
-44
-55
-35
-54
-19
-99
-63
-49
-24
-43
8
-59
-129
-104
9
-19
-29
-15
-51
-48
-62
-46
-57
-125
-121
-62
-58
-43
-92
-42
-62
-44
-18
-34
4
-24
-78
-45
-69
-68
-56
-146
-38
-60
-92
-10
-82
-61
-114
-46
-42
-98
6
-64
-87
-73
6
-5
-38
-13
-28
-14
-46
-12
-22
-53
-35
-49
-65
-60
-74
-20
-50
-77
-78
-65
-71
17
-73
-12
-59
3
-86
-76
-96
-7
-57
-73
-47
-68
-15
-77
-54
-21
-48
-39
-44
-21
-53
-51
-79
-38
-83
-31
-12
-94
-37
-97
-47
-43
-69
-58
-65
-56
-50
-44
-33
-85
-42
-45
-85
-23
-23
-62
-54
-90
-111
-47
-44
-14
-18
1
-17
-43
-18
-66
-49
-70
-34
-19
-4
-69
-41
-10
-47
-70
-58
-98
-76
-33
-50
-34
-29
-41
-66
-56
-16
-67
-56
-22
-53
-44
-52
-33
-29
-112
-51
-9
-34
-57
-86
-45
-18
-47
-24
-42
-19
36
-105
-64
-40
-36
-43
-80
-52
32
-40
-45
-54
-62
-25
-56
-54
-82
-54
-103
-103
-64
-23
-84
5
-61
-34
-24
-75
-62
-56
22
-70
-70
-61
-90
-54
-64
-77
-71
-93
-55
-78
-45
-67
-58
-64
-83
-19
-83
-88
-10
-58
-55
-97
-1
-54
-103
-50
-88
-46
-94
-78
-66
-31
-70
-40
-19
-46
-68
-71
7
-55
-47
-61
-17
-23
-2
-20
-43
-73
-53
-73
-64
-26
-1
-47
-27
-43
-54
23
-99
-44
-82
-43
-62
-53
-95
-23
-76
-95
-63
-27
-14
-55
-66
-43
-87
-75
-53
-68
-56
14
-78
-34
-43
-9
-50
-20
-67
-39
-45
-42
4
-86
-55
-46
-93
-72
-81
-40
-28
-82
-45
-31
-59
-121
1
-70
-36
-71
-64
-69
-31
-108
-20
-61
-64
-77
-15
-36
-32
-75
6
-64
-31
-89
-51
-76
-42
-122
-104
-110
-64
-37
-150
-30
-79
-56
-62
-114
-84
15
21
-67
-37
-156
-48
-134
-64
9
10
-41
-73
-51
-1
-19
-46
-66
-54
-99
-94
-8
-13
-35
-16
-90
-10
-64
-105
-116
-56
-57
-54
-18
-31
-59
-51
-92
-62
8
-28
-109
-70
-44
0
-116
-1
-25
-6
-57
5
-84
-82
-11
-63
12
-47
-61
0
-1
-43
-95
-41
-58
-8
-113
-25
-79
-75
-23
-64
1
-115
-55
-48
-41
-45
-78
-69
-17
-54
-87
21
-75
-28
-35
-63
-66
-119
-75
-40
-41
-63
-104
-50
-60
22
-52
-62
-11
-56
-98
-25
9
-70
16
-85
-68
-40
-40
-68
-72
-84
-67
-98
-33
-90
38
-59
-38
-50
-127
-99
-46
-68
-74
-9
-22
-58
-16
-67
-71
-57
-26
-15
-40
-96
-14
-61
-75
-32
12
-106
-71
-40
-86
-1
-91
-59
-44
-19
-68
-9
-50
-57
-3
-49
-81
32
-80
-26
-82
-22
-58
-33
69
7
-83
-29
-43
-69
-93
-67
-40
-38
-74
-20
-64
-80
-52
-46
-49
-43
-16
-58
-29
-40
-133
-45
7
-32
-7
-15
-57
-39
-2
-92
-69
-95
-44
-105
-60
-55
-57
-128
-83
-76
-74
-51
-92
-11
27
-7
-57
-62
-30
-49
-103
-82
-56
-86
-58
-54
-7
-70
-96
-92
-78
-40
-19
-8
-30
-54
-92
-41
-75
-49
-68
-109
-43
-66
-44
-49
-64
-13
-54
-28
10
-45
-114
-36
-45
-30
-49
-91
-63
-46
-10
-41
-91
-93
-52
4
-27
-98
-60
-86
-52
31
6
-63
20
-59
-79
-36
-77
-58
-12
-69
-63
-55
-24
-25
-33
-38
-112
-2
-70
-61
-47
-109
-76
-32
-40
-60
-51
-98
-64
-116
-54
-65
-52
-28
-52
-30
-20
19
-37
-119
-69
-42
-36
-86
-104
-68
40
-79
-53
-56
-13
-42
-49
-75
-41
-20
-53
-104
-39
-61
-56
-57
-109
-67
7
-19
-83
-44
-53
-41
-27
-34
-42
-118
-24
-58
-14
-10
-76
-57
-16
-51
-30
-57
-89
17
-56
-93
-88
-83
-41
-83
-44
-83
-89
-90
-24
-53
-50
-68
-58
-111
-53
-85
-45
-18
-23
-61
-2
-19
-53
-43
-73
-29
-7
-31
-64
-55
-16
-50
-62
-88
-76
-42
-58
-42
-69
-40
-64
-57
-27
-4
-77
-57
10
-40
-106
-64
-19
-34
-66
-77
-67
-73
-85
-55
-44
-15
-106
-101
-66
-3
-49
-84
-67
8
-1
-60
-68
-82
-92
-87
-54
-100
-12
-43
-13
-96
-46
-51
-46
9
-57
10
-67
-54
9
-106
-72
-69
-86
-72
-27
-64
-1
0
-97
-73
0
0
-88
-131
-42
-34
-122
-72
-118
-34
-40
-53
-68
-10
-85
-112
-50
-90
-90
-45
-20
25
-54
-68
-31
-48
-81
-77
-52
-101
2
-70
-14
-66
23
-44
-67
-92
-111
22
-66
-33
29
-51
-72
2
-9
-52
-56
24
-75
-59
-70
-71
-117
-38
-30
-145
-93
-26
-50
-98
-29
-12
-45
-72
-35
-91
-3
-100
-6
-61
-7
-65
-58
-65
-53
-27
-54
-49
-60
-29
-91
-94
-56
-39
-50
-14
-100
-37
-86
-124
-90
-62
-16
-63
1
-100
-60
-78
-14
-85
-125
-50
-56
-133
-59
-61
-60
-85
-64
1
-32
-71
-40
-54
-54
-38
-10
-39
-51
-26
-77
-19
-85
-89
-82
-90
-57
-1
-90
-61
-114
-54
-87
-77
-12
-54
-49
-59
-2
-61
-77
-30
-31
-72
-49
-83
-129
-52
-76
-60
-74
-52
-53
-61
-72
-26
-90
-49
-49
-43
-61
-40
-40
-50
-53
-103
-51
-5
-67
-41
-92
-27
-116
-147
-122
-101
-12
-14
-62
-87
-102
-106
-87
-53
-77
-81
-62
-52
-94
-10
-67
-88
-64
-32
41
-124
-57
25
-19
-64
10
28
-8
-89
-27
-45
-65
-61
-53
-53
-102
-28
-84
-64
-44
-74
-66
-102
-12
1
-19
-108
-30
-95
-63
-45
-69
-67
-44
-34
-54
-60
-78
-52
-108
-76
-48
-36
-21
-46
-57
-98
-83
-27
28
-75
-36
-84
-16
-30
-79
-46
-81
-19
-61
-134
-102
-90
-60
-76
-36
-55
-11
-70
-34
-27
-75
-59
-24
-37
-8
-33
-90
-85
-84
-90
-46
-4
-74
-29
-60
-33
-47
-43
-54
-59
-97
-27
-3
-54
-57
-42
-91
-58
-57
11
14
-5
-29
-117
-46
-47
-68
-95
-67
-36
-23
-101
-28
-57
-43
-73
-8
-16
-50
-20
-56
-55
-36
-32
-43
-77
-18
-80
-86
-83
-89
15
-36
-33
-39
-115
-32
-119
-132
-61
-75
-40
-67
-106
-49
-83
21
-62
-79
-49
-46
-83
-18
-52
-21
-53
-63
-112
-11
-7
-84
-16
-59
-38
-29
-28
-72
-82
-50
-36
-44
-66
-40
-50
-39
-85
-5
-64
-83
-25
-87
-77
-38
-18
-13
-86
-30
-32
-89
-119
-76
-33
-36
-85
-72
-68
-54
-14
-51
-59
-42
-47
-19
4
-66
-47
-60
35
-40
-57
-110
-58
-69
7
-37
-48
-50
-65
-97
-48
-103
-94
-12
-36
-23
-108
-49
-66
-74
-122
-41
-78
-44
7
-88
10
-91
-26
-22
-10
-97
-27
-29
-73
-32
-34
-52
-37
-66
-94
-67
-20
-43
-107
-116
-104
-21
-36
-6
-27
-84
-73
-32
-92
-84
-31
-84
-68
-19
-90
-35
-38
-19
-60
-51
-73
-68
-98
-79
-41
-55
-21
-79
-79
-15
-28
-13
-71
-107
-18
-57
-44
-33
-25
-35
-39
-84
-71
-30
-85
-83
-41
-60
-97
-36
-58
-67
-69
-54
-14
-55
-68
10
-10
-34
-86
-52
-99
-39
-70
-33
-58
-38
-85
-98
-85
-90
-19
-26
-75
-138
-21
-20
-45
-12
-101
-49
-1
-55
34
-96
-60
-55
-80
-79
-62
-35
-83
-59
-76
-54
-16
-25
-37
10
-49
-110
62
-123
-10
-44
-25
-40
-17
-42
-49
-73
-9
-10
-138
-84
-33
-56
-11
-71
-14
4
7
-59
-74
-59
-29
-31
-46
-8
-36
-25
-53
-31
-81
-33
-49
-90
-49
-93
41
-37
-82
-34
-39
-70
-56
-99
-101
-7
-121
-45
-76
-107
-32
-58
-70
-69
-27
-39
-32
-77
-48
-38
-42
-5
-50
-80
-65
-71
-62
-51
-77
-61
-50
-82
-110
-67
-34
-128
-32
-76
-26
-48
-101
-35
-66
-51
-47
-30
5
-70
-77
-92
-57
-49
-93
-33
-70
-61
-106
-20
-53
-46
17
-101
-101
-59
-35
-50
2
-56
-57
-36
-68
28
-68
-23
2
-55
-54
-80
-64
-37
3
-59
-104
-95
-60
-41
-72
-76
-86
-51
-62
-19
-32
-138
0
-45
9
-29
-93
-64
-56
-10
-49
-81
-58
-36
-52
-65
-72
-89
-79
-86
-41
-11
-47
-11
-83
-64
-48
-37
-86
-54
-118
-86
-47
28
-88
-18
-107
-48
-9
-27
-40
-31
-69
-59
-79
-81
-70
-118
-30
8
-56
-30
6
-133
-88
-76
-25
-87
-69
-79
-31
-52
-111
-30
-74
-62
-44
-46
-38
3
5
-49
-61
-51
-41
-44
-93
-99
-62
-87
-57
-91
2
-93
-71
-105
-43
-50
-123
-32
-106
-109
-55
-26
-77
-17
-33
-114
-60
-30
-41
-107
-52
-66
36
3
-35
-49
-82
-91
-26
-86
-89
-152
-41
-67
-76
-48
-82
-55
-83
1
-64
-45
-11
-96
-23
-85
-39
-72
-59
-16
-47
-94
34
-77
-49
-64
-43
-69
-66
-58
-89
-35
-67
-61
-98
-86
-70
-98
-30
-94
-43
-43
-79
-48
-30
-69
-37
-35
-18
-75
-35
6
-72
-32
-54
-44
-47
-51
-53
13
-20
-14
-78
-93
-51
-99
-37
-53
-1
-83
2
-87
34
-70
-69
-92
-41
-26
-64
-7
-58
34
-90
-80
-29
-38
-36
-76
-11
-48
-93
-90
-72
-108
-54
-55
-89
-16
7
-36
-38
-44
-4
-82
-58
-65
14
-79
-31
-90
-41
-54
-59
-26
-90
-45
-74
-29
-90
-78
-83
-34
-11
-43
-55
0
-62
-6
-56
5
-86
-93
-66
-61
-9
-82
-109
-50
-103
-52
-47
-59
-104
-33
-105
-79
-18
-9
-87
-56
-8
-29
-44
-35
-79
-75
-28
-67
-80
-58
-11
-88
-94
-53
-47
-96
-36
-43
-39
-133
-99
-73
-98
-32
-80
6
-45
-44
-36
3
-112
-32
-38
-59
-30
-56
-31
-42
8
-108
-69
-10
-69
-83
-57
-33
12
-91
-32
-51
-38
-61
-61
-49
-96
-92
-82
-14
-25
-9
-63
6
-54
-89
-18
-79
-78
-24
-77
-77
-7
-111
-89
-89
-72
-94
-66
-52
-81
-92
-53
-93
-4
-22
15
-44
-53
-41
-76
-44
-66
-43
-86
-42
-65
-73
-26
-42
-63
-13
-54
-43
-17
-49
-73
5
-26
-93
-46
-132
-52
-25
-42
-124
-76
-65
-21
-48
-33
-67
-32
-27
-4
-86
-80
-91
-45
-41
-18
-1
-13
-66
20
-83
-36
-124
-62
-20
-84
-49
-68
-80
-33
-94
-124
-60
-66
-97
-92
-112
-76
-82
-59
-23
-68
-97
-47
-1
-61
-45
-93
-79
-31
-6
-35
-77
-63
-65
-49
-46
-43
11
-25
-93
1
-52
-50
-68
3
-8
-72
-40
-56
-36
-86
45
-59
-79
-28
-73
-52
-33
-6
-34
-53
-88
-97
-35
-16
3
-45
-68
-61
-55
-146
-38
-105
-94
-46
8
-27
-100
-3
8
-30
-92
-98
-25
-34
-69
-84
-66
24
-107
20
-86
-68
-66
-61
-121
-8
-66
-26
-62
-65
-72
-110
-39
-40
-128
8
-145
-28
-61
-63
-46
-64
-32
-89
-26
-57
-74
-70
-67
-39
-29
-60
-46
0
-86
-44
-63
-34
-58
-23
-67
-52
-2
-81
-44
-27
-11
-85
-67
-102
-57
-2
-76
7
24
-36
-57
-50
-70
-72
-66
2
-22
-29
-91
-52
-51
-66
-12
-83
-83
-40
-77
-4
-25
-14
-34
-42
-70
-68
-79
-27
-22
-50
-54
-75
-53
-100
-48
-53
-16
-74
-68
-54
-54
-1
-56
3
-36
-80
-56
-55
-156
-38
-102
-14
-69
-60
-10
-129
-60
-4
-62
-91
-61
-29
-50
-53
-56
-36
-95
-58
-39
-66
-54
-22
-125
-33
-100
-17
-67
-55
32
-110
-18
-59
-39
-25
-27
-46
-101
-54
-59
-60
-19
-80
-108
-16
-45
-63
-60
-49
-27
-55
-42
-64
-30
-112
-102
-56
-38
-78
-79
-92
-30
-76
-57
-55
-38
-54
-76
-11
-73
-77
-51
-86
12
-82
-59
-32
17
-40
-55
-32
-24
-65
-105
-46
-52
-43
-24
-24
-62
-28
-12
-87
28
-95
-98
-65
-75
-81
-46
-32
-57
-56
-106
-88
-72
-96
-65
-43
-1
-30
-80
-98
-57
-9
-21
-54
-50
-11
-60
-1
