-84
199
-158
20
86
-397
33
-177
40
-439
-315
73
620
-82
442
-205
-138
-140
-171
-294
-15
234
-309
502
-334
-147
417
7
454
-292
-87
-322
368
-560
-179
-296
-87
67
-150
-94
92
-264
-91
-293
-291
-58
802
547
66
-276
-532
-122
110
211
326
197
-306
-374
-489
66
-306
-291
-386
-169
-216
-97
-89
-47
-343
-93
75
-345
-136
-182
-133
456
732
285
516
-349
247
-345
21
-512
-286
-115
-94
371
480
-176
-204
-13
67
-146
-295
243
-138
-142
-371
290
-282
-192
173
300
590
150
50
-182
490
-143
-323
26
190
-200
-324
-173
130
-109
164
493
438
347
-113
-284
-205
632
-425
300
-213
-139
-147
-106
-172
41
-28
-159
251
-389
394
114
15
487
212
-30
-437
9
-284
-225
-551
-33
304
-223
-211
-558
75
-74
293
57
-58
-397
-195
-38
-386
41
115
367
-80
-381
-332
-873
-184
290
-303
404
-273
770
353
-228
-244
251
149
56
-38
-362
-354
90
-46
-243
-749
234
576
-567
-54
-339
27
381
-427
579
78
-209
-38
-144
-484
-110
-157
26
-394
-145
27
35
172
240
1
-23
-138
-285
-325
60
-167
-249
340
216
-269
292
415
-321
-80
682
21
207
453
27
137
-210
-44
-352
-253
387
12
277
285
92
150
-72
-186
-572
-177
386
445
-227
-69
539
32
-112
-82
-342
152
196
172
40
-46
469
144
-263
113
-242
-126
-617
250
-492
275
-4
52
-144
230
-24
-94
860
-199
-99
-53
139
-37
431
137
-223
-214
-120
21
-259
-216
-96
-408
172
150
348
-533
317
319
682
-220
133
-11
179
265
-171
-1
-357
-37
-168
-219
-38
-489
-294
364
-77
136
41
429
254
-14
-350
-89
-465
303
432
59
-458
-106
-226
60
-230
776
-344
398
26
-213
619
184
-88
-68
-177
-234
376
435
325
52
264
-299
-97
-83
428
-421
-109
-406
-14
-53
-284
-94
-302
276
654
-234
-295
91
-293
48
-82
-28
38
427
-314
-150
-165
-146
139
-89
-95
421
114
524
-103
-289
-94
-103
-23
-289
102
-266
283
-176
-227
-14
-221
-270
-85
-339
-262
33
388
-152
-3
-177
234
372
-555
-136
-202
290
171
600
252
-12
658
351
0
-190
301
203
252
-18
-148
-28
-258
-129
214
-108
144
-284
-64
309
100
5
85
119
52
-873
-80
-39
-302
-214
493
306
408
527
-59
771
79
-43
335
-91
-484
513
-29
-108
-127
137
-64
164
-349
-29
366
288
383
253
-197
-260
-82
-252
-236
207
495
-294
-433
274
89
-423
0
-105
-33
71
-167
-233
-107
-290
-43
-397
-482
-341
85
-320
-219
-72
-144
-128
230
-67
-111
480
311
66
26
59
264
-79
-359
-6
-367
22
101
-16
31
-197
168
5
470
333
493
428
-28
167
65
-230
-249
50
97
-199
-100
235
179
-568
53
113
-817
-169
-58
348
-43
79
295
-138
-207
176
780
-113
-605
-207
84
-20
-241
-212
-374
618
386
-63
24
102
-87
95
-256
-96
-240
64
129
-76
-411
14
106
-275
-115
-246
-196
-356
-374
503
-74
-314
60
48
88
-48
-31
-177
167
327
-316
-48
377
-125
-79
43
654
26
65
-266
230
426
-912
193
-192
-203
-303
-535
-495
560
-69
542
-60
-108
-64
212
23
-25
25
-225
-207
-157
-328
-100
-94
-177
-328
-28
44
426
44
-75
256
-167
-256
-21
-151
-48
-62
247
-226
-107
532
-73
-34
106
444
-258
55
-76
-156
78
161
-198
317
71
-214
-395
-237
-70
119
-182
152
-427
-436
-61
35
-18
-532
-120
-181
561
280
-199
11
-50
-327
181
-72
291
-168
-220
-8
-42
-125
-243
-497
265
11
-216
-374
-193
-25
311
202
-275
-73
482
44
-552
-112
-285
-143
188
154
275
363
204
313
74
-139
361
91
-255
126
-77
-420
537
211
-108
791
-91
512
-213
243
-141
-265
-603
-220
-54
-491
-289
102
550
-367
-338
-339
-94
-189
-249
662
-88
-163
-290
-232
-71
347
149
-192
47
-138
37
202
-104
-137
371
-187
-471
-187
563
-58
488
609
-364
113
571
-116
-53
-180
-224
-399
-193
52
-172
-220
183
-271
0
-38
280
-100
-114
-164
-567
176
263
-482
2
52
-386
103
-116
44
-353
-452
-60
597
-116
-209
-215
-76
-150
-349
-354
-389
-194
-135
544
-243
-140
101
171
256
33
-47
376
-69
5
729
-495
-200
-369
171
204
-199
-239
-11
539
-138
457
-163
177
72
-30
224
-166
-232
-172
410
162
-181
160
-310
830
-151
-689
477
-175
442
-3
60
-95
-185
112
-471
379
-188
-180
-180
-119
-607
-184
508
-127
394
-270
53
-388
-274
508
-329
249
-32
131
-55
194
-227
485
-55
-47
-210
375
53
-273
-247
-288
215
26
-47
-116
616
-802
-114
-108
197
-129
409
571
-65
357
-231
282
-18
-253
-475
36
-351
-167
32
34
432
-297
275
521
-52
-213
-285
276
-195
493
-161
-218
688
65
392
-216
-120
313
13
5
-23
449
-44
47
-159
660
17
-300
-124
-116
-48
-154
-73
283
-177
-172
233
-1
-23
-345
320
778
-6
-176
-106
14
98
465
-160
-106
-201
-326
-71
-177
155
-1057
-228
377
-141
-133
-389
-648
598
-139
-63
74
323
203
64
-89
-163
-268
-69
-246
-60
14
149
-226
-153
-145
-189
737
8
63
-482
-192
594
-133
-142
320
-63
409
-739
35
-3
-198
721
208
35
-79
30
-257
475
-108
361
18
66
-225
-34
-331
-309
-387
-119
-207
-182
-129
-53
-143
31
-393
333
-201
-230
-21
27
39
490
-197
-180
-567
412
-201
-149
-229
341
536
456
-353
-73
98
-555
361
362
-331
630
-161
23
108
353
247
320
-288
-112
-53
-99
-243
-107
-366
-50
-116
-170
315
208
-69
-431
-152
-228
-132
-228
-255
-87
-552
-309
-146
164
-342
526
-403
632
293
-344
211
243
634
-222
458
-130
-137
326
188
-366
-179
-203
-482
416
68
145
-110
540
243
-179
149
-77
160
-221
-285
-218
780
-176
305
118
-184
-187
-193
-111
49
82
-29
691
260
296
882
-305
-239
35
-112
220
-108
361
-8
73
27
253
-182
-369
-145
408
264
-289
278
201
214
-152
40
-99
-141
-55
111
171
-618
115
-425
417
-299
375
290
176
-388
-165
409
-77
199
266
-234
801
-348
-94
271
-183
-80
-371
84
-172
-240
-28
-139
-291
-297
-63
-103
11
522
359
-39
-244
-184
-34
-25
502
421
27
408
248
483
185
480
-75
-270
-257
33
-354
-336
-374
-296
66
-161
-239
137
54
-364
-297
394
297
-55
168
-271
150
-151
275
-145
332
85
32
-46
-18
-67
202
514
-425
-149
13
74
391
37
-86
-330
303
-66
-182
-130
127
164
-590
499
304
-108
-164
-396
-103
-75
-9
-91
-88
53
-97
252
-120
-193
-103
-195
-167
-127
-358
133
-147
-263
-170
190
425
-321
-265
-372
171
11
-2
-211
236
-34
70
-407
-62
-130
-12
-176
-328
-302
326
116
-397
121
-407
-517
-323
-10
191
27
-200
-198
5
-229
-113
299
171
546
279
-9
526
-318
-203
-374
177
-177
-96
411
-525
188
77
233
26
-386
-115
-492
753
99
375
-15
-63
92
-171
268
-118
-32
-320
-331
-228
174
-239
156
-188
11
-227
-315
-283
-184
503
-72
-223
131
-112
288
101
-1
-389
-161
-151
77
-23
179
28
-324
-214
11
565
354
-335
-520
-194
-112
-249
174
-153
-242
-126
92
-222
-76
-157
-65
-23
184
69
64
429
326
0
-303
541
512
-52
382
7
445
-89
-53
-405
-59
147
-156
-191
-31
239
592
-269
504
-88
-171
539
-159
-325
794
-186
110
-471
784
103
-394
-197
186
-104
348
468
-170
-73
-168
137
-169
-362
-108
88
-52
6
168
355
-383
381
21
-48
533
231
13
-175
-486
-254
-276
-105
-1
463
-210
181
404
35
376
476
311
31
-150
24
46
-42
111
420
513
-471
334
233
383
259
-67
-582
-100
-6
-146
24
4
69
-41
274
-48
-205
-178
9
198
-537
-96
-268
-43
-123
31
-890
-12
-466
46
-53
169
-87
394
8
-72
-157
48
202
82
79
-212
-95
47
343
45
-220
-203
55
10
361
135
-27
-40
3
-287
-168
-209
552
276
431
-296
-53
37
-46
41
-179
64
-231
10
69
126
-350
-119
448
313
8
477
-356
-423
660
448
43
-218
59
794
-561
539
-116
117
-484
68
-287
-274
-395
276
-172
-75
-257
373
389
-148
78
-149
-327
539
224
268
208
607
-179
-280
229
-293
265
-995
508
-178
16
-298
-29
-176
26
-366
-174
-607
508
-95
-199
405
229
-226
-64
-181
-52
-135
46
-286
-302
-194
164
-357
-63
401
-138
375
700
-239
-259
-188
-175
-105
390
181
-338
201
2
-81
-212
-205
-217
-9
-258
-96
628
-241
69
-120
279
-227
-254
264
117
-229
12
-406
350
-448
-648
625
-471
-238
4
-87
-604
-136
-146
-396
79
21
26
67
-176
266
-124
-52
532
-202
-244
-405
348
-155
-43
-103
-367
114
-306
-89
339
400
403
-353
-312
-142
-267
558
-173
-87
-99
-216
334
-33
-84
-212
-119
-176
-454
-61
516
-117
543
-466
445
-466
-227
-64
-278
536
-303
102
184
154
-270
-245
237
-226
-93
-234
-194
-184
37
254
241
-202
-236
-125
-323
-520
-374
356
385
-325
-309
-22
-231
209
320
-122
140
-384
14
-97
84
271
-86
400
-294
-144
-186
342
173
-248
-422
-73
-94
-494
-249
-37
327
-395
-75
396
461
-4
-227
2
-384
9
132
-201
-27
-328
22
-79
-82
-361
182
-164
137
-271
-327
-153
-264
53
-485
453
-297
404
268
-386
-147
-196
-109
-227
-110
507
49
179
-120
-135
-170
-76
-460
-105
-212
-104
114
-243
-64
153
-136
-32
292
373
-394
-52
78
-381
-362
-57
-323
32
112
-137
101
486
-593
403
-130
60
3
-335
-176
98
-15
-163
343
13
49
-68
-550
-274
-358
-263
-117
-225
-323
-21
514
-265
94
33
-321
-96
-57
-232
121
555
430
24
-180
614
134
97
-212
-93
2
461
80
457
-401
-372
-607
-398
-109
-26
-373
-372
-477
-109
-95
-122
-203
-402
10
-86
561
6
782
-63
101
140
-63
31
-204
-355
165
-261
-350
565
-448
-203
-33
137
-233
116
112
782
513
-116
614
-193
-200
-309
327
604
-347
-201
-387
-201
-111
-323
623
-179
288
737
646
-497
-201
-24
430
-86
647
-121
-148
565
-83
168
-66
-498
-179
86
-41
-362
332
463
-47
386
-47
-73
-203
660
94
-258
454
594
93
-257
-267
-109
-81
-270
93
279
724
-201
-330
-532
-379
-12
-430
-15
-592
-42
62
-46
460
114
443
-187
506
-144
101
-193
426
-340
-429
-40
533
192
-106
-421
519
-311
-340
-669
-154
-62
-386
-52
-114
367
9
-394
-4
-297
-199
-72
45
503
-138
-226
-121
-12
56
-367
286
-342
-285
-256
24
-187
-152
10
-115
-354
-183
208
224
247
-55
-321
164
27
37
441
102
212
30
448
-33
-272
-172
-90
-281
443
698
-213
771
499
52
225
417
-233
-296
431
-60
-397
252
341
-343
-135
-186
400
119
-23
-168
-487
-87
185
-105
541
-151
-537
-1
179
-228
-191
-90
-171
-255
207
172
-273
1
-303
-129
-291
-61
475
-67
490
639
587
162
-285
-136
178
528
791
112
-193
87
562
279
-146
-231
48
-438
498
-139
-294
134
-220
35
76
-152
-334
199
387
-137
106
675
-260
199
-112
-291
506
616
37
261
-80
-360
-72
-199
-197
-75
-420
-315
175
-91
468
611
-233
141
-227
-34
154
626
155
5
243
95
-48
-305
-213
-121
337
-166
61
-183
-11
-123
62
-174
475
387
-393
-96
121
267
-368
-226
-156
144
-26
110
387
-299
-393
-139
-216
-243
-371
-175
-200
-804
-368
-5
275
-87
353
694
-242
-57
486
-181
-118
71
-6
320
-105
163
292
521
-235
-572
26
-123
3
-388
403
327
426
426
-115
-326
123
513
253
115
-62
576
25
164
-77
-296
448
-141
539
-143
-202
492
10
-221
-414
-368
-179
-184
-135
675
-111
-349
-244
47
-327
-283
-265
-158
303
266
480
-215
-266
-280
-387
-28
107
-32
-273
-82
295
-408
-6
-109
96
-375
-384
-341
-137
605
-179
-95
464
60
-332
68
-443
-259
27
376
107
-194
152
422
-144
635
-226
-181
544
-222
14
-73
424
-201
-247
-73
33
31
376
199
-296
-277
-90
493
-212
96
-185
391
-617
-41
398
104
-126
158
-154
-446
-327
-101
-310
-158
126
-135
348
-148
-220
282
-115
436
-201
48
-250
-152
-139
-129
-104
-228
-106
-69
101
211
77
-610
83
136
-312
114
415
-67
-151
101
542
204
680
86
-210
-135
-92
-98
-193
-206
265
-58
-294
129
-109
-199
123
-276
-103
193
-96
218
-173
-77
344
-56
159
325
716
-160
53
-205
-228
-263
-359
101
112
-28
73
-324
-309
-11
-395
-54
408
-336
133
-98
249
177
405
158
143
495
-890
-175
66
521
-178
-230
-23
218
228
162
-247
-203
-291
313
168
-10
-205
-103
-75
405
-123
-542
14
-409
-297
-137
-945
499
176
-62
-406
-211
-67
581
671
167
58
-228
-203
-92
-208
917
26
-258
-227
-56
502
180
-749
-210
-363
-351
11
88
-366
-560
543
149
-178
-312
377
-134
431
-199
-169
416
-103
-57
-358
66
522
-163
-57
-289
-41
3
-246
-80
-936
-1
-362
-222
-182
-201
-249
149
14
363
400
200
-53
-267
-360
-64
-386
207
-236
-189
-225
178
-399
442
-406
-60
-384
-34
-304
391
197
244
540
-80
58
317
-191
-305
-471
-263
-71
149
-323
45
-246
28
134
-303
7
70
170
-165
-163
75
-116
-352
123
322
253
-297
-48
-500
402
-196
-115
333
-40
-64
-160
105
-242
259
38
41
156
698
169
6
26
-282
17
236
-274
-52
175
-360
-48
-530
61
-236
-378
50
220
135
152
356
-65
-67
-316
-315
-231
-59
275
-122
449
-144
-386
387
802
-318
-377
132
-253
-183
-238
73
184
185
-278
-177
-166
-198
-106
-410
20
209
575
-394
7
580
272
151
86
-155
93
670
32
724
426
8
-383
-143
50
49
-170
-130
79
-532
136
-158
-174
-195
226
657
-225
-210
-285
-185
180
8
14
256
35
-226
493
209
259
96
-467
-413
-191
162
-92
-146
-108
-239
-229
6
-202
6
6
49
-125
-340
-20
-195
-217
50
-55
-63
-140
-306
-63
19
-56
-144
-130
-293
-431
-183
-274
292
-363
96
12
-250
-223
-327
421
96
-85
634
-297
18
93
-47
-130
-205
-376
186
-50
-380
-384
108
91
-60
137
-198
-73
-285
-106
667
532
68
402
29
92
-161
152
372
494
-29
-362
-122
59
-44
197
96
284
43
-185
1
271
-384
-161
395
-224
569
-145
-79
159
-90
-154
156
-40
-267
-453
-216
-98
197
173
-115
282
-10
176
-331
-75
-321
140
-90
-108
-13
-163
-137
-90
-324
-415
588
457
104
65
-401
301
-305
10
-223
-73
-218
-374
-331
-3
-41
-199
140
-52
284
-136
367
344
-406
337
-104
-236
-64
-452
-26
161
-392
-135
-298
290
537
-244
-74
-82
-204
236
376
491
-75
-389
-191
69
-309
24
-306
-307
-275
-103
449
-394
-254
-32
-212
77
75
532
580
-335
399
-284
35
477
402
300
-121
541
143
514
-59
-61
-67
168
110
-506
-50
-100
-138
-922
-387
-236
163
474
-198
702
190
-358
-145
140
495
-40
-329
-93
-373
-69
60
-196
-128
-40
424
9
-220
-12
350
79
-393
-4
-243
-179
-30
-398
223
-416
-453
-198
-423
-361
-199
79
-353
-355
-18
-176
661
56
-16
-68
104
-88
-372
283
277
-117
-126
-312
110
64
749
-945
126
-413
-464
-214
185
-66
38
-344
-225
-281
-209
347
-82
-116
570
148
-416
426
115
64
458
467
268
-8
-224
891
-198
-368
-148
160
7
-145
41
371
-165
-317
84
-336
-90
650
6
-108
72
353
-229
680
362
-144
202
-168
-26
-433
339
-167
-350
-162
0
445
-28
66
-96
740
-92
844
174
-462
-114
-157
-106
-210
168
-277
-71
-64
136
-269
107
273
354
-169
-332
619
188
-33
-244
-142
-340
115
338
209
291
-211
32
-108
175
373
184
247
-134
-148
-106
-252
404
574
52
-233
-47
291
23
319
-173
-426
-23
-300
-12
-174
-398
-387
31
86
-146
-7
102
705
219
461
584
-252
150
47
569
-6
-257
-73
223
-1
-2
-117
-217
-311
-103
-97
-229
646
544
490
31
-82
-43
110
164
-209
-568
-53
-80
305
-199
40
327
546
132
86
-32
-151
-288
108
494
-47
453
-92
-325
-109
139
-273
189
-98
46
424
-91
-62
-105
-590
236
99
-51
293
-47
729
588
338
427
-66
-47
-486
207
286
-169
-34
12
149
682
-258
33
-195
-145
-348
-178
-272
-326
171
545
235
44
-306
-251
40
540
697
-116
-7
-314
-182
9
-296
-119
-182
73
148
57
-375
633
211
-79
-190
-150
275
136
-83
-158
-123
165
-386
-274
73
291
-151
327
-79
-144
-171
-222
-91
441
-43
144
261
-102
30
420
86
236
-140
-22
-136
157
212
-118
-388
121
457
903
-313
240
147
494
-168
-121
-269
-297
-346
-364
-101
721
574
52
-497
-419
-64
-293
-163
513
218
374
-389
-323
246
304
-540
263
315
336
-213
136
144
-159
-169
-591
-112
356
283
-154
-361
-400
332
-32
92
810
-148
410
-166
563
-144
113
-62
-216
-53
611
-247
441
-325
62
-159
-307
556
25
-220
-295
-181
-370
36
-3
339
428
-27
-104
-190
-60
-222
405
-112
-293
410
-222
211
-29
-176
-298
-424
-288
587
-336
622
-525
-550
-226
-97
28
445
27
-497
-122
-267
-170
661
-160
-50
-80
-265
-34
-59
-268
-85
32
-15
-123
-114
313
239
-152
-202
360
-191
426
-261
220
-419
497
-299
48
-73
57
219
431
-25
-194
403
295
-40
2
-119
-148
-245
112
552
-340
-2
315
-191
-118
-203
-144
-22
296
-371
263
385
387
176
-401
85
-172
285
-305
-182
-107
-292
317
-235
369
14
240
46
177
-117
404
-34
-158
154
-148
101
-451
778
605
-131
-215
204
-34
-264
347
220
101
153
-96
140
-208
297
88
69
-105
-216
-294
-32
-492
-92
480
-74
-302
551
119
-422
-211
-131
-161
-163
-287
-120
-106
-231
-226
361
-163
-206
-71
23
432
-210
-189
334
-327
-54
193
626
-117
246
-473
-289
115
-377
89
134
-16
25
-164
-331
-451
-204
-1
-240
-636
-142
-212
-222
685
336
-408
-149
432
147
59
24
-220
-419
131
-10
475
29
-64
-174
-278
-174
-100
28
354
171
-283
716
-66
95
15
113
250
207
304
-219
-135
-144
-65
-351
503
-48
-587
239
-322
130
-175
-146
300
247
-154
-239
-143
-402
333
-221
-258
-158
593
-56
-201
-75
-336
-72
-184
-116
-310
14
598
-51
-255
340
-194
144
-284
83
-174
-122
-122
-116
392
6
302
450
132
-187
-238
-8
64
493
-197
-92
318
-318
240
100
312
-155
-36
-307
-84
36
-100
671
10
200
-367
-216
-55
32
98
-40
-122
279
-194
-289
-381
489
-71
528
467
-271
-332
244
-116
324
-225
-229
-187
-239
-91
-176
882
-422
72
-170
45
-130
481
-82
-90
-387
-253
-48
-64
-235
314
155
-158
414
-122
101
-739
-47
34
544
-94
706
68
329
71
-191
-293
91
-60
-162
476
-458
-74
-202
-364
-340
164
-330
-315
404
476
-387
-270
540
-254
-46
99
118
-176
-97
-116
-294
-119
-267
-116
486
400
-358
225
114
45
-138
467
594
-112
-155
377
-173
-31
-336
-99
823
-108
319
97
427
-178
12
661
375
574
4
260
80
-477
-607
-25
168
-145
-104
-327
-145
-454
-107
-32
358
332
427
-370
-140
-307
277
2
-89
114
192
-88
-217
-140
-261
-336
-107
420
-22
82
-126
-83
422
139
377
-6
-186
-389
-119
481
-139
241
682
395
11
318
26
555
-214
-1
178
-247
-177
46
-582
-180
-260
-59
241
542
-142
-68
-411
-140
431
491
-58
119
-69
116
-373
-147
-317
-292
-109
-55
-136
-375
-90
-358
10
102
-259
-459
-563
-433
102
246
99
-156
-219
-172
-154
-148
628
-284
-206
-98
98
1
-314
239
-88
112
-236
-212
-294
-409
-154
-393
167
285
-174
507
-346
-19
-182
-43
361
551
-77
-30
139
522
334
457
-103
-274
-116
141
-415
-201
15
-138
457
375
1
891
-158
52
-92
393
252
-87
-77
-16
-216
133
-414
181
-357
123
-264
-706
121
-13
629
-82
-452
-335
-104
52
119
245
-200
133
-54
0
-24
-449
-145
575
-29
65
360
32
-123
-357
-109
-371
-41
409
-148
353
784
-145
-139
-186
-291
389
-118
-66
69
-179
246
115
-147
-15
574
8
-12
-277
275
-122
-58
-922
-201
581
-160
67
-116
7
-117
-211
-65
-89
32
-145
-276
-194
-163
398
234
-213
-108
105
209
15
524
87
332
-55
67
-188
398
87
-80
96
-96
522
-440
-178
-139
1
70
233
-172
-94
-163
627
40
186
669
-124
-248
-79
-558
152
266
-449
190
-213
-343
-160
133
331
70
-151
-397
-578
91
253
-14
-278
360
199
-109
-80
-125
-220
-357
163
646
-34
-141
386
-184
-193
-208
-62
-34
-299
26
-340
-287
97
-96
-208
4
-288
-154
-345
-23
-144
-61
-66
-330
-87
-392
-274
427
231
16
389
-227
-293
279
354
-370
-114
-28
4
-41
492
-316
-352
-253
-38
425
98
-995
-154
139
-145
-368
139
208
349
-211
45
175
592
163
-536
-270
-163
-47
69
-58
-82
-230
531
-163
-2
-6
17
-309
-401
-173
290
-295
569
82
-231
-87
547
156
-231
6
-271
33
-332
-63
-212
-60
-316
762
383
283
-219
-494
234
-127
107
335
273
-122
264
107
219
70
-324
104
212
271
44
-366
472
158
-2
-297
610
121
-477
426
268
274
-341
-147
450
212
-46
163
-463
-132
253
-299
57
-411
17
-229
7
-514
-386
-463
-327
-293
467
375
-467
442
178
91
-138
-172
204
-209
-210
-75
-131
-117
81
366
154
103
505
-218
-269
212
-143
-331
-136
-15
-523
607
1
-394
-188
-329
207
-424
-353
-2
-296
-234
456
-93
-76
-315
-163
-222
-114
60
-184
66
-147
-669
-170
-273
-417
118
-70
190
137
-98
432
-205
-212
-132
454
-82
207
-145
11
144
-170
-159
184
-223
-24
97
-158
-593
394
-239
-182
202
-365
-181
156
309
-63
-243
-192
-521
-427
-356
-122
185
532
471
432
581
324
-111
-104
-51
-279
-618
-3
588
107
-92
-171
-63
204
-86
76
-315
-87
-172
618
-105
-534
-65
-516
-44
-52
357
58
-20
543
-190
-689
-468
-250
-395
17
-109
99
313
-912
737
-343
-114
-79
-91
-15
-309
215
-494
-85
252
-36
68
75
-158
115
-176
-327
-326
137
342
-232
-341
-402
325
-24
503
-220
193
-74
-103
-210
-410
95
-44
-123
211
-455
561
-59
-299
29
247
131
-269
-341
224
-274
93
409
152
513
-83
591
268
-244
339
-53
-401
264
-19
-182
-30
614
8
5
414
-405
-294
425
-84
646
47
-362
443
534
43
-216
68
140
196
-358
243
207
-264
353
-123
214
94
-295
-89
685
-79
69
-360
4
188
196
-111
-82
-196
20
-184
148
-277
-80
-199
-144
433
-40
-317
604
6
-406
-100
179
47
401
611
-325
111
435
118
-127
-82
-315
303
-170
-257
354
-99
565
499
264
-86
-449
345
371
57
-358
132
-140
-136
132
210
581
-91
97
-314
44
-63
179
49
403
791
-314
-48
254
-152
-177
61
-42
-101
52
-129
539
-358
-52
-94
-82
317
-172
-1
-120
-300
206
-285
107
257
-225
15
814
-237
-441
376
-445
-76
-189
-121
354
60
91
237
-88
296
-387
215
-62
-77
-389
30
89
-82
-292
538
-210
-109
-393
244
263
-113
117
174
-213
611
324
146
-625
158
705
681
286
443
666
423
-182
202
-196
-329
-189
502
-329
-336
-73
-243
2
-280
61
-360
-7
477
-113
268
455
-4
11
671
-311
-343
66
-419
119
458
281
-59
-289
-138
-241
536
8
-317
-551
339
31
164
-108
-210
344
-167
444
159
-161
3
-46
-160
-91
290
42
-109
460
-342
-387
-174
-53
164
-324
-135
154
520
-384
-263
-295
-24
402
-158
-135
3
51
-76
-463
149
-193
-296
333
-184
-175
47
-250
-358
-93
69
-145
-237
-264
348
246
-219
230
528
186
312
354
106
-305
-106
163
-40
158
523
863
-49
53
254
-138
321
-160
-157
-253
-203
159
286
-802
345
-44
-287
-130
-48
38
-222
-81
-445
-253
95
-266
597
-172
-90
-293
-166
-682
113
149
-86
-55
-213
243
-219
455
182
89
-334
-128
-107
-153
77
314
173
-300
473
408
-277
-315
-269
-123
-433
-381
145
-95
207
137
-561
-364
-213
313
385
-303
664
-479
401
753
607
325
-309
-185
-330
-216
-28
433
-3
-192
469
-87
-194
66
-464
-45
282
148
-241
45
-175
-268
334
-362
253
461
323
-175
-316
-64
-409
313
411
-211
-33
490
88
121
-72
-232
228
229
358
-51
-33
110
-439
-817
-74
225
27
-209
622
-287
-224
-31
-146
-257
-287
120
184
400
-265
-593
-464
-175
317
-21
-250
-587
-111
519
-294
-275
-109
499
293
-50
469
-158
630
-228
-334
45
-165
-119
-306
201
-479
-77
-127
85
-311
335
-118
658
-23
350
460
-295
-13
225
-457
-12
348
-463
393
-332
192
-278
569
-145
-84
-20
-187
-40
54
141
99
-26
22
-87
33
144
-368
134
271
-138
-245
-3
349
-116
-104
-52
157
155
-81
64
614
56
-125
-261
-437
-433
-274
-242
-302
-237
-52
-225
49
-139
106
-453
543
14
61
-228
393
68
250
247
535
165
-532
220
96
-163
408
161
364
13
352
-26
-140
-666
-131
-224
-340
-38
408
167
-111
45
-375
-23
141
175
-295
-135
235
-207
24
3
199
-169
-213
-82
-333
-176
-294
-5
-187
54
-16
-8
309
-14
91
-1
-128
584
-593
-161
-74
356
147
25
967
-81
-309
-140
-329
-392
-296
476
230
-421
12
-216
-208
-148
488
208
-126
-387
178
114
-63
102
-63
-305
82
-312
96
-48
-292
-222
-79
655
-521
319
-275
-104
-252
-172
-625
-170
59
-91
-343
426
454
79
-75
256
-268
-155
208
62
-314
532
-351
-197
-34
-59
-79
-167
-653
-8
-126
-111
136
-206
332
-372
349
830
149
218
-292
-89
318
-273
119
-95
-153
353
-346
-376
-378
-119
-188
-288
155
313
171
-342
575
35
-182
-351
-325
-89
79
402
174
-29
95
-274
109
-33
-294
-309
418
-159
-182
-193
-116
-34
-201
-236
-51
346
26
-189
534
-140
219
-214
45
-83
-312
23
-51
8
173
64
-502
-373
-186
241
-366
561
-249
-416
-241
-1057
119
73
-60
-327
-30
-51
-192
132
79
467
3
24
-325
-256
37
-108
-87
-14
424
-320
-205
-109
204
249
14
-254
-75
199
-449
-561
-147
300
395
-289
461
359
-228
-86
-127
-56
-83
252
-40
36
-42
185
342
-331
392
132
118
-115
-113
-79
-48
-183
-322
-410
-240
-375
-204
-296
-184
-214
371
-266
-899
-39
-179
-20
85
-90
-146
18
-24
-384
-540
184
92
-91
-347
-250
-9
729
-502
-156
-313
95
87
174
-70
-372
-399
-96
-269
-417
117
277
513
353
-318
-340
520
-169
-312
291
534
-206
-91
-188
-224
-203
361
-336
-31
-302
-149
-140
-358
295
-371
-6
-219
-247
-144
193
-261
-137
540
389
422
65
26
62
-70
-210
-342
-116
85
371
-427
-332
-176
-147
-371
860
398
-269
499
-63
491
-52
-227
39
375
-114
259
283
76
306
539
-135
65
-523
-536
267
-32
145
224
-899
-75
-136
-516
-244
4
-18
-177
345
-462
187
-322
-297
-202
35
64
-61
-220
-293
-12
-207
-578
61
-164
105
-134
362
408
-148
-72
267
-148
115
25
-386
724
-127
332
92
-71
291
-626
-182
-175
620
-187
-398
-107
-541
44
99
12
-201
410
22
-155
-376
153
56
-84
-41
-42
-60
-375
-146
-295
82
-74
-19
-139
322
370
-376
157
4
-34
-341
-182
91
-121
-344
-115
-316
274
196
-112
-2
-288
-164
189
-160
-80
-177
634
-185
181
587
-521
-131
419
-99
-384
168
-353
-340
-113
-532
35
-428
54
-40
-67
-84
-178
-157
-127
-46
-333
97
-81
-271
-146
-273
-405
210
-21
-367
-312
294
-425
-200
-182
-316
-226
-29
-417
-375
-33
-180
-473
-369
-220
438
-123
-90
-64
53
-567
274
-111
762
-653
-386
565
-391
-162
-136
102
168
513
219
-308
-53
-270
-416
-43
321
-239
-220
-340
516
532
-252
199
48
-136
-316
77
-150
598
41
-277
315
-221
-416
-273
502
-1
215
-254
12
-387
-12
175
140
-65
-161
-112
65
-69
393
-138
20
376
-213
-173
-228
159
-322
-451
-246
112
403
-89
-381
149
-316
235
2
-159
54
-308
237
80
-367
-151
428
315
-352
-485
-10
423
-299
229
40
-213
129
653
60
-34
-278
-32
280
187
336
629
-54
-222
-25
-66
359
-65
103
324
246
-274
-151
729
424
-196
-59
422
-28
-201
40
109
-314
120
-425
9
-48
-307
590
233
-394
65
-51
-530
33
33
-145
343
457
-173
225
-64
114
-148
-454
-936
123
-96
408
-28
-191
25
-53
-278
49
-75
-46
-123
196
-64
-82
440
-225
-230
-173
-626
508
-267
3
-106
-125
844
385
-283
-163
588
348
-200
401
-298
0
-232
-89
-245
312
-194
-309
372
576
-274
323
-22
-53
-255
-378
502
776
-103
235
69
14
-306
-121
-14
470
58
-94
-375
-98
77
-52
-427
412
-31
-158
-114
113
219
-140
-260
-107
-186
-177
-5
-370
249
-154
15
-25
-342
-334
-143
354
-151
-222
352
-287
313
-136
-381
-54
169
-76
587
56
-90
473
-258
-171
-212
-405
147
-301
-189
-111
148
41
-95
-112
-104
102
-119
-234
32
-358
-106
-67
-228
375
-50
62
147
-354
-224
-147
-39
666
327
627
-184
361
140
-51
-282
26
600
360
-579
-85
-119
-119
-6
-32
246
-235
-36
-585
-174
-147
-185
-146
-268
-388
137
-320
59
426
75
-202
-158
703
-163
-171
27
368
21
-453
399
401
-332
-331
148
428
162
18
-463
-162
350
368
126
508
-346
252
-529
-144
-210
502
-426
-28
87
167
-138
-591
-423
-259
494
-141
-40
-103
24
-168
537
78
-107
255
-203
291
-37
-342
-491
-76
173
-154
-370
215
-109
565
386
266
255
-97
-193
-15
-270
398
-63
-199
-309
145
-35
430
-386
-74
-208
-147
662
-34
-128
-107
-318
-529
-145
87
-246
169
-251
-107
191
-225
2
236
-334
-15
-187
279
-233
-626
224
-177
-636
61
482
485
146
-269
299
-29
216
-204
-486
481
-216
295
-300
-266
-260
-56
-538
197
-145
-165
-276
-147
376
-147
-1
-279
52
291
823
417
-118
-48
-345
-41
82
-121
-57
336
472
5
203
-348
-377
199
-163
551
-112
-284
32
-37
-40
-120
-158
-360
-241
-386
441
146
337
-171
-22
304
-245
424
-28
145
-176
772
445
429
-176
-46
-74
367
-52
473
31
-84
-193
-87
-237
-1
31
241
188
-127
-81
295
-226
29
-408
78
-172
161
354
-271
-433
-466
403
297
342
246
-369
547
23
579
333
-92
131
-163
49
-270
-492
-151
-34
-94
-40
429
-125
-247
-118
-121
217
-206
508
22
88
-55
307
-149
-31
-246
-197
-109
-371
354
-262
-254
9
-315
-213
-136
-35
-108
275
-12
106
266
288
-115
-411
5
-273
-484
-417
-221
-150
361
250
616
163
-445
607
89
-151
-117
-441
-93
90
-90
-105
-341
-58
-44
503
-160
-111
-182
-187
-49
-257
619
-224
-155
-341
75
383
-107
-439
62
-154
-626
-136
-166
402
-304
-63
633
-379
-131
403
-384
117
179
88
-127
-561
-329
-108
-113
-378
-153
-140
387
279
347
-77
196
-135
131
-534
531
165
211
-22
-128
243
-108
-439
-295
202
-183
-182
89
320
-113
-326
-212
564
-332
-41
-57
169
359
64
700
435
0
-100
456
505
-298
-284
377
-249
574
-116
-155
250
-140
-168
48
-397
61
167
-364
88
-207
-190
105
-331
-162
-92
-155
-199
460
-275
-59
-131
-233
-143
-300
59
267
109
-205
-387
106
-53
-361
292
137
-333
-157
-158
-183
-263
-256
-312
382
-30
252
49
367
529
-253
-248
-286
500
30
418
-342
-304
-262
-428
-161
-197
-440
-156
-512
309
149
-197
-41
-506
14
-92
-46
-68
282
278
-539
-392
456
576
493
491
-202
-184
-283
-160
390
127
-97
196
-264
-203
-218
-119
-21
-303
453
154
-173
158
-329
89
-289
-376
-71
-179
68
61
325
-109
-274
-118
-395
18
119
35
-292
-281
-264
77
-12
-11
-337
-297
-349
426
-360
644
-331
-321
-85
-292
-211
-56
-380
-156
113
-95
458
153
-109
-128
-226
-41
-213
538
522
-487
-105
-361
395
-163
2
68
196
-176
-83
-114
230
-204
91
-55
-152
647
-171
-109
96
-233
-405
-61
-149
-326
-291
57
-189
409
-256
117
219
-178
-218
-209
576
-182
-312
-250
-7
-29
260
-181
-66
21
-32
253
106
103
-351
-200
-154
-508
-363
-216
-60
-233
-394
-157
12
207
-310
-36
208
-295
-294
-377
-129
-291
-399
195
-331
655
-37
-196
-24
50
-163
-151
-83
-286
444
-499
69
-97
400
60
-230
-252
-304
610
-201
-340
-592
-112
234
45
-101
-291
147
-336
-180
349
