-13
33
-68
-12
32
11
34
5
-3
-45
-21
29
-36
-27
-38
-51
0
-24
-63
-34
-1
-12
-6
27
-34
94
10
-38
-2
31
-33
-32
-55
0
-51
-26
23
12
11
-29
-4
15
-46
-30
-9
-50
-15
31
97
20
68
-23
-15
-1
-8
23
-40
-3
30
-21
50
-25
4
4
26
35
-31
23
-5
-49
5
12
-11
17
-31
-30
-53
7
-49
-18
33
-26
37
2
1
-15
-44
13
-7
11
-15
-32
13
-21
-28
-81
6
19
6
-51
-18
3
-43
-22
-8
-5
-47
-46
-8
-6
48
23
8
38
67
-53
6
25
-4
64
-54
-23
3
19
-19
-26
26
37
-20
-28
-14
-2
-2
-12
9
-34
9
-48
-13
7
78
-62
-35
-36
35
-40
-17
-54
-28
24
-18
-7
29
-22
-15
0
4
-22
25
-40
7
-17
16
-17
51
-1
31
-4
35
17
-2
-57
63
31
25
-28
-3
-31
-28
16
-8
21
1
2
42
-2
-98
-34
-28
-4
31
35
-28
1
47
-22
-35
-11
-9
5
-40
-25
-32
-19
-24
-16
-16
-39
-12
-3
20
-2
-29
32
4
8
44
20
35
-54
-2
4
-3
-26
22
-53
-20
6
15
-15
-2
-11
-38
-33
-35
-47
-19
-18
15
13
-25
-21
-91
-24
6
11
3
-51
-26
-15
-13
-26
-21
13
13
-7
-20
11
-25
-33
-35
-4
-28
31
105
-39
3
10
25
-59
-81
-22
-4
17
-18
-64
66
-42
-20
21
33
29
-16
-42
22
-16
-3
-28
29
15
80
18
21
16
-44
-32
21
-7
24
-17
-11
-19
-28
-53
22
-57
6
-5
-4
31
-54
66
16
-29
-11
-59
15
-13
-12
38
6
-2
53
75
33
5
-11
-12
18
-54
3
-6
-21
-38
7
9
-13
9
-43
-7
-13
-18
34
11
-4
-43
-40
-17
-38
-41
-2
-16
-35
4
-20
-1
-27
5
18
-5
1
2
-34
-44
75
-45
-8
-6
-57
4
-27
22
-55
43
-2
-20
26
20
-56
-4
-19
-45
10
70
6
-26
-21
2
-45
-17
17
-71
-48
-15
-8
-7
-6
-8
-18
-50
-36
-12
-15
21
35
-17
51
-40
-42
63
-37
-35
6
-28
12
26
17
-10
-43
-27
-15
-14
3
18
-35
-24
-18
2
-31
-49
27
-1
23
27
12
-21
27
-47
15
63
63
27
5
-32
-39
-38
-28
31
5
-47
10
-16
22
47
29
-26
-16
4
-26
-42
14
-4
-19
-37
21
9
-6
-3
14
-1
-6
67
23
-21
51
-15
64
-40
-2
17
-69
-31
18
33
-27
-9
4
44
40
-9
8
-38
-74
42
-35
-43
-22
55
-16
-36
-4
1
-4
72
-63
23
-13
-28
-38
-60
-31
4
-14
12
-11
-5
-31
-23
-33
-67
1
-33
6
-19
-30
-2
-8
62
12
-31
-5
-39
-42
-57
-19
0
-58
-25
-56
23
4
-16
58
25
94
26
-6
-18
-31
-5
30
-24
-98
-7
-47
-20
-10
-10
-56
-37
-43
-39
27
-12
-59
-16
10
-62
22
-67
-37
-17
-15
-65
-22
-74
19
-15
16
2
2
-13
-19
-57
-17
-4
19
-45
11
-4
36
-34
-51
10
-7
-31
-33
16
30
-1
-59
-39
-34
-43
-13
-38
-24
-20
5
-26
-22
26
34
47
5
-30
-6
-1
-37
23
-19
-28
1
-15
-6
2
-42
-45
-23
-3
16
10
-5
-2
8
13
-60
-31
5
-10
23
-9
-1
-36
-58
-45
25
2
-2
18
-5
14
1
-26
-44
13
-6
15
-32
5
-13
-37
-76
-15
69
-49
9
45
3
27
-24
-43
-36
-48
-41
12
-3
-10
-21
-33
42
-43
-21
-11
-4
-12
75
4
-12
-26
-10
-44
-47
45
66
-32
44
18
49
-33
17
6
-9
23
-24
-3
3
42
1
36
54
42
21
-27
10
19
-8
-30
-6
-6
24
-25
-12
29
-19
-38
-20
8
-11
-63
-12
-14
9
-4
-27
-3
-17
-8
11
-33
24
40
-16
18
3
-18
25
7
-33
28
21
-4
5
-47
-43
-37
12
1
-75
34
-12
56
56
-7
12
-10
-50
-19
3
22
-36
-7
49
27
-27
-44
-1
-23
23
-67
-70
31
-73
10
30
5
37
-24
-33
24
-19
-8
-6
41
1
-14
32
-12
-41
43
84
48
-44
9
-14
-27
5
-9
-14
-14
-6
-39
-4
27
-5
-42
-3
17
-39
11
-7
-52
-13
10
-23
25
-16
4
-29
27
-11
-29
-14
8
-16
6
-10
-25
7
-101
4
-27
-28
-30
12
-2
42
-44
-30
68
30
0
19
-5
2
4
39
27
24
14
-12
-35
69
-37
38
-13
-4
21
12
4
10
8
-35
17
8
-15
27
-39
4
-28
-43
9
33
-5
13
-49
27
-17
27
11
-61
-6
-27
25
-10
-1
3
-45
17
5
77
-37
32
62
1
23
2
-57
-16
-59
-1
31
-14
13
-62
16
-57
8
-9
17
16
-35
-38
-30
34
-12
-14
-39
-38
30
75
-59
-11
-12
12
-40
-17
1
-11
16
60
-23
29
40
-25
8
-28
29
-42
-16
7
-51
-45
-27
-71
33
51
-26
-16
-40
-18
-1
-46
-2
-38
5
-6
-7
28
0
-35
-19
14
-11
-39
-6
10
-7
-2
11
46
-28
4
-26
-21
4
29
2
-27
5
68
-25
-13
6
-13
5
5
-69
16
25
0
-15
4
42
12
-31
-55
-14
-12
27
-30
-43
-22
-52
-74
28
-35
-50
-101
-12
24
-1
6
-36
-3
-4
-38
13
22
-4
-47
-16
59
-33
2
57
-21
14
-14
-9
-37
-35
13
18
-26
18
-43
18
4
-23
18
6
-42
39
44
-20
14
-18
-20
-10
-53
10
-6
44
14
33
32
-12
-50
15
-17
-37
-32
51
43
-4
-5
12
-34
17
-25
33
19
-62
23
-49
39
-22
-37
-13
2
-11
0
-24
45
3
25
-19
-28
38
-5
7
18
22
8
-11
24
-4
-36
15
-2
8
-9
-4
5
-34
43
-10
58
41
-17
21
5
75
-68
-40
20
20
-25
-3
18
20
-29
15
10
57
26
66
-23
0
-13
-70
-21
-26
22
13
-42
-22
-34
-42
12
-58
-54
30
21
30
22
-58
34
-67
-35
50
15
-24
15
8
-7
7
-15
-38
-24
-30
-28
-6
-27
-21
-55
1
-14
46
5
-13
24
-41
9
-24
-4
-13
-27
-27
-1
-38
47
19
-6
15
-38
-20
-1
-3
-23
39
75
-10
50
61
-35
11
10
8
-47
13
32
-17
5
-27
-12
22
-25
-22
-57
-40
15
-30
51
-18
32
8
31
-46
34
-22
31
12
-31
34
-8
-6
25
-2
0
-39
27
11
-20
-9
21
-12
2
41
5
-36
36
-6
-21
15
9
-11
11
0
-63
28
36
-32
-7
-21
2
-47
-22
2
36
-14
13
-2
36
5
5
21
-10
0
-29
5
13
17
-62
15
-3
-33
26
-8
12
-22
58
-33
12
-14
-37
-69
46
37
-16
9
-12
-2
-32
28
-7
6
-1
7
6
11
-5
-39
-28
16
5
-55
75
2
-61
1
-14
24
-53
-9
26
6
-9
-33
5
-51
-1
-1
1
-22
-2
11
-3
-37
-39
-11
1
-32
0
62
-1
-37
6
27
-17
-17
4
6
-8
27
-7
-9
-6
13
19
-24
43
-58
22
-45
-12
-13
-12
4
35
-48
48
19
17
14
-31
6
-19
-35
15
-70
-8
-35
14
-13
-7
-30
40
-67
-21
-18
-2
-33
-42
1
10
-53
54
23
-1
-8
2
-13
-58
-1
13
17
23
3
69
-4
15
-55
-2
-2
-41
-8
28
12
7
-42
25
13
-40
55
-45
24
21
1
-27
-19
29
7
30
-14
21
-1
-38
17
-32
-21
34
3
-9
23
9
-28
-49
1
4
-24
-12
-15
-61
-28
-28
27
-23
15
-2
25
36
-30
0
1
46
-20
2
-31
-19
-44
-4
-12
4
21
-21
-37
-36
-18
15
-40
-32
-26
47
36
25
53
4
36
-8
10
36
-50
-45
-16
-6
-10
11
-33
21
40
-31
2
22
71
-32
15
-39
-23
47
8
47
5
4
-5
27
16
56
-27
-14
-29
-39
-15
-19
-5
25
-26
-48
-45
-4
-56
2
-4
-13
16
-3
36
-4
21
-6
-18
31
-25
25
26
3
-72
-19
19
15
-30
19
-3
37
-32
34
-47
-7
-5
-54
-63
-16
-4
-11
13
-2
42
-24
-2
4
14
-47
-55
17
18
13
4
-17
-15
15
23
-28
-115
-19
-44
-9
-58
2
50
9
44
1
-23
-41
-26
-33
4
22
-35
44
37
0
9
-32
-5
9
-25
-16
-7
-10
-14
-10
-43
-44
21
14
-21
13
-21
-32
15
5
17
-7
18
-14
-16
10
8
-54
-12
21
-38
-36
34
40
9
-53
-26
-10
18
-45
3
8
-19
-9
18
-24
6
-6
10
-22
-9
25
2
-4
-47
13
-3
44
2
-16
40
-22
26
-36
50
-1
11
-19
-15
21
64
-13
47
6
15
-9
-12
-39
6
24
9
-29
-55
9
-11
-24
7
2
-24
18
25
27
10
8
-34
-59
0
7
-8
-70
0
4
8
-4
-67
13
25
-11
17
4
-54
-41
-46
-12
9
4
-22
-10
-4
-29
2
15
-52
11
-60
-45
-25
6
-61
-69
-70
-18
-14
-11
-10
-49
-27
-36
52
22
6
-20
-5
-46
-4
-23
-22
-2
20
19
18
26
6
4
-40
13
-9
26
-20
-56
20
-57
-29
-8
-24
-3
-8
-16
16
-17
-3
-29
-16
0
-5
-2
-49
0
-39
-1
-36
-20
-3
1
30
-17
16
-25
-50
47
-42
10
-27
-30
-7
12
3
-37
45
14
35
12
-22
9
-19
23
10
-25
10
51
-31
19
34
-9
-6
14
-32
-19
12
-42
-2
-28
45
42
-54
38
2
10
17
29
7
22
-26
23
36
10
19
-13
-26
16
-3
28
35
-1
-17
-29
-15
14
-18
-15
-10
-14
-27
16
27
40
-3
-11
-40
-15
-14
29
-2
-17
40
16
10
-20
-13
-1
-29
-28
35
-25
-43
22
13
-7
-8
6
33
61
27
-19
-48
-72
33
-8
-59
6
12
-7
18
-62
-38
-4
6
-52
16
24
12
46
21
2
-7
-22
-35
43
-24
-1
11
81
-1
0
-8
-20
-15
-4
-17
42
-48
-16
20
-16
-18
-34
-6
-14
-3
-41
11
12
-23
67
-11
21
-18
-45
-4
0
-48
-36
-41
-13
7
20
-6
9
29
-38
9
26
-40
25
73
18
10
47
-2
50
25
-40
-20
-12
-41
-19
15
-41
-39
8
-42
-17
49
36
26
7
-13
-10
-10
22
62
-64
-68
0
-25
-35
74
36
28
0
-34
14
-30
11
-7
4
-61
19
41
-30
-41
64
55
-42
10
40
19
6
-39
22
1
34
-53
-40
-60
-2
-30
20
42
-14
31
-16
-38
32
37
-38
-5
-39
-45
64
-56
-58
-11
7
16
-15
-8
-6
-38
0
-16
9
-1
14
-53
-1
-5
-29
-12
13
-29
-21
-2
15
-37
-13
14
39
11
-25
-17
39
-24
16
-5
-4
-8
10
9
43
-33
-67
13
23
-24
14
14
6
21
-21
-7
-2
12
-3
-55
-3
23
44
-36
4
-14
39
22
-54
-15
-16
5
-73
23
-4
-16
-55
-11
20
-38
39
-21
9
-44
26
-40
-21
23
7
-18
39
31
-11
-8
-30
-4
-61
33
-12
8
1
63
10
7
50
-38
-49
26
18
-27
-1
9
45
-56
11
10
24
-1
-6
-1
-20
-21
-7
5
-9
22
-48
-23
-9
-9
-29
-13
-20
-4
5
-32
-1
-42
0
-46
-37
-34
-38
-3
17
-3
6
9
-47
-33
1
86
46
8
20
34
3
33
-38
-3
-6
24
-29
9
-21
35
-5
18
-35
15
-3
53
57
0
-13
17
-35
8
14
0
-3
-73
2
-15
23
5
8
2
26
-3
-2
70
-47
-18
32
-22
-52
-26
-52
-22
56
21
-3
-1
3
-2
23
-47
27
22
-9
-2
11
11
-27
-36
-24
21
-25
-25
21
-3
-21
-26
-27
-56
40
-8
-16
-42
-59
-19
-48
6
10
50
-24
-15
1
-31
8
-18
-6
21
-4
-22
34
-16
-89
-17
-38
0
26
-12
-12
-41
-5
16
-31
-24
-3
-35
22
14
105
-28
48
12
47
-33
5
-48
-6
-29
-29
-19
2
-29
6
-27
-52
44
5
8
15
7
-18
-31
1
97
-1
27
-23
-11
-50
-16
-61
10
48
-46
-25
27
-8
-67
37
-29
23
-16
41
-13
-12
9
27
-27
-34
19
-17
-13
-39
-70
-2
-57
-39
-12
30
-43
9
-33
-11
-55
19
40
-6
23
-52
70
-32
-1
-27
33
-23
-8
22
-25
-25
-6
-12
37
-29
-2
13
-21
29
51
-19
-39
-1
30
16
-26
-7
23
25
-23
-56
-4
-3
30
-16
4
-29
-35
-36
-32
4
14
-66
-4
-35
-28
-1
4
30
-16
-49
-28
-4
33
13
-5
-39
-35
-30
0
-5
2
-3
-21
-56
14
18
7
3
-6
31
-8
-16
-62
-38
-26
-23
-6
-28
-22
-11
5
-39
-18
-30
-63
-2
-6
17
0
-35
-34
6
-18
-46
-44
-75
-9
24
5
-3
-59
-3
-47
10
-12
-6
-63
2
7
-2
6
-14
-25
94
43
-28
-45
-38
-3
19
31
8
13
-18
23
-3
-19
-9
-33
-42
-47
0
19
-10
-18
-33
-13
-44
-42
2
-29
-6
31
7
33
-46
-25
-26
-2
19
-6
-24
-21
16
-11
27
-32
26
-21
12
14
-34
-43
-22
-49
-41
-23
33
13
9
-39
-27
9
45
1
-7
-22
40
-10
3
-14
1
-50
7
32
8
9
66
16
-24
-22
-10
3
38
17
7
22
16
-11
40
-36
-1
-39
-29
-30
-32
-44
-54
5
-11
9
33
20
-10
-28
8
-32
14
-7
1
10
-19
50
16
23
45
-47
-14
-2
29
-13
1
-11
-29
0
24
-18
15
63
50
-9
2
61
10
13
-17
-24
-27
66
9
-48
-7
0
26
-39
-32
-4
-30
-15
-1
-8
-47
-14
-20
37
-22
1
-11
-31
-38
13
22
4
13
-48
-53
25
17
11
-8
5
42
-18
-37
-39
-10
-11
-44
-27
-43
-21
-8
12
-17
-60
11
-24
-59
-10
8
75
-2
-10
-3
11
-19
-18
-8
-45
-18
-12
-13
14
-4
2
14
-8
-63
1
-35
-3
4
17
25
-43
-3
11
16
-9
48
-43
-32
17
-11
-14
-58
-67
0
13
24
-32
9
72
-46
-21
-31
-35
-36
-27
-8
21
25
-15
-17
-32
-27
18
4
7
-12
17
-36
-8
5
31
-43
-26
-10
-18
11
-23
-16
-13
-13
10
-40
10
37
-55
-36
-6
-12
-27
-68
33
23
10
-25
1
12
10
0
40
-10
4
46
19
-49
-42
-26
-24
0
-10
22
-41
-39
-12
12
27
23
19
-49
10
-31
5
43
-9
-54
32
-29
-35
-18
40
-14
2
-52
-39
39
-17
-24
11
16
-2
2
-42
14
36
-10
86
1
3
-26
-8
-44
22
-7
-16
27
-6
-1
-19
37
-32
-23
12
6
11
5
22
-20
-38
19
-25
33
9
-19
19
45
-29
12
-17
11
-38
-10
11
-39
34
14
-26
-6
-9
44
-19
9
-52
3
8
8
1
-25
-8
-19
42
7
15
15
-2
-53
-28
-32
-26
-40
13
13
-46
-24
-8
-12
8
-53
29
6
-29
23
13
21
-50
13
-4
-49
19
-42
4
-8
-7
-18
-21
0
35
2
23
17
96
-19
4
-16
11
32
-42
14
-47
-26
77
-7
19
-68
-16
-15
-7
35
-52
-31
-23
-9
-4
-13
15
-54
-66
18
-73
-19
49
3
17
19
4
-22
26
-9
-5
17
-61
-45
-1
-54
6
-59
-5
-47
8
-19
-9
63
49
-31
-13
-31
-17
-55
-44
-15
17
33
-8
-19
1
1
17
31
-23
2
5
0
8
14
-28
-1
-24
4
-22
-19
-57
-6
11
17
-4
-13
-8
14
4
-54
5
-22
10
23
-36
-10
-4
4
80
-13
12
-6
-29
-1
24
-46
24
30
-31
-33
76
5
-21
-35
34
-14
-25
-44
-35
8
-30
12
31
37
-38
12
-15
47
49
22
-26
-44
-16
26
-14
23
5
9
-21
-44
11
-25
10
24
-38
-32
2
-28
-28
82
14
105
14
-8
-18
42
-1
-12
11
-14
-11
-55
24
-21
-20
8
2
-30
18
-3
15
2
0
55
16
-30
27
5
10
22
13
-32
-29
6
12
33
-9
-9
-41
22
18
-22
0
-67
-11
4
25
-38
-26
-23
13
-32
18
-27
-11
-37
-42
-11
37
26
-18
15
-20
-49
-57
-2
46
-10
-1
-36
8
-63
19
-20
-30
31
-4
-44
-67
-27
11
-22
23
-13
-25
31
-57
-71
-35
-11
-16
-26
18
-55
-19
-3
25
13
-9
-45
-10
-66
-25
64
-16
3
-10
-9
-6
25
22
6
-18
-13
20
2
-13
43
-20
41
21
34
5
-16
10
-29
37
-4
-12
-7
-54
13
2
22
27
-3
-28
11
-35
-26
16
-50
-9
41
18
-70
-13
-59
-5
-3
-2
22
42
-14
-13
-25
13
-25
-20
11
8
-28
45
-6
-25
-55
-21
-56
101
-50
-23
-1
-51
-16
-21
-39
-29
12
5
-22
109
59
-2
-9
-13
-3
31
24
33
44
11
0
-11
25
-11
-27
15
-5
-38
-33
-21
-8
-1
-38
9
0
-29
-16
17
-17
30
-30
6
-16
-58
-1
7
18
0
26
14
17
24
-3
0
-35
22
37
-8
-8
10
10
-47
0
1
-20
-10
22
-17
40
-39
-45
-11
-16
-26
-2
6
-8
32
12
-22
-36
-28
-4
36
21
-20
-6
-12
-2
-13
-25
-13
-25
-54
-58
15
-22
-18
46
16
20
5
18
-13
-67
-1
37
69
-41
11
-30
27
-45
19
-25
34
2
32
-11
-8
-41
-45
43
-19
-31
7
56
-3
-7
-8
33
-4
43
35
-32
28
-42
-40
-20
5
-32
-21
38
-9
-54
30
39
5
-7
46
-40
14
5
-13
6
9
14
-34
34
-21
47
-36
10
79
74
-13
21
-3
-14
-43
9
15
-19
-36
4
8
48
18
-44
-22
-3
-2
6
-2
4
-19
-26
-1
19
9
15
-23
-45
28
8
-22
-40
-8
-5
-20
-10
-2
16
-32
105
21
17
6
-6
-43
6
41
-38
14
-20
-10
15
22
57
-25
-14
-7
-17
28
32
-27
23
31
37
25
8
25
-27
9
0
1
-13
-3
8
-45
-24
1
34
-22
1
-4
-11
-4
-24
-35
-11
39
-29
-41
-53
13
-9
18
9
0
-23
-1
22
25
64
-21
-14
7
37
3
-25
-53
-26
-24
-6
9
38
-15
28
-38
18
1
-18
12
40
-43
-40
13
9
-23
62
15
-5
-22
-62
-28
-35
-3
-26
-9
8
-64
-10
-16
-74
-36
15
-6
-14
15
0
31
-45
24
16
6
-4
9
-33
-24
-8
12
-24
-25
-41
54
8
24
-38
-3
26
4
13
3
13
-3
-5
-11
-41
-37
86
-59
-28
3
14
13
-14
17
-33
11
6
-38
5
40
-19
49
1
-3
-2
60
-48
-43
21
-16
28
-6
26
9
-71
-23
-29
-16
15
46
-2
-69
11
-34
20
-9
32
17
-2
-42
-19
37
28
-39
26
40
6
-6
-1
1
11
-37
-62
10
-8
-3
5
78
-32
21
-33
1
-9
-33
19
-41
-70
-25
11
-35
-47
-24
-21
-46
-24
-30
35
-39
12
16
14
-39
-44
22
75
0
12
-13
35
7
-12
15
-7
-4
-22
11
56
-5
-43
-33
5
-2
-30
27
-35
-24
-17
76
10
4
-32
-37
-9
21
-25
14
-46
-40
-27
-12
-16
8
12
-8
-38
11
61
-1
-19
23
54
24
-3
15
20
-11
-33
-62
-2
-10
-16
13
-8
-13
-36
-8
42
-30
-37
-59
-27
-39
11
21
-3
-2
34
-8
2
23
51
-70
-34
70
-53
-22
-2
-30
-18
27
-24
-38
-41
-68
-26
4
-16
-23
-41
-17
-10
-11
32
0
27
5
-19
-24
-16
-32
36
28
-46
-14
-32
33
32
75
27
5
-17
26
72
-8
-26
-79
73
-13
-18
33
34
-29
36
14
-30
-32
-3
-18
15
-18
57
0
12
-13
37
-2
34
-3
19
-55
-44
-14
8
-30
-31
1
-4
26
-40
35
30
2
-21
18
10
-19
5
-7
48
-45
-20
-39
-63
-12
16
24
-2
-61
-9
25
9
1
-66
-9
11
5
-8
-11
15
-14
4
-27
43
42
-28
-49
-61
1
-2
11
-17
-34
-49
-15
3
-19
56
25
31
8
-19
-8
32
-52
-9
10
17
-6
-44
46
-1
43
12
4
15
-51
-36
-55
-19
-8
-30
49
46
61
23
-9
-12
24
33
-3
-28
13
3
-18
-17
11
-1
-19
-24
9
-28
-1
-3
-15
-5
-18
-30
-11
9
10
20
-33
-29
-48
67
17
39
-3
23
-1
-25
6
3
30
21
29
-37
-17
54
-20
-22
-2
-26
-58
-16
18
0
31
42
30
-55
-19
-62
-8
-8
-5
-28
-14
-32
-3
-21
34
-47
-39
-6
-42
-33
-30
-10
-12
-13
-17
47
-17
-53
10
-38
14
33
-20
-1
-24
-54
-22
26
-2
7
-38
-20
-3
-21
26
6
-37
-3
-10
-34
5
-19
-40
-62
-11
-22
1
6
39
-4
-26
24
-28
-38
-1
-51
-28
27
-24
5
26
-33
12
3
1
15
17
-3
-17
-12
-33
-9
-26
-22
-15
-10
-7
1
-34
-6
-10
16
-41
11
12
-4
-23
-44
-33
-26
2
4
-25
-17
36
2
-3
-11
-53
7
0
18
-87
15
-34
-38
-3
11
6
20
-5
14
-10
-1
-12
-8
-26
17
-3
-28
-14
-16
36
-1
69
27
12
14
-29
-2
-17
0
27
25
-8
-17
-31
-59
-23
-38
-38
-13
33
-12
8
-62
-60
-8
-38
4
-1
-30
18
54
-2
42
-17
47
17
14
-17
-19
-19
6
-38
35
31
-6
-1
-18
5
13
-2
8
-10
-45
-10
-59
-5
63
-25
-42
24
-54
-27
3
18
17
-20
51
19
-36
25
-8
-1
-39
-26
22
-59
0
-58
-45
32
1
44
5
49
51
4
9
-30
29
-58
-20
8
16
-5
1
24
15
11
13
-55
-14
-35
-28
-42
12
18
4
23
-30
29
17
57
-10
25
13
6
42
6
5
-3
2
-22
-71
23
63
5
17
-47
0
-4
-20
36
-34
23
-1
30
6
2
1
0
-24
1
-4
-2
-6
-44
-14
-15
57
-2
-50
26
-10
70
-24
-6
9
16
37
27
-5
-26
38
10
-11
-10
-51
25
0
-9
-7
-13
-29
9
11
-9
70
-20
11
-30
0
5
-5
-25
-14
12
-26
-5
-10
-1
-27
-24
-19
-12
-8
-26
11
41
18
54
-28
-43
6
2
13
22
-55
-19
7
-15
-53
-1
-7
14
8
-37
-29
-32
8
-9
28
6
-55
-4
-10
16
18
-115
-33
42
-42
-34
0
-65
-33
32
-38
-30
-32
39
-27
-20
-9
-49
57
15
-52
18
-47
35
27
-44
-25
20
2
52
-3
-43
-19
-23
-13
-32
-7
-53
16
22
4
-3
11
-42
-41
-8
9
-56
-14
-5
27
-12
26
-36
71
42
-7
1
-6
-20
5
-35
-4
7
-6
-26
10
15
31
13
-18
13
29
-19
-4
-47
39
25
-6
-15
1
-18
39
34
-15
-24
-49
-1
-20
-24
6
20
-20
-7
22
32
-26
-17
-15
-11
-50
-35
15
-9
-15
27
-30
0
12
0
-11
11
-34
-42
8
-10
5
-18
23
4
53
-20
-13
-34
-27
5
37
-7
-41
-3
0
-15
18
-4
-39
8
22
-33
14
-32
5
4
10
-54
11
55
-8
8
9
12
-25
-46
-26
17
-58
-14
15
10
-7
-46
38
39
-8
6
-44
23
-4
-16
2
-5
-41
-41
23
14
20
20
-10
-36
-13
2
-28
-8
-41
25
56
30
29
24
4
30
-37
32
-28
-32
-53
2
-15
-6
9
48
-6
41
-14
8
-20
-26
-2
-2
32
17
-49
2
9
-11
-55
-73
-18
-50
-22
31
-46
23
-2
37
0
-2
-2
-17
7
-44
18
-40
15
-22
-6
-34
-18
-3
4
36
-42
-17
48
34
20
31
43
2
-21
6
4
6
-24
3
6
-5
-38
-59
80
-22
-6
-46
-19
-14
-20
-5
-6
-15
-46
1
-26
-40
17
14
7
0
43
23
-50
14
-17
-32
-10
-6
-8
-23
39
-36
-10
-2
22
23
-1
19
-16
-3
26
5
8
-1
-8
-42
22
13
-28
-19
4
53
3
-53
-40
18
-10
-30
-41
17
-23
-24
-14
-8
2
2
-23
50
-24
24
66
-38
-19
17
-38
12
-55
13
-21
28
10
-14
-34
-47
15
42
-49
-4
-5
-58
14
13
-46
-16
-37
-27
-13
-31
0
11
-30
69
16
-59
-25
22
25
40
-9
35
27
30
-28
43
-40
-32
-3
-75
1
42
17
28
12
20
12
-14
0
-33
-13
5
-28
-32
2
3
-24
-42
-11
12
-17
-20
-36
3
-28
-33
-1
6
-19
0
-9
6
1
9
10
5
1
20
22
28
-1
-9
-31
63
5
7
12
23
20
-40
16
32
-91
-37
37
33
4
3
13
-85
-56
-28
-55
26
-15
-24
-10
0
2
34
-41
9
26
-41
-7
-11
4
-35
-54
11
-9
-11
75
-4
36
-23
-58
-15
63
-69
-16
-10
-8
8
-3
4
-59
24
-75
-33
8
-19
-20
-45
-31
-1
32
6
27
-14
-56
21
-2
9
-41
-14
-17
-21
-41
-1
38
-23
30
25
-9
-53
-47
12
-27
-45
35
-45
-10
-34
-55
-13
-15
16
23
36
15
-44
-7
-2
-15
-16
34
-20
-3
-35
-33
43
41
-4
11
4
-15
1
-3
14
-18
-42
36
-33
-24
105
46
17
1
-15
-13
14
-47
-46
-1
-35
0
21
-11
20
-20
-25
-37
-16
-22
8
-22
42
18
2
25
-41
2
72
0
12
44
-38
-17
-48
-44
-27
1
-2
-29
12
-22
20
-14
-1
-33
-52
-20
3
-48
-18
38
3
9
-3
4
8
-37
13
1
63
-11
-4
-57
5
-24
-3
-1
-14
-7
-30
2
40
-8
-15
9
1
5
3
-38
28
-22
-7
37
-8
-18
-37
-54
-19
-26
-30
-16
-26
-2
32
6
-50
-11
-8
46
20
-13
-16
22
-28
8
36
37
-47
-47
31
16
30
-15
40
5
-31
-51
-20
27
46
-9
31
-10
-17
11
-29
-4
-9
5
-13
-2
24
4
47
-9
18
-63
12
-43
-35
-2
5
-50
-4
-15
-29
-23
-17
-29
-18
-12
-17
35
24
3
-6
-19
29
-5
-32
19
-48
-18
-6
2
-60
-19
70
-10
-15
36
7
-15
-26
17
13
6
-41
-24
7
-60
-31
21
-61
-6
-23
-52
-4
10
-36
12
8
3
50
-12
-22
-4
-30
-26
-27
9
-27
-36
15
-34
-19
-61
-24
-8
11
5
-27
57
-28
-31
-7
36
37
-29
19
3
101
40
9
-13
18
-31
-7
-56
-9
-27
-26
22
74
-9
-17
-25
-23
9
12
0
-44
6
5
0
-56
-8
-12
11
-38
6
19
-33
16
-34
46
-46
-18
-9
-15
36
14
-47
4
-4
-2
62
30
42
10
25
-29
-8
41
-5
12
20
31
2
-26
-32
-11
10
-4
33
9
-2
5
-26
21
-55
19
61
53
-7
14
-17
-11
37
-6
-10
23
-17
-17
1
-39
-9
-16
19
-42
-6
-40
28
-27
-55
33
-22
12
-19
-13
-23
19
0
31
-43
-31
-43
10
-52
25
-29
-54
-32
-9
-16
18
23
-65
-49
49
27
-61
0
-11
-31
-26
-8
22
-36
-14
20
39
-22
6
-44
38
3
12
4
8
-31
21
20
-4
-19
-35
-25
-10
16
-31
-48
54
-3
45
26
8
-7
-71
5
4
-6
-35
-2
28
-18
36
29
-25
-2
15
36
-9
-9
34
32
10
12
-8
0
-34
12
-27
-3
-14
-34
-17
-30
15
-39
-1
-70
-6
-30
-41
-29
-57
42
5
33
-59
-5
-10
16
-18
-8
-21
7
-24
-45
14
-7
55
-29
-12
-2
39
16
-39
-14
1
-59
21
1
-33
-17
-7
1
35
-16
-55
-21
18
38
4
1
-18
15
12
-26
-5
2
7
55
-14
3
-4
40
-3
-8
7
-1
-84
3
-51
-39
-40
-17
-7
-21
13
-15
-15
-86
42
-10
1
29
-8
-2
-18
-1
-17
-25
-43
-67
9
-51
-44
-15
-21
23
12
-46
-36
-1
0
-40
-35
0
2
7
-28
35
-7
-45
-21
-22
12
6
-17
4
-14
4
-15
-11
-37
-30
15
-46
5
-18
-4
9
-56
-31
-27
14
36
9
23
-32
-4
-30
-5
-5
-7
27
9
11
-8
-32
-29
-32
-23
75
25
-30
-45
8
-9
17
22
-43
-5
-29
-27
-31
-9
-35
9
-18
0
2
-50
-13
-25
36
-35
-1
0
23
18
27
-41
-32
-10
-2
30
19
-45
-30
-66
-7
-27
15
16
14
28
0
19
-24
2
5
-36
-45
44
9
-37
-31
-9
-23
-17
-7
81
7
8
-37
12
-15
-26
-30
-23
28
-17
9
-44
-35
-35
24
-18
29
-3
-1
6
-32
-13
38
32
-17
11
-31
-15
2
-1
-38
-29
-25
9
31
74
-49
3
13
-50
5
-9
-24
-26
-31
9
13
14
-7
-35
-49
-31
-17
22
-13
25
17
20
51
-10
-21
3
-9
-38
25
-16
75
-35
12
49
18
25
7
-5
-48
12
46
19
-16
-56
-53
-43
-47
-13
-58
-2
12
-18
0
-44
6
35
-51
-50
20
12
25
-30
10
-30
10
-23
-12
-6
-3
3
17
15
-24
-22
-18
-62
-24
-8
4
1
-32
-54
7
-4
-8
-25
-35
0
-5
4
30
-8
-37
-5
-76
-59
-8
-23
26
-14
-68
21
-21
-13
-69
-28
-72
0
70
25
-36
-36
31
-52
-18
16
17
16
-44
-33
-21
5
-13
-63
-6
0
-26
-19
10
-11
-1
11
1
-8
-28
-16
-18
-14
-15
-28
3
10
-4
-46
38
-20
-37
13
-18
7
-10
-5
-22
-29
6
-13
-15
19
63
27
-30
64
4
-20
-25
-30
-38
25
14
9
-50
6
17
-43
-7
34
-2
58
-9
10
5
21
-48
-16
63
6
-29
-50
26
-24
-2
-10
0
-28
-28
27
-27
-20
-14
-1
2
-26
5
-39
-59
-31
12
-9
11
-23
25
20
3
-13
-25
15
0
25
-59
2
4
-9
-39
-27
81
54
-54
-16
57
79
4
26
20
16
-31
-20
6
50
44
-21
-36
48
0
21
6
-19
53
-42
-41
-6
-48
-33
9
-4
31
3
-33
-40
-16
13
-14
5
27
20
-25
-74
17
25
10
1
-53
50
2
-21
-34
0
-35
-31
31
-49
-36
-3
-58
-9
3
36
-6
-2
-13
3
-4
-30
-12
-56
5
22
-27
13
-40
31
-7
7
-10
21
26
-27
5
-5
50
-4
-13
4
-40
-1
-7
-11
-37
25
-37
-8
16
-8
7
-7
4
-55
1
-31
2
-28
-21
-27
-30
11
-9
-13
34
10
-23
57
-12
6
-7
-51
-47
-34
-39
-19
84
40
-9
-40
-10
-27
-15
-19
-1
-37
-10
-5
-12
17
-61
17
-32
-60
-15
-57
-62
-85
-28
-7
21
9
47
-10
42
-26
29
-26
-23
46
1
-42
-28
-29
27
-26
-20
0
18
-69
12
16
17
15
-11
-5
22
15
-34
-9
0
7
-22
-8
-29
-10
-58
-44
-26
-3
33
-27
40
-11
-31
-4
-11
49
-7
-17
-11
-11
-13
-13
-57
13
25
-30
-1
67
-28
-52
-12
-58
18
-20
-19
72
6
-24
-28
-17
-3
-18
8
28
-36
-9
25
-1
-34
75
33
-26
-16
-33
-10
23
48
38
-8
-21
50
6
4
-27
-28
14
39
-37
7
-22
25
-31
-74
-19
2
42
37
15
-44
-37
-35
-5
21
26
7
2
-9
-2
-25
16
-31
-17
4
-50
-36
-23
-11
-44
23
4
-19
5
34
44
23
-23
-6
-30
22
2
37
-37
0
29
16
18
-18
22
-1
42
-15
-1
32
-61
17
-47
-39
-45
-35
-32
8
6
28
40
33
-56
12
36
-5
42
-41
-20
19
6
6
-24
2
-12
-19
23
-41
-8
-7
10
-49
2
31
-33
48
-72
-2
-5
14
-58
53
-14
-38
22
10
-10
-61
-31
-25
-20
-50
39
-13
-8
21
23
-35
-71
6
-5
-21
0
-50
-4
20
37
-8
-26
-1
-14
30
-3
16
-52
-67
-31
44
3
-53
-10
18
-53
42
-6
5
7
-9
58
-2
-2
12
12
-1
20
-62
-18
1
21
-47
-67
0
-23
-53
-4
3
-14
-17
-8
-50
12
12
3
-36
23
15
-45
1
22
-32
-47
-6
55
28
-14
-59
25
4
31
-15
6
-48
73
-36
18
4
12
-47
55
-54
2
10
-25
-17
1
-2
-23
25
-29
-35
-13
-22
13
-5
10
41
-36
-5
15
20
14
-22
31
38
-37
31
-26
19
39
-34
-18
45
57
-16
27
5
43
-11
-46
-5
-8
-26
6
-48
16
16
-21
-9
8
1
11
