91
-32
-16
-4
-59
-41
-63
5
-82
4
32
34
38
57
-65
52
-32
1
34
-6
0
11
-47
68
-66
49
42
143
-80
75
111
16
22
85
26
42
-58
14
-61
-50
57
-30
25
-33
-43
29
-13
40
-75
21
40
70
-1
36
-12
50
-46
34
-18
-53
32
-74
51
17
-5
-51
-52
83
40
-34
4
60
-48
-53
-7
6
93
50
1
43
132
-2
-49
30
-1
3
20
-1
66
15
23
0
50
39
-7
-29
-61
-24
39
22
38
58
44
65
17
-18
-30
33
0
32
-48
-85
33
-51
14
-24
7
-4
97
2
58
-8
-2
-91
34
1
109
42
71
15
-4
9
115
52
-7
48
27
-3
13
-74
-35
-61
121
12
-7
12
19
-37
27
-120
-41
41
-13
-93
-86
-18
28
-32
11
9
-42
17
-33
9
56
-58
16
31
-31
11
-95
31
11
-110
-9
47
-19
-36
94
4
61
-6
-66
85
47
-51
70
24
27
52
9
-20
-41
42
51
-36
20
-8
14
18
-81
-56
53
66
58
4
54
10
-34
2
48
91
-65
-12
11
-12
19
13
26
58
22
2
34
-30
37
54
24
47
26
85
-19
9
-28
16
-3
32
-41
-2
-1
10
-91
-41
43
74
48
-78
35
88
13
-3
26
96
-38
37
-8
88
37
39
-41
116
42
-13
27
-4
-2
32
20
-19
33
18
40
17
-64
11
-37
99
25
40
61
-31
21
-50
25
73
-48
7
34
43
109
-7
-16
-1
-73
9
102
1
-45
44
-19
-35
48
-26
42
55
38
10
7
-21
133
-27
88
7
-15
70
-107
40
-10
13
-71
-2
-15
76
88
-57
24
103
-41
3
-57
-43
-117
18
56
51
28
-57
-29
-47
-16
11
-97
-48
91
0
74
-60
21
95
4
4
-51
-23
11
85
40
34
105
31
-12
19
32
0
12
61
2
-13
-19
-17
-56
127
9
-46
21
-10
-13
-29
15
87
-20
49
-76
82
-97
-1
-10
-46
-3
59
-51
7
19
19
59
-31
51
-75
-33
14
-15
-7
16
43
93
-39
35
-27
0
3
-75
-18
-48
-11
20
52
67
47
-22
3
20
-43
-18
3
17
26
1
33
141
0
41
61
92
-30
-49
89
48
-93
-42
34
-18
10
98
-25
69
29
28
-53
65
-12
-8
98
2
-29
69
14
27
87
33
-42
-40
13
-37
-48
93
57
11
-51
53
-5
-75
9
40
28
-43
31
63
42
3
22
-82
-15
-5
35
44
-51
-5
-27
-2
-35
15
22
20
-5
-7
-3
-75
-63
-7
-44
87
14
-9
-82
119
-23
-50
106
2
31
-69
40
-4
25
16
73
97
7
-20
37
-22
-32
-60
5
-32
-77
-7
24
-6
56
29
-21
52
22
117
-27
8
-147
119
40
-28
-76
-4
33
-11
-29
99
69
-12
-2
-45
-2
24
57
-6
-77
-26
29
71
33
-17
-58
9
-86
66
-60
39
73
-45
14
-15
-74
-24
30
38
-26
7
0
-79
-91
-61
-14
-106
18
42
9
45
-62
37
-27
4
75
2
-39
3
-19
69
44
-36
11
-78
-97
-2
43
-123
74
-28
7
81
52
-15
26
39
-12
-81
57
-43
55
-10
-60
58
-54
84
-4
-36
9
-85
9
39
121
-47
-15
45
39
-76
0
41
-45
-47
-31
-15
17
-86
-36
-62
-35
-2
12
-27
25
-109
89
42
33
26
-68
-3
-14
64
-43
56
-93
-57
-21
51
-25
1
12
36
43
7
53
-82
53
-2
-54
27
24
102
34
-78
-77
40
-13
82
135
-2
-86
-19
-78
-33
-9
-13
4
-51
7
69
40
-19
128
42
28
-32
-11
48
62
62
-30
-44
-7
-99
59
84
68
49
14
38
37
-14
-41
-37
82
-123
15
-4
0
15
-11
-3
-18
-2
-44
-42
-15
88
-61
42
80
-118
-38
-50
48
-105
22
6
23
59
-18
1
14
9
-28
23
22
-47
-22
47
-51
51
-23
39
-17
9
-129
29
22
-87
64
77
-21
5
-32
-11
68
-52
24
-43
42
60
73
-37
72
77
-30
47
-19
5
-63
-14
2
21
15
46
61
33
-14
61
-36
6
69
-1
-82
-90
-21
7
-10
-82
-61
4
-62
35
-30
11
-79
86
51
7
-4
44
72
-167
-69
-77
-11
50
108
-39
-13
112
-51
-78
-83
21
99
-3
18
81
80
23
45
24
29
-53
58
78
27
-26
-37
24
31
24
49
46
-1
46
-12
40
22
-61
2
41
111
53
102
25
-69
109
-119
39
4
33
25
8
-66
66
-65
-103
-61
51
-51
114
-62
-10
-39
13
0
46
73
33
89
-18
-2
-32
38
-24
13
52
-53
-3
-51
-45
14
-26
-25
70
7
-103
-84
51
-24
-92
11
53
38
-5
-38
24
-60
-22
50
-37
16
46
-4
78
-9
-1
-47
34
-30
-24
44
86
-2
57
-10
50
7
96
-7
99
26
53
38
52
64
-38
-40
-10
36
41
-28
-67
23
33
46
84
10
-10
-5
32
55
53
-24
-9
8
-20
-18
74
84
64
-32
-11
7
51
21
61
-17
-85
66
-9
135
-51
-11
42
11
-12
19
-6
-8
-46
-75
-75
7
-10
2
-68
-119
34
17
-23
36
64
22
-103
-46
16
20
-15
-3
30
0
-1
57
41
-8
102
56
-2
152
55
-17
-34
9
-52
31
60
-33
-30
3
48
8
84
89
12
-41
-93
83
-7
51
47
-14
-19
61
96
1
39
30
-10
17
85
12
-15
-43
-86
129
17
-136
21
-20
-16
46
29
-23
15
5
13
-98
3
-1
-2
-19
-33
36
2
36
110
-83
14
-52
34
42
-12
24
-75
145
-31
101
-12
31
80
-6
47
-31
-20
-1
-109
11
-5
82
35
-30
17
25
-129
-98
-5
-36
-26
-77
44
2
-61
-86
-12
23
43
-77
115
-27
-42
5
-52
-13
45
-90
-12
-18
6
31
39
-57
37
-89
-11
23
41
41
-8
48
-14
78
123
-34
-16
25
-32
139
-7
-31
26
-50
-23
86
-22
39
117
45
52
-34
-7
53
-30
17
-10
15
135
-32
89
-1
-93
63
68
38
-72
42
-24
-142
-1
24
13
43
-2
-149
98
-106
36
-17
27
11
-32
9
-90
-111
24
102
25
98
4
10
109
-42
-12
-40
37
1
33
70
20
34
63
48
-41
15
16
42
55
29
35
48
-14
-24
20
29
70
78
13
29
-1
-10
-82
21
78
-49
-57
-14
-93
-3
9
-44
-137
62
13
32
-18
-29
58
37
51
-30
22
14
-67
-90
65
149
-5
-55
-34
57
27
-1
91
20
-44
61
40
-45
53
-21
-22
-59
9
-56
18
-20
21
-46
51
5
80
6
58
0
29
-34
22
56
57
-70
34
45
-51
-5
-23
3
8
104
105
48
-54
73
64
-1
-1
-23
38
-34
44
-86
-17
20
-106
-13
32
18
-83
69
-26
20
-52
37
73
-9
-21
12
-18
93
28
14
-32
-3
17
96
12
89
49
-69
-25
22
-32
-72
5
30
-28
81
50
-1
-34
-74
-21
-45
-39
-21
55
16
36
38
60
65
14
11
40
-73
29
-4
13
17
57
-38
121
-5
-18
48
-75
-28
-30
24
-1
10
-3
12
39
-38
-73
-42
13
-41
8
-20
-1
-17
9
5
-77
7
-10
19
-52
20
5
-11
-36
-44
13
-17
-122
29
34
-31
-88
17
-30
73
-103
-88
-33
70
103
48
-64
-90
-52
36
-12
-43
9
-3
1
9
-14
114
12
66
79
25
27
-36
1
-65
-33
-4
1
-87
62
-25
0
-9
-28
-7
83
-23
-39
30
31
19
-61
4
42
47
35
-16
-41
51
-48
35
42
17
74
-76
23
30
47
44
-62
-90
37
-22
99
48
-37
42
-61
-14
-28
56
109
44
7
118
-44
68
-20
-25
45
61
50
-72
-14
-38
-4
-5
-26
42
97
31
-9
51
-74
59
13
-3
-24
-67
30
32
10
15
72
26
0
93
0
73
89
39
-44
73
7
-74
47
-54
44
128
69
28
-2
34
-55
28
-21
-61
70
79
36
3
2
-10
-77
-10
-3
83
-44
2
44
6
101
-2
84
-43
42
-91
-50
73
20
-14
-112
83
29
-71
58
-25
85
17
7
-37
46
39
87
45
16
13
-76
22
-49
11
-20
-4
43
-7
69
63
-112
-11
115
33
53
12
-26
54
-6
4
20
-14
-62
93
36
98
-36
61
66
-25
-33
16
47
24
-16
47
36
23
-122
-16
86
28
9
18
-23
-17
-1
14
-104
-70
98
-55
18
40
-12
51
24
125
59
-78
-23
-73
-17
-97
-103
47
-29
-58
-26
-40
-82
-58
25
39
-18
-44
100
-16
-9
-2
-8
-3
-10
105
19
33
-133
145
-62
-11
1
52
61
-18
-52
-27
-46
91
-37
130
-55
-57
30
9
40
33
-91
-2
-23
10
45
27
48
48
-32
65
-1
-27
-36
-18
3
58
128
-14
60
45
-81
3
-20
44
-25
3
27
-14
56
40
-37
133
28
-84
-35
-4
-26
113
-1
9
62
-25
48
24
-15
31
22
27
-86
-15
2
-7
74
-40
-21
46
-46
32
53
-59
28
50
-5
-4
8
-80
55
17
30
14
102
0
33
-5
-4
-54
90
21
-104
50
34
-63
1
-32
-69
-36
-11
36
41
-14
12
44
135
-39
-37
37
65
1
116
80
-22
5
53
37
38
-23
103
15
17
61
-38
26
24
-16
57
-2
-18
102
92
-75
101
15
91
73
-112
-14
-13
34
-40
-27
-23
-7
27
117
16
-71
-7
-23
12
-45
11
-58
29
80
29
38
-8
-28
-23
-115
64
-53
63
-49
102
-66
-115
-18
-3
-48
66
-103
12
-38
142
-59
-49
-14
-53
-13
47
-34
70
-77
-49
-25
-87
-11
-1
13
46
62
-1
-114
9
-25
-8
-93
-25
-36
-51
70
47
65
21
-97
-35
25
-30
-18
69
34
17
-1
-30
5
67
-7
-3
50
-63
-10
-13
53
47
51
-12
50
33
40
30
38
-35
16
2
31
79
77
-45
-24
-15
38
6
-12
15
16
-31
-39
-91
-64
-74
-27
32
29
-4
72
0
-39
10
1
8
-90
-6
-17
-5
-14
149
48
20
12
-15
14
-13
53
19
-6
-3
113
11
-49
80
-38
-29
33
18
-56
37
-38
-93
25
-19
107
-60
-62
20
1
-26
-9
88
8
-77
10
-3
62
-3
45
-76
-35
45
21
-21
17
57
79
-23
4
56
26
10
64
-104
6
7
-17
-25
-38
-25
-27
4
42
75
-74
-11
47
-38
10
-27
26
0
66
-36
-66
-36
-14
-35
14
-9
-29
10
-97
113
33
127
-37
5
-58
5
33
-86
-29
-13
119
0
-36
77
16
-31
-8
14
51
55
-39
55
-25
-107
-33
125
-23
20
-22
55
46
-22
-44
17
78
122
-35
76
17
58
-58
9
-37
-1
-6
-112
-53
3
-41
5
-82
-18
-4
19
-46
-33
-23
-7
-5
52
-32
71
-63
21
65
5
-29
32
16
93
32
42
42
-3
-21
-36
48
-109
-1
-5
40
40
43
3
40
-31
-20
67
17
31
91
-63
58
-91
-49
56
104
42
111
34
101
-77
18
19
-48
16
68
73
-66
40
-6
-35
-62
-64
44
37
-16
-12
7
3
6
-55
26
27
13
-92
83
7
17
-7
29
49
-29
21
-37
28
-37
76
-65
29
-21
50
61
-32
75
31
23
-8
75
-14
-107
-26
25
40
-45
-38
-85
-25
63
-56
9
81
-100
13
-90
-39
-1
101
36
66
82
-18
-54
-52
37
18
-63
-85
60
-27
44
63
-27
-102
-6
30
10
-68
-12
-21
18
-4
29
27
-63
35
42
14
41
64
16
24
26
26
70
94
-38
5
-13
-4
88
-24
-66
-11
-34
-23
-35
56
34
3
16
-5
6
-23
43
17
-27
-61
40
21
102
-43
58
-64
-78
-17
60
4
4
41
59
61
20
89
104
-14
-28
36
-48
25
-39
-107
-54
7
53
-44
11
-19
-20
21
-32
45
32
-6
-9
-45
56
83
-8
-1
37
42
-80
105
25
-3
-76
48
-26
-16
17
62
44
89
-81
-16
61
-30
40
-11
-65
-48
70
9
115
109
-24
-55
49
-54
-39
64
-4
78
3
-97
29
10
42
21
32
46
-79
84
-2
-102
-117
-15
15
-74
-8
40
42
33
-77
20
-139
-18
-3
-38
-28
21
55
-70
90
31
-97
-12
107
7
35
-26
-50
-16
84
0
-69
-14
13
-55
29
-17
-93
23
19
-30
52
70
9
2
19
135
-17
-1
45
9
100
-116
-43
-5
59
84
36
-101
17
0
-50
10
-22
34
-2
92
-15
88
-14
57
106
55
3
-4
121
36
33
0
30
-4
-70
-67
111
7
-93
102
-47
-22
-42
-13
-6
44
65
-43
49
51
7
-31
6
-25
69
-63
-77
55
-12
-84
59
-70
-27
99
-6
77
33
34
4
21
18
16
-16
-50
24
35
39
11
11
32
-68
-84
67
34
2
65
-35
-77
-59
67
58
7
126
49
69
29
55
41
52
-9
-70
94
-1
16
-6
4
1
53
47
47
56
36
-40
65
46
-9
-34
55
-25
78
-12
129
98
-1
11
-112
-27
-9
56
-6
22
7
-133
23
7
-2
138
15
10
-72
0
-48
-74
0
-5
11
43
20
64
-53
-4
18
52
-19
40
46
-31
42
53
-11
48
63
-45
20
84
2
87
39
-38
-36
-72
-26
-66
68
65
34
-67
-6
55
20
-76
-39
-34
90
-12
-19
42
-41
-18
-78
63
-62
-24
-9
-101
-107
-75
-7
50
-98
47
-44
25
-32
51
30
30
36
66
91
-25
28
70
-100
-39
15
44
-4
-46
-2
-111
1
35
-25
19
11
40
-16
10
64
34
53
46
-45
29
-9
42
-41
-18
-10
39
-44
22
-15
101
3
4
53
-69
32
-26
-49
-27
19
26
-42
61
-29
32
24
71
-65
-54
30
-21
36
-3
34
-40
13
-117
-84
44
-53
-66
44
-39
-3
39
35
-83
-3
-44
0
60
-35
-69
-5
0
27
41
-12
25
42
-2
48
82
15
44
58
7
40
-40
-101
118
-16
-43
2
103
34
88
-13
7
51
66
35
0
-61
13
17
-26
-90
9
-95
-43
-42
4
14
12
-66
7
-4
-27
-5
36
-17
-50
103
43
-75
-123
-11
37
-30
-2
32
-52
47
26
74
-76
57
-46
-29
38
-85
-13
45
-27
56
-112
34
78
20
47
-24
52
11
-62
13
21
-31
3
-47
57
19
14
-20
33
-89
44
-22
-1
83
48
-7
22
10
-9
73
-15
-15
-42
46
-106
-10
23
2
7
-71
19
-35
21
65
86
-47
-2
24
48
13
-37
-47
-35
4
-21
0
29
46
1
-20
14
-30
65
-14
-36
75
-87
38
-137
-14
-16
152
33
13
-133
-32
-32
-84
-81
-27
-78
25
-11
-54
-3
80
-98
35
-16
-4
-23
-9
48
27
6
-90
-84
76
-5
-29
-11
-34
36
22
-102
-28
-49
30
-66
20
-27
9
-3
5
8
34
-56
55
16
20
8
99
-61
-82
-34
-11
43
-43
7
25
-11
35
86
-99
-1
22
-71
-94
27
29
83
-9
20
-31
105
16
-73
71
56
-26
8
53
7
48
53
-81
-32
-2
-56
-3
-29
27
47
38
-8
-8
-92
52
-50
39
36
147
-51
22
0
-5
41
-71
11
-37
-31
9
91
12
-14
36
-9
22
-147
-115
57
96
50
118
-21
66
8
-74
-107
-30
58
5
-36
-54
114
-27
-64
96
-11
-78
-47
117
-87
-18
0
37
-5
-13
-34
-70
29
5
74
60
-55
34
90
-1
67
52
-49
48
-6
-26
51
40
-64
-46
53
-19
-62
116
6
-92
29
21
-27
20
-104
-63
67
-24
-5
16
18
-15
-51
37
6
19
-2
-36
-24
10
90
-49
-93
-39
56
98
38
-1
58
2
81
-64
-28
96
-23
12
84
-2
-38
4
56
46
11
51
-50
34
68
-3
-61
44
2
-93
61
29
-14
28
16
-33
21
103
16
-12
-84
-18
36
-21
25
-21
15
22
98
-128
37
42
-23
-24
44
-3
13
28
96
-65
-51
6
-77
-38
91
43
43
71
-37
88
57
11
4
-25
31
29
68
-1
-40
16
1
-51
-14
19
78
-11
-10
-12
-50
52
16
-97
-127
-13
64
-1
54
16
-27
57
101
6
53
-118
-2
61
13
-86
-7
40
96
-23
30
-55
61
-45
-19
37
43
9
55
19
18
64
47
48
48
-70
58
42
33
4
29
-76
-60
93
-33
23
27
-51
-83
-96
75
-29
-128
-9
-1
9
34
-23
-14
-27
-89
-15
1
89
46
-12
65
91
22
-37
19
76
-49
4
46
-40
-73
-42
-77
138
5
22
99
90
125
103
-15
25
57
-5
34
23
-14
-56
2
46
58
-54
37
90
44
-6
83
-57
-47
27
32
81
4
67
25
-72
-35
-74
0
-5
-36
-40
-48
-9
-22
52
64
-27
76
-22
-3
3
-78
23
-48
-82
58
44
91
3
4
-57
-69
14
66
22
-30
39
8
5
48
-31
43
-8
6
5
-6
-96
-115
49
0
87
-2
-33
55
70
15
48
64
39
37
25
36
-100
54
82
18
5
-18
-85
12
-43
-11
-101
-21
40
-36
-22
-16
-34
13
-79
67
-59
45
-32
13
68
24
-16
-30
14
-7
-24
14
-4
34
47
25
1
-22
-106
16
-5
-66
-81
-56
-2
55
35
46
-21
47
62
23
-47
4
-14
-32
103
-11
57
-56
75
66
-73
38
45
16
-4
63
-29
26
11
91
-24
-11
43
-2
-12
61
-10
68
30
-15
-52
-5
97
-79
119
-23
57
37
97
96
-21
-28
19
-45
-21
-4
-70
12
7
38
82
-51
-8
74
-29
-23
-16
-63
-27
21
-6
31
3
-34
-8
70
131
39
6
5
55
50
44
18
51
14
-2
22
-69
-44
-3
-54
76
-44
27
29
86
-112
-1
-13
54
51
105
21
-2
9
51
-110
-47
-79
-71
-69
65
11
25
-37
-13
-47
90
70
-6
-34
12
104
-15
13
-58
38
0
14
-101
-12
-72
37
5
-2
20
-17
15
-63
98
37
53
71
36
84
-23
-97
-52
-61
-26
-51
-5
13
6
94
-35
-66
12
9
40
3
-24
-104
-98
64
25
-67
30
-14
20
20
47
-43
135
-59
-51
4
15
65
103
65
-69
69
23
15
-1
-67
-50
88
-52
85
121
33
18
40
66
129
-28
-22
-17
106
22
-29
2
-32
-16
-18
104
8
6
-46
6
11
10
20
-5
-60
-88
-46
33
-59
126
-15
-7
-46
14
42
-37
43
68
110
1
5
-75
-48
88
37
1
-5
-41
-3
11
66
67
-49
-30
10
123
-6
3
54
39
-26
-86
51
-23
-74
9
15
-1
-37
42
98
0
-30
28
54
-24
37
-47
-13
-5
9
42
-23
-23
-10
59
-85
-22
62
-4
25
-8
0
-27
-19
17
23
43
45
10
-109
39
-107
25
-3
2
-15
48
66
-26
-12
-53
36
-13
-58
-44
13
-7
-56
-93
40
-21
-82
-53
59
78
-55
-79
-48
-62
-43
-19
77
21
-2
37
15
-69
-6
-75
26
-18
-35
3
33
50
40
-13
-66
-22
-36
-105
56
-25
-6
0
69
5
-10
12
40
52
-20
56
41
16
-12
-54
-17
-1
-1
-115
7
-22
-36
-41
30
-43
-7
0
36
36
-35
-12
74
-22
-92
-4
32
-31
-97
-33
-71
89
-4
-70
-117
-2
45
26
-24
18
-30
30
-16
65
-18
10
15
-15
0
9
5
-7
34
46
56
-84
-34
65
-21
4
63
-54
-18
27
29
68
-19
4
-7
-14
61
-14
-66
129
57
-55
-17
-18
-46
68
-40
25
144
41
-22
101
118
42
-32
-127
-69
53
41
23
-31
-2
-5
14
45
-43
-16
77
-59
-13
-22
-71
6
45
81
23
16
-18
-28
-103
-31
-32
-112
-87
-38
-21
-86
-44
103
58
47
101
-8
49
-37
-69
-31
31
9
51
-31
63
61
102
99
-4
-109
-16
22
-37
-28
-23
44
-2
52
-24
-24
-70
-36
25
-33
15
19
-17
79
116
47
34
-77
49
22
36
-6
56
-105
-4
14
-21
-36
-44
109
-39
-13
53
-45
73
47
25
-40
-63
102
10
33
1
-2
65
18
76
72
14
6
-38
52
12
36
-65
-9
31
54
18
108
-68
81
21
116
-9
44
25
-30
61
5
33
48
-50
-7
45
38
10
-68
-40
15
-20
13
-10
22
-36
37
101
7
-30
10
82
-18
14
-84
2
88
-17
-25
0
-48
-43
-43
48
131
-52
-52
-38
37
35
25
20
79
5
-15
-35
6
104
-51
-54
-66
0
75
9
76
-98
-113
10
56
-92
66
-21
53
74
29
44
-108
-5
-70
-44
40
6
-18
-12
22
-51
27
-21
-43
24
-11
70
19
45
53
58
-16
-40
27
51
-1
3
25
-59
-67
19
-19
-53
96
16
53
35
-46
-90
-60
-97
-101
37
-1
-28
38
-45
-17
-9
-37
-97
34
24
-32
-64
-5
-36
-3
58
36
-31
-69
-52
116
4
64
-30
27
85
31
-43
45
71
36
58
-55
-111
58
72
-75
11
3
1
66
-42
-2
103
-15
-43
15
-6
56
-52
4
-21
9
27
59
29
-53
-1
-3
75
-58
51
17
-14
-22
-21
23
64
48
68
-33
40
-13
15
-24
55
79
-43
2
16
17
28
47
-1
-84
-46
55
52
93
14
30
1
5
1
-29
-23
39
50
58
-36
-13
54
-111
-45
84
84
-82
21
-58
-25
64
-110
21
-54
-1
28
5
33
47
52
-81
11
-10
-18
-87
9
-84
20
13
-6
44
98
20
68
78
9
-124
35
43
73
-1
58
33
14
47
49
-19
-17
-74
-27
-83
8
62
-11
16
102
-34
44
19
29
-102
33
53
70
-22
-10
-4
-38
-5
25
-7
100
17
14
-33
-20
-70
3
34
11
-34
13
-4
-78
62
-36
105
34
-83
50
5
-22
99
123
18
62
-55
33
2
-25
-80
29
-123
97
4
-12
43
-72
-17
-75
37
65
-2
-56
3
55
25
-30
-17
66
4
0
-6
-8
25
9
24
62
-32
101
45
13
-30
62
-18
-1
86
-34
-54
-67
-38
-24
-25
-32
96
10
17
-39
86
75
45
-54
-3
126
93
41
10
25
99
-15
-49
-9
94
-107
-3
-69
88
38
26
49
-6
-18
-38
39
25
40
21
126
-14
-66
-94
-44
32
-92
-35
140
-29
92
-66
-26
-71
-53
-68
16
-46
6
21
17
50
63
-56
28
-51
-23
54
37
-26
152
13
0
89
-15
59
-88
49
139
42
80
111
-43
-31
10
100
20
48
-8
-82
-95
-58
-24
40
94
-41
9
-75
26
-57
-50
33
40
62
-33
13
24
66
-4
-17
-30
90
40
-21
51
-115
71
-2
42
-22
-31
-22
152
-4
13
-10
9
53
-15
-44
61
44
-19
-48
67
-34
-62
89
6
-49
57
38
103
-82
21
17
65
40
9
41
-2
37
19
-94
13
-31
19
-11
54
24
66
3
136
25
11
-31
64
44
-51
-56
34
13
104
-49
70
50
16
-53
-89
128
134
-33
-63
-44
-5
45
-5
-40
-43
1
13
31
7
9
-104
53
-7
23
-45
7
-39
-77
-43
-82
3
20
51
-19
-44
51
-21
-64
118
31
81
74
7
3
-110
41
-21
-23
-77
-89
51
118
-17
-25
-4
0
17
73
17
21
-56
15
-101
-27
-57
45
-28
-60
-9
33
9
35
31
46
-39
10
42
-98
66
-15
64
-91
-3
-11
-40
59
35
-11
37
-29
-37
46
86
47
28
52
29
17
-90
14
11
-69
22
-9
-36
43
-12
-32
-31
-164
3
48
61
10
-40
-10
24
123
-92
66
58
78
-68
44
34
63
89
21
42
79
-7
-46
68
22
-87
68
42
-23
-1
-51
-21
83
30
-39
26
30
19
-29
34
38
-23
-19
-35
109
-18
-16
-1
19
-41
-77
-20
-42
-10
15
-147
-79
48
-35
-12
-28
22
22
45
-26
14
82
2
15
1
-43
-43
-34
-53
-43
4
-22
119
-49
-88
-43
111
-24
0
59
-54
-22
74
47
-27
87
59
137
-75
48
-82
-66
4
30
123
81
-71
-70
-29
-19
16
-26
-24
58
69
-41
-2
31
28
28
6
-42
-22
-25
91
57
84
50
-40
53
-38
22
61
42
6
81
45
51
-79
11
31
16
-89
-75
126
36
55
-43
-1
38
-2
-105
26
-17
10
64
32
94
78
8
-108
4
0
39
-41
61
43
26
-104
48
-45
43
56
37
13
31
-13
45
60
-112
2
45
-61
-37
-12
27
21
32
-23
-47
-49
10
-13
3
17
29
50
1
-13
61
10
-8
10
-45
-51
-56
-52
98
68
22
114
-3
8
103
-109
35
-22
39
-14
5
-39
31
-5
-20
110
90
54
-46
-10
31
-11
-22
-6
74
-100
21
41
-23
8
78
45
43
-22
29
9
-71
107
-49
37
-14
50
59
101
111
42
-84
-16
-5
-47
7
3
-78
9
-29
-42
-19
-99
55
-6
-58
2
18
-29
-35
21
-50
15
-2
-2
36
-4
80
-19
10
69
-10
-38
117
33
3
37
-8
-32
32
61
-13
34
-28
-46
-3
-90
36
-6
-29
-6
37
11
-37
15
58
49
-18
-15
42
4
88
71
66
106
30
6
64
8
23
130
-51
21
41
11
-68
2
97
-29
-40
-111
32
-48
-163
11
-14
-1
122
-65
58
-46
-30
47
-73
-10
-57
-11
-3
56
15
30
12
-39
30
27
-43
49
-11
55
37
53
0
33
-1
66
-97
0
-23
-78
96
20
-1
17
8
-43
-48
-12
52
-12
-36
38
31
124
-101
46
-19
3
16
-3
-20
-32
-16
120
33
37
120
-85
35
-11
13
8
-56
22
-39
29
17
-32
-91
-2
63
-42
63
-102
-10
18
-16
-1
-66
-31
26
53
-50
32
11
50
122
-10
30
-34
-15
-9
-94
-6
9
57
-35
-29
-29
-72
110
77
-11
28
41
-62
28
38
98
-26
-69
40
25
69
12
-22
47
54
-109
68
23
21
65
-35
-50
-109
4
59
78
13
35
-1
84
54
2
45
23
31
2
-3
25
-28
-12
-55
60
-11
-27
-15
44
-27
-32
102
116
46
58
-50
-29
76
22
-53
-27
-110
-5
62
20
-1
-25
-18
5
7
12
-94
25
-31
19
-29
-91
3
4
15
-55
-46
37
89
13
14
44
-14
5
-69
-7
11
34
-29
-30
7
-10
-21
-18
92
-25
-3
87
-55
55
57
-71
0
-47
2
33
-97
37
-22
1
16
12
-69
24
77
-18
34
10
1
-72
42
13
13
-25
7
-74
89
97
-5
-70
-15
40
112
-2
-63
-47
-14
24
129
65
97
10
13
61
-51
20
48
-27
66
29
-56
1
37
19
-69
20
-16
-7
-15
-32
27
120
2
56
91
-52
-35
-1
4
-109
69
36
-1
18
-30
-33
47
56
-51
-15
42
-7
-52
-1
109
-30
16
41
-31
64
36
20
71
101
-136
-34
63
63
38
-108
83
-52
-5
102
89
-76
16
-92
-17
-45
19
-70
-39
-43
-3
27
-14
128
-72
19
-31
51
99
83
66
-49
49
44
21
-32
-74
-28
-6
-11
-52
16
6
65
33
64
37
-21
-32
-23
-49
63
58
69
27
-24
1
57
121
4
54
31
-3
58
79
-2
-25
-23
76
16
71
50
-2
-26
-69
-41
-32
45
-74
-21
55
-38
82
117
23
37
-93
58
-19
-9
-11
-48
-6
36
-73
-70
-5
55
9
-16
1
-56
56
-100
5
-4
87
-34
-27
-81
-5
-25
3
-37
9
2
-43
58
54
98
35
-8
96
-19
-30
-13
143
-32
81
9
-56
42
-45
8
-83
-8
-10
41
-82
17
-31
32
-63
-9
97
-37
-27
67
85
20
-56
-69
41
34
96
-39
11
-64
-2
-4
-48
32
23
25
45
42
15
-7
101
100
-49
-14
4
-121
132
61
-60
37
-50
13
-7
-42
65
20
109
36
40
-17
8
33
-1
-109
62
-53
55
14
-64
-27
-33
-51
-21
-17
32
5
133
9
38
40
-4
21
-112
-39
71
-57
48
-18
45
79
-78
20
-21
16
-80
-20
14
82
21
-7
-3
-23
65
-22
46
-19
51
14
1
-71
4
96
-83
-48
74
89
-23
-52
-9
26
85
-49
-8
-2
49
50
-21
-9
-9
-24
-17
73
-49
21
44
22
-4
-20
-6
-46
61
-24
-49
-43
-7
-8
56
71
21
18
-55
-21
45
11
-2
-45
23
17
-98
-70
-67
-3
-10
35
21
-9
34
59
55
47
-18
-86
-79
29
26
72
-10
68
-9
-40
-43
-25
-71
90
78
-6
7
25
-85
46
37
34
-42
25
12
9
19
30
29
19
-93
-78
-18
-88
20
79
-25
16
59
-16
55
23
53
70
-113
-26
78
47
56
16
-8
20
68
115
126
6
6
-8
99
19
-44
57
11
0
31
-14
6
0
91
-35
31
-73
55
22
-57
-21
37
16
-10
-76
130
5
5
-37
-31
28
-74
10
19
-46
-82
-67
10
-32
40
10
-40
22
67
23
109
101
-43
28
-113
14
-44
-17
-60
66
56
46
104
-93
7
33
71
-46
-40
111
23
-40
81
19
-34
-103
45
33
-23
-90
-3
36
24
-9
69
-14
-50
-2
-59
-11
45
-4
-32
29
-70
23
68
-62
70
65
33
-9
3
57
-72
-96
40
-30
60
-93
-80
-2
14
112
-10
-109
51
6
13
62
53
-2
12
-18
20
-121
-82
-69
16
16
22
-9
-58
-49
-18
-52
28
39
42
18
-33
0
6
-36
40
53
-18
93
-49
-60
-39
80
11
-21
-17
-25
109
45
-1
-38
-95
3
16
27
-31
80
36
-2
-50
-24
70
5
-17
9
24
-43
2
23
98
33
-42
-63
-39
16
117
-12
0
-106
13
23
14
44
-19
11
-7
-41
14
12
-34
34
-70
-60
33
-12
-36
-34
49
-98
-73
31
-78
-42
-27
-28
-2
116
29
144
29
14
-40
-57
-29
35
19
63
14
4
-32
20
1
56
17
-7
-71
39
80
-4
-8
80
-103
7
2
-32
67
93
47
-111
-86
-23
-82
-54
50
42
-14
21
84
-54
-32
45
-25
18
53
15
35
-23
8
-8
21
0
87
-1
15
39
-43
-76
38
83
-46
2
33
21
65
7
-20
-5
27
-10
20
29
4
-21
-10
-6
61
-25
25
78
-21
35
-5
46
-67
-112
0
47
-98
55
42
-14
-56
11
-54
-5
-22
29
-66
-15
7
-46
-7
66
-19
48
-32
11
72
-70
-24
43
13
43
101
-40
-27
-120
46
42
29
-80
13
-12
53
48
-17
21
101
23
-37
50
8
19
-45
5
-15
24
45
1
-36
-88
-15
38
-92
-63
50
-10
43
44
47
51
35
14
-9
-14
-48
8
-30
40
-34
-94
-116
-2
5
-36
35
-119
12
-61
101
43
-6
12
-19
30
22
-30
33
-27
-1
-17
34
-61
-23
42
24
78
19
91
54
-127
39
-43
34
72
36
-1
0
5
62
-26
-2
59
42
-34
-4
11
50
-23
-54
9
67
-50
-28
-34
-27
43
-50
79
-27
71
48
-29
8
-69
31
-42
-25
38
12
-20
34
104
-10
71
-5
50
44
-93
9
-83
35
-21
59
-95
61
-43
85
46
49
86
83
-82
-11
34
82
-39
57
-117
-48
47
-13
68
25
129
7
73
-8
24
-75
-35
-30
51
55
-30
-88
-8
-24
-99
-17
16
38
-76
98
6
-67
-18
99
51
-41
22
10
-33
25
-121
53
82
-124
-13
-40
40
-58
95
-24
-61
-15
-20
42
24
45
39
38
-43
-12
-4
-39
-69
70
29
-27
-5
-60
-43
50
71
30
9
-27
5
-20
-63
-18
-60
79
31
71
-73
17
-63
20
78
38
-101
3
-84
-1
-37
-96
36
6
-49
26
34
-53
-5
89
-19
50
-24
-24
46
-30
-35
-16
-63
-18
16
5
-19
-13
-37
-53
40
-23
-28
25
-16
-55
46
-12
123
12
-50
87
42
25
-1
59
44
58
-14
74
-42
-71
38
-47
-4
-21
18
-21
29
-51
3
-14
-19
12
-35
3
20
-5
53
-63
25
-70
-22
50
52
-77
-20
18
-10
52
-15
-33
-32
-7
17
-6
-8
-8
-30
-15
36
-56
-17
-39
20
-26
-1
-9
-25
103
109
-9
-15
-2
7
-12
-5
24
0
-61
68
7
19
-28
-17
90
125
72
-19
-19
-44
134
3
-24
16
83
-73
29
6
106
-5
110
14
-1
7
-71
52
45
-2
