274
-10
30
11
394
161
-73
-134
-81
-43
404
-186
-158
84
484
-67
73
-94
-98
-100
-111
-162
18
166
283
42
191
-180
-98
-95
125
18
-93
-188
381
-147
362
-1
183
-114
-103
59
65
78
183
-123
-11
-32
47
470
-129
656
-138
-284
-23
274
-125
174
187
377
-60
358
83
266
341
-106
110
-13
283
-189
223
-122
-22
1
-34
-137
350
-162
49
235
124
-169
-90
-40
-175
77
-107
-139
153
-186
-190
-202
-70
-181
-347
-122
-192
274
-20
-213
451
-218
-143
-18
-169
-47
257
-157
-169
-133
333
-237
-82
463
-27
-240
16
730
-70
-143
-32
-75
207
-17
251
167
101
-131
58
-210
56
327
168
90
-31
-7
209
-65
-209
-164
-79
-8
-125
11
-18
51
-14
3
21
82
217
-121
-88
-61
-181
204
215
-99
-202
-25
-76
-141
9
412
-166
303
-181
-20
-181
-248
-123
64
-97
-224
-103
134
-75
235
-150
-95
-58
-29
70
-241
12
-133
90
-159
23
-35
-158
-179
-76
9
119
-182
35
-110
-17
-59
-162
-103
69
-94
-5
-49
6
-159
136
-99
101
-53
-105
320
-109
-84
-33
430
-187
-23
328
298
10
-51
-48
11
-127
-197
-182
390
-10
-90
22
-183
121
370
-146
-5
25
269
-71
501
-166
415
-160
51
-138
73
126
-182
658
336
576
-77
331
-25
657
63
-81
306
12
-38
-89
-338
90
-155
214
-70
4
-170
263
496
241
153
-123
-16
-70
-58
159
8
274
-169
-160
93
-473
8
-20
522
-297
-105
120
-223
-191
-120
-66
337
-2
166
-190
-127
-202
73
-217
-23
54
97
157
-49
-40
-54
207
-114
-2
208
-79
-198
177
-164
-127
-204
38
-179
-186
-90
216
208
341
-27
237
54
401
59
-159
-25
408
-19
-18
-167
280
21
-34
142
529
-258
-182
-33
173
-80
241
413
395
-123
383
-169
388
54
486
-39
413
51
-15
209
-183
-112
-191
-175
-233
-317
446
-186
-124
82
-45
419
225
238
176
41
0
-220
-70
-7
232
-195
423
-81
50
-153
390
54
-104
6
-416
-36
-143
31
-171
363
-425
58
295
240
-147
27
-115
-4
-70
-44
-20
-93
489
-77
182
391
-148
15
23
93
497
320
70
-121
404
130
-28
221
-11
6
-43
377
-7
134
442
57
-77
-133
-55
-56
-221
-167
-52
-160
183
-242
281
-127
374
204
-165
-144
27
44
409
-166
658
-182
-12
163
118
-54
473
70
204
-89
-257
-170
176
19
-24
-75
-149
414
163
-71
250
-179
-113
-129
-103
-89
-117
186
-125
120
-100
232
-63
43
82
-147
41
-208
-84
-36
-205
508
-123
140
479
-170
251
-75
-120
370
75
-136
-257
-204
490
-208
-116
-13
-100
-91
-25
-78
-120
-89
-93
-7
205
39
-41
237
12
-352
-53
40
-120
-86
6
-92
54
-133
12
-178
52
-64
-38
228
159
151
-25
22
25
352
-59
-46
-212
15
-58
-28
-114
252
-63
32
-44
214
62
-21
-46
-102
91
76
6
-52
-50
-184
25
-144
-31
-118
-63
-193
-57
-72
281
-44
-125
-184
-118
-407
-107
-55
-170
-22
38
-393
-115
348
268
-229
515
314
374
281
20
10
650
547
-146
-42
-116
-183
85
-341
42
465
-19
-70
397
140
-43
-178
84
-219
-137
-174
28
-166
-173
-73
246
-181
-40
24
-113
-137
-109
216
-216
-7
-211
-73
-92
-16
278
174
-38
-166
-200
-39
-43
110
-222
46
-164
-55
-169
-8
-140
-74
-50
-70
39
75
273
-130
-78
-16
-376
6
-163
-71
-16
293
-176
148
-145
231
-154
-138
-52
-185
-59
574
-34
291
63
75
-145
515
-56
-264
-174
160
56
108
8
281
60
62
38
-72
229
-23
205
-73
-156
-149
-144
-15
-107
6
-93
-158
123
22
-182
-152
72
-115
-25
-112
-200
-88
-156
18
103
-103
-157
-11
31
11
-41
-168
-9
-153
210
-132
-147
-147
-88
-262
78
44
135
-126
277
333
-182
0
-40
-83
-100
-193
16
-157
-257
18
-148
-69
80
-113
386
23
6
-99
-152
43
153
-147
-203
100
227
151
201
137
-103
-174
-11
-129
78
95
-110
-7
54
41
90
-104
-152
287
394
121
414
-130
-32
-131
207
-389
-207
-85
-18
-39
-202
-16
3
298
77
198
320
-21
-146
-145
-153
174
2
-173
275
360
372
-15
74
-75
44
-90
-312
67
-226
-43
451
25
-91
216
143
-202
-86
-76
-108
-141
-147
-27
-184
83
-78
-1
-346
491
-33
-183
-239
386
55
-83
148
205
-205
-286
556
-13
-48
-196
59
-149
112
-62
418
-74
136
-107
32
-114
-107
-71
-116
360
216
150
-84
-27
154
68
-41
-189
67
-378
258
-107
-190
40
-30
-156
-159
71
49
504
-165
-75
-24
43
-35
-78
134
75
65
233
-97
86
-90
-188
44
1
-125
339
-140
-37
103
-120
0
-213
-84
149
41
263
128
131
-401
-373
231
-53
35
77
140
-75
22
-116
-173
-36
-83
-116
8
-125
-147
291
-190
-146
-14
-43
-151
259
-3
75
118
-185
637
293
-43
-159
-224
-101
-201
-1
-119
-96
218
-151
-53
-226
-157
-151
-10
-76
131
-360
-92
-187
33
-126
-60
150
-16
159
-51
-127
223
-141
-11
171
332
-127
-105
7
-149
-35
42
-95
346
-4
306
255
-79
-34
184
-22
-155
-203
-123
-120
-139
302
-103
-191
-106
-234
106
430
-73
-136
496
-208
-126
-46
9
-177
351
301
41
176
-149
-176
369
163
-210
-185
326
-82
335
61
-16
-90
-163
-33
227
-126
-136
526
-76
-105
90
-32
479
-191
-133
-42
-61
-74
473
176
-191
223
168
9
27
63
320
271
-134
169
-132
-89
-82
-110
-2
121
-187
241
201
227
-115
-139
-111
-118
317
-78
-121
-126
27
11
-25
-34
-159
-175
-98
-58
-91
-6
-186
-157
114
-176
-64
-88
-62
0
-67
282
6
-9
-144
-95
393
-187
257
-57
-229
358
198
298
301
-127
-73
-191
-7
-173
192
65
-142
38
-79
-155
-95
187
75
576
321
-97
55
-74
-152
-166
-187
-142
-37
103
75
149
12
-199
315
-62
-75
-177
27
387
189
-81
170
-434
168
-47
276
40
-208
-193
-49
42
144
484
-35
-45
-200
497
-12
492
17
-64
-110
187
-66
18
12
-6
281
289
-127
-135
-164
57
-226
-26
-144
-172
-136
53
-162
-65
-150
-114
449
-98
-31
-13
78
-7
-113
3
-221
-83
-43
431
-13
-12
74
638
-11
509
-203
306
-86
-26
-168
343
35
366
-125
-156
342
-68
147
432
469
286
-184
-205
236
-174
200
-46
-127
217
-223
581
-44
239
-196
237
-62
-75
-206
-102
11
-132
-67
470
256
53
14
106
3
9
427
-41
-181
105
205
174
346
170
-190
489
-118
-95
-144
228
-100
74
41
-26
-42
-69
27
-123
-107
0
30
123
-129
462
-161
180
-57
169
-80
39
-165
-13
18
-23
-136
-191
411
134
-76
-49
26
-107
-190
-270
370
325
-61
-104
-109
-197
-33
368
-68
-156
-149
-104
-13
-47
88
100
-30
-145
310
238
1
-171
-25
288
609
-156
-120
360
-186
232
352
-23
-176
-407
-165
-10
-190
-119
-70
-68
25
28
416
-1
-158
154
-43
-170
-174
235
-200
542
-88
-94
-82
91
556
-107
176
-13
652
-211
66
-162
134
-69
323
24
-54
-39
-155
-18
-93
-102
67
96
25
-123
460
-200
-137
-89
-143
193
-158
-171
-132
265
-184
-124
-181
103
49
-134
-34
-39
-263
59
113
-139
-128
-91
-34
-148
-72
-153
61
-57
-27
-174
-110
338
-74
-262
26
-58
588
488
-19
89
-407
504
-141
38
-150
231
-153
598
-152
89
-7
554
423
-123
-31
-163
176
177
-240
181
-187
-115
-147
-138
-211
-41
-227
114
-173
-180
-138
-23
-126
-64
-20
-115
150
-29
271
287
133
95
-32
242
296
-81
-28
-139
-100
64
42
-83
346
17
-5
471
-20
-160
286
228
214
-83
1
203
229
-140
323
160
-242
57
-121
-176
-197
-67
-56
-86
212
-236
-144
-87
71
84
-20
-82
34
21
210
435
-178
-177
-105
203
-258
96
154
-66
71
227
-135
-86
-61
-59
-131
-93
225
487
123
10
-62
-62
-135
-80
53
-170
-104
-189
88
-48
-180
252
69
-258
172
-64
25
-207
-98
19
-186
27
200
89
-104
166
-166
-172
-85
97
-52
119
109
-25
-121
302
551
-100
-61
205
-33
-14
-277
188
-89
239
20
66
226
160
386
-72
259
-81
-1
-106
-239
136
-22
300
136
8
290
37
191
326
-182
280
52
-15
174
115
-75
-139
-139
284
-161
98
-106
25
491
-61
-192
24
-130
-38
271
-139
64
-220
-180
-53
491
23
-86
-169
-134
274
-34
319
-123
224
-57
262
-97
-135
51
-134
-78
-157
-136
-153
162
195
-220
-173
-10
42
51
-206
14
317
19
72
51
-34
-17
-105
-141
-33
-31
-141
515
-162
-29
138
242
-265
100
484
208
259
-147
-234
-96
-78
-27
89
48
-174
43
478
117
-123
110
-7
-174
-18
511
20
171
446
301
-240
54
-104
-24
-139
202
-132
367
395
98
-29
-188
-24
-4
-125
-81
140
-78
-95
31
-118
-102
96
93
-63
-76
-122
-103
-190
38
-67
-137
-146
108
-188
-13
-52
37
-65
480
-139
7
-182
199
-130
148
-276
414
-4
-76
-155
-89
-197
121
-128
279
328
-211
0
479
-277
19
-280
-178
-125
-127
706
-67
16
-127
-20
437
-41
-173
290
368
223
80
-54
84
-108
-168
-149
27
-105
320
2
87
260
-60
253
-56
-78
15
-132
-176
-70
83
-130
-15
529
68
-38
439
-33
32
401
-37
-85
-150
-75
221
-64
549
-101
-78
233
-1
-122
-155
252
90
94
41
329
-64
-111
-175
-181
-131
-163
-66
187
179
-199
53
414
81
-76
-177
-120
42
-134
-149
-166
-65
-211
-60
16
-67
-216
315
-186
-78
33
117
-74
416
253
-118
-126
-66
31
42
7
-81
-165
-268
206
-61
-72
-179
57
71
-55
193
-137
119
-184
-81
-128
137
-125
-83
-76
-8
155
-70
-64
23
318
57
-166
-143
151
-25
-131
-14
-120
240
48
323
-157
28
24
-212
-43
13
-136
477
462
522
321
-202
150
36
318
97
-2
-180
-118
-28
46
-51
235
226
-24
-56
-160
52
-7
34
-15
283
-34
-37
-67
-188
-96
-174
-144
21
84
374
-162
49
-137
-209
11
-92
-39
-110
28
-80
92
-56
-156
-56
91
-15
288
-62
22
-241
342
-58
-98
-49
100
116
-127
-179
-30
345
212
-217
140
-147
445
-178
-4
-147
-28
206
338
-52
-46
-148
0
-115
-122
-158
-104
-45
130
-67
24
-136
-179
-76
-73
-59
-115
-2
-113
-31
-13
-223
-161
148
515
20
-20
-99
-209
8
-109
-171
359
-122
-5
-190
-53
-110
337
420
-77
-13
-152
33
504
-113
-38
15
206
171
69
-151
-205
-126
-234
-120
119
203
-192
257
-95
87
451
6
29
229
-108
72
-187
-97
-224
-119
-368
361
120
-138
-20
-108
101
-34
14
2
-134
307
-153
-193
187
34
492
-157
-66
96
-9
-174
265
319
-127
-136
-40
14
38
360
29
182
-41
97
-165
-165
-34
143
64
-67
346
-127
-175
-171
117
199
-105
190
284
29
-139
-149
-171
-85
-80
12
-138
-196
323
-196
-132
283
-70
124
-23
-130
-164
-102
-63
-166
-116
141
-25
-31
109
-104
-139
196
-181
-156
584
-48
-264
-141
342
-205
74
358
23
393
-66
498
-75
-190
159
-16
-176
-96
-192
-35
-138
-94
-196
181
-197
167
-124
-133
-108
116
-65
414
-46
-2
-139
-89
-96
192
20
427
-140
153
335
-7
-43
-116
100
366
-93
49
34
-32
-90
151
-103
560
91
19
-197
-202
-145
-155
324
233
-45
-174
-140
71
91
63
-129
-141
-221
10
-159
-64
-243
-132
-188
-1
-72
-73
-168
-72
-121
-25
53
-293
-125
-121
-44
-183
-383
-163
96
-57
-30
80
136
-154
-137
-82
47
42
-214
-204
32
-3
16
265
-167
404
14
-163
21
343
-26
-171
-21
-93
-104
-265
-36
358
137
-97
253
-203
-78
-62
-151
212
-147
-185
-126
-158
-60
491
-61
126
-203
-331
-136
-118
-129
186
-138
-163
-103
-445
95
242
-152
415
272
-160
370
24
482
35
-147
57
-263
-126
-48
-105
-17
6
-34
-59
98
96
-104
36
-98
266
1
-72
-133
45
-111
8
-519
-20
-165
332
63
-1
-71
64
420
18
-104
0
-166
-61
-43
187
-25
85
-30
329
73
195
55
-202
26
-62
100
-36
-28
-45
252
26
49
-89
-199
-132
-173
-135
-211
-80
-39
320
86
-66
-275
-175
78
-171
-203
136
-22
-204
13
-249
-157
-147
-85
-18
661
32
361
4
-79
-202
-108
-260
-190
280
360
-1
-213
382
-112
-313
431
-98
-66
3
-208
480
45
-143
-187
108
152
-101
-92
40
-151
-10
147
318
-7
140
-130
153
346
-110
0
186
118
12
-101
-37
139
146
-60
-159
-21
-157
-161
232
-114
-105
151
-40
478
-178
-331
-75
-77
-88
66
-108
-127
-169
280
469
-70
-173
-134
41
-5
-196
55
-90
-131
127
-62
-74
593
-171
-52
-128
119
-137
-120
-114
-101
-97
-147
483
-75
-204
-170
386
344
-22
-182
149
304
-28
-42
-40
259
-47
-104
71
-42
-183
217
-33
-44
54
-151
10
79
-103
298
-104
82
-174
-93
-39
21
-36
-22
2
123
-153
-28
280
-149
413
638
-148
498
124
-16
-34
235
57
-106
-376
317
289
366
381
-218
-83
362
-27
-29
-48
-77
190
-82
87
58
-1
-173
-218
225
-183
-28
-150
-129
210
-71
-107
-61
-150
-180
-152
187
-16
104
-128
16
-59
199
-7
-84
-89
-95
-186
-84
-209
170
172
445
171
-160
-98
-173
-205
401
-17
-134
-208
-57
93
-150
0
-220
-161
3
-173
-430
-15
-188
-185
-32
-79
-59
72
-24
-120
-125
48
33
-143
381
487
160
18
-148
-45
277
445
-27
586
-146
-79
-24
39
-5
544
286
-147
-77
-20
-80
-142
-171
-174
209
-90
322
28
-105
-139
-205
-92
76
-54
-35
188
-179
-141
-22
53
-185
-46
-145
237
462
-234
-127
-134
51
-135
-102
291
-87
-8
-226
-22
282
-24
-117
-157
24
-103
-132
-90
309
-22
45
103
-52
-59
-95
82
-393
-59
27
-174
-113
-175
-100
-120
351
4
-214
-209
463
-240
-235
-108
187
84
-22
-120
283
-181
-62
-244
-177
-23
-200
-22
197
205
10
-38
-101
-224
-96
71
89
-197
36
-137
-44
295
486
-140
-137
-132
-206
-139
-37
15
-104
-28
70
-42
-3
-175
-211
512
-137
287
-36
40
-209
208
319
197
-80
-196
-62
271
146
220
-7
228
297
-39
-76
-176
54
43
136
429
-276
56
271
-3
69
-78
195
328
-132
-20
-23
-130
266
387
-174
330
-26
213
60
171
-137
286
-156
172
48
-1
522
-104
408
89
138
-95
-30
-136
-125
9
-164
57
-122
16
272
-114
-210
-151
203
-25
-200
393
205
-140
-168
-101
206
-37
-173
141
-141
-150
281
289
560
34
-10
-59
62
-85
-278
-131
142
46
-35
-55
-78
85
183
302
-60
3
-50
-182
-159
-346
86
-147
-135
468
-123
-74
87
-8
-148
-178
-114
8
-90
-156
49
-63
154
430
-107
22
146
348
-137
195
-163
-83
-80
72
-54
-173
272
125
67
-25
-27
25
74
24
-23
412
-192
39
1
-98
125
-123
-169
-126
202
346
142
-23
-192
281
181
116
225
-19
-70
-26
460
489
-41
15
-8
62
-122
-102
186
-101
31
-138
-179
5
-68
39
-67
513
-100
341
-185
-70
283
-137
111
-39
591
-22
51
28
-195
506
-25
189
-44
105
-100
-39
-127
-208
127
-61
-135
156
358
-160
-72
330
302
3
151
-176
187
-87
116
-65
-91
-118
-104
272
104
43
497
-106
-36
-98
-129
-24
109
393
11
-110
-139
112
-150
-137
-141
-240
98
350
505
172
-204
-79
60
-39
91
256
289
-375
-171
0
-98
-122
69
-72
-82
41
37
-149
-121
291
-16
25
27
-30
34
251
-120
391
-117
-351
254
-50
35
-169
231
59
-167
271
280
15
-28
-115
281
-162
95
-204
-186
70
-95
-71
168
239
105
-117
-14
274
-136
24
-12
419
200
-53
-137
-95
-149
10
302
-431
-176
-297
-166
-225
362
187
-145
-50
-157
208
269
-126
376
-163
-25
274
-123
-12
252
-140
372
-150
-126
-176
-82
-78
-50
-45
-150
125
-123
-100
-186
-272
24
49
11
-79
239
66
-46
-61
-60
-175
14
-119
29
-56
-43
-14
242
26
-31
337
394
3
19
586
-174
-115
-85
-3
209
-112
-272
-180
-132
1
275
-72
32
-77
-126
-35
-123
97
131
-117
-85
321
-54
-44
163
29
-156
-12
-157
-146
281
-167
21
199
-174
57
-20
220
-182
-72
247
-65
-138
-117
103
305
301
-226
-103
-139
28
-156
67
181
96
-97
-78
229
394
-28
-166
-180
-142
111
73
114
70
-146
608
114
-116
199
85
-220
-53
-177
47
296
-70
245
520
55
49
-171
200
88
223
-163
-67
373
-232
159
-207
-120
609
-220
148
-119
-118
-110
137
-86
1
1
71
103
49
54
-129
-114
-169
625
-75
-61
588
-129
-26
275
-67
122
135
-96
-99
-29
3
-121
183
39
-32
-144
496
54
252
-4
-54
59
-86
-195
-150
146
7
-89
-133
-11
78
137
96
-150
375
-139
88
-83
183
-94
-164
268
-212
-6
-151
-34
375
-217
-43
-11
-185
-43
58
-201
-67
-92
-155
49
-180
186
-180
-12
-152
295
70
155
65
16
196
-34
132
-147
-10
-27
-214
-118
231
63
-19
322
-21
-153
-157
187
24
-99
-109
85
-12
-157
-38
324
242
-175
-189
-33
-156
192
-118
-75
-97
-86
569
0
-32
144
-4
-142
394
73
-142
39
-123
411
-222
50
169
-54
-58
34
263
-110
200
-48
219
-169
88
446
325
652
-143
-12
370
-206
-60
-168
-90
414
286
-60
57
-51
96
-156
-13
-62
-260
50
-190
-154
-71
38
153
-150
-118
-113
-82
-198
-145
236
-100
-49
-144
72
-50
-129
3
47
-158
55
337
-127
0
39
-72
56
-293
2
-157
-113
-81
-131
185
-108
-85
93
198
527
51
491
-44
73
-153
-120
-168
276
181
-93
166
-50
-26
-58
120
-212
717
404
-197
-42
-19
451
214
-194
-174
-138
243
-209
526
69
-170
88
-15
-114
-23
-142
156
-235
-179
-18
204
277
-5
-96
-62
17
498
205
68
174
69
213
-21
-113
61
-78
-32
-142
142
-15
408
-142
-84
-236
54
520
210
-98
-3
24
283
-143
398
91
212
-175
-91
-2
30
57
392
-160
-104
327
289
-63
-174
58
-95
-155
-117
245
-73
-277
220
-169
-103
-88
2
383
-209
-13
216
-39
208
76
-142
-97
-88
141
199
-73
-103
24
1
-220
-17
-73
-45
-1
-5
190
-13
-158
185
-174
92
-172
-163
205
-139
449
-41
98
141
-227
36
82
40
-26
311
329
86
-64
-125
-70
-5
-212
37
283
-79
-145
706
-138
26
-120
27
36
-63
202
167
-124
112
163
201
323
-156
-136
16
-174
-188
185
-56
377
124
-65
-150
-137
-90
-143
-86
-28
372
60
-109
319
481
-28
-184
-144
-70
-41
14
-147
463
-125
-19
682
-103
292
39
-41
-100
14
-27
88
-146
238
-94
30
-196
-152
34
158
238
263
212
-60
-22
60
-242
-31
40
55
-73
-126
335
-156
-36
80
111
-126
-15
421
6
28
-102
62
-248
14
-81
-258
1
-119
49
-7
-44
-191
-124
-164
-61
-210
309
143
528
24
-115
416
-203
145
-173
271
-25
62
-98
-161
-67
-75
467
61
421
132
102
-98
-146
73
-149
-154
-153
-68
-128
72
-88
-64
-108
-47
365
1
-12
193
374
-152
-178
358
-166
-148
-137
-117
-43
103
-94
-54
-172
-210
81
310
12
57
-152
2
-110
-13
-127
-136
45
-181
-120
488
6
-125
-35
29
-115
57
-258
-104
-383
-152
33
-96
8
147
-131
-171
-80
3
84
-114
-102
-29
-148
-274
19
143
-64
73
-476
-70
-165
-54
-190
-50
51
-137
-34
104
-20
76
-116
-37
-229
72
86
113
429
-145
-71
482
-82
-51
35
-28
-178
0
165
-211
51
-148
-151
-120
-104
-159
-181
221
-160
-181
-28
2
401
-42
-163
-136
-16
-60
-36
-155
25
-31
-138
-145
171
51
288
78
-149
-17
-3
9
376
-95
-47
-9
-9
522
-116
-107
-95
252
-120
-10
247
-186
4
354
-35
332
328
324
-29
-1
328
-208
2
-89
376
-149
168
347
-152
61
66
-89
-156
-162
91
181
-157
-110
-159
-55
-62
-120
-108
209
-45
-65
-179
270
138
289
49
98
21
-167
29
338
-81
170
341
252
-158
-284
149
-53
-372
-322
-350
-124
494
-31
-104
101
-128
-136
46
54
-72
-184
-120
-103
368
-111
271
53
-53
187
-195
-70
346
130
-116
8
-17
-117
352
-25
-352
302
42
162
74
-173
-62
-28
465
-38
-168
250
125
-140
143
-95
-128
350
-183
10
-109
-117
-181
-147
-85
58
-124
-7
-153
22
279
128
143
-196
-69
-17
-24
137
-153
-30
-204
-134
335
8
-101
-198
72
-52
282
225
-126
82
123
40
-117
302
-23
-124
2
-87
-169
190
-3
39
-125
-20
574
314
-72
-47
-157
225
160
50
-64
-17
-67
60
141
99
-180
326
-65
-135
-132
-156
478
154
-20
-27
-97
289
467
89
-7
-67
27
-137
-164
-110
-188
-68
8
-171
-134
31
103
259
-102
-104
1
-160
6
-74
199
-71
-166
21
-15
-138
-104
46
-122
44
-128
70
-159
395
-145
-182
321
-155
177
5
393
-45
16
214
-173
483
-380
43
-16
-184
9
118
-63
-99
-188
96
-188
-169
-226
-168
358
-150
-134
509
-129
-68
-177
177
-151
168
233
-227
67
-353
-109
191
-68
-466
-146
-98
93
-127
342
-148
446
186
-195
223
-136
-217
-10
-145
-64
-109
-17
-118
-20
323
-108
495
13
255
350
-90
375
-56
-137
-9
-114
-67
-78
-131
-227
28
-107
185
43
-224
-112
-106
446
-49
-218
9
16
350
89
-31
11
421
445
280
20
330
-82
289
-21
-96
496
-156
-14
0
-127
-90
-171
140
530
-156
274
-98
252
117
-119
-249
227
2
-40
19
-93
-129
-221
-121
-88
-189
-62
-38
320
-133
-100
-26
47
-20
7
-159
203
590
305
-89
137
-155
-263
-22
-130
-119
-159
37
-139
-186
231
-140
-78
152
182
73
-197
-378
-172
-169
449
-172
-29
-170
294
73
-159
131
-155
-92
-31
-11
136
-182
-2
-20
-69
51
-77
-33
-75
-70
297
-44
128
354
-433
258
-142
179
375
-134
163
207
25
-170
64
259
291
-94
-20
-195
-176
-51
-139
-185
242
-62
-401
-19
487
-88
-78
419
-90
311
-60
153
253
404
-98
25
83
-317
-11
-391
-149
-22
-102
22
8
-24
-159
-115
-147
191
-74
258
-173
388
186
21
-190
-199
-29
189
-137
117
105
-156
-116
20
228
26
-157
273
29
37
-28
-212
-161
263
61
291
-16
52
64
-181
-56
-169
13
25
-131
-21
-275
71
212
23
203
-59
-180
41
-52
127
-59
-22
-126
427
-217
-52
-102
-169
113
-193
-170
-128
150
88
-139
163
-52
-84
-5
-141
-145
-95
3
-27
394
7
215
221
516
171
146
38
281
90
-47
152
125
-76
542
-4
-76
-83
-99
-12
26
-149
-219
-197
250
249
-12
-214
292
616
-133
-153
-56
-96
-81
-119
150
-96
-164
70
-145
-134
-133
105
-132
-17
327
170
-132
75
38
275
-217
-145
-203
98
-30
287
-144
186
-184
-117
-173
-199
157
21
-150
134
-23
167
511
-149
-47
201
92
158
46
228
-77
-130
65
47
4
419
154
173
6
-7
136
201
-190
-29
-45
-165
34
-102
9
-519
-70
-75
32
-9
-208
-139
-155
-66
30
-42
-104
-71
-75
227
174
-45
-183
157
-109
177
-184
-66
-176
467
-110
16
427
-119
86
217
-61
6
-129
31
-20
-201
-123
-100
465
233
372
-32
-50
103
-193
-122
21
-150
336
-114
-4
-62
110
-77
-45
6
83
-157
-105
429
351
-55
-94
-104
-152
122
-41
267
-88
-203
179
40
-11
124
63
84
-186
-75
194
-149
-60
-186
-158
18
118
247
-378
-30
-51
-92
165
-47
136
-25
449
-33
-120
306
-25
-63
-38
452
-202
-121
202
-65
326
-94
-95
-41
390
-11
365
107
496
160
28
172
1
270
118
-83
187
87
-70
-31
125
-21
-212
-110
50
82
492
67
55
-159
186
117
-54
-114
119
182
-33
-68
-16
-38
103
-73
-31
69
-202
-312
-21
-68
186
-79
-14
156
-164
-38
-58
228
289
218
-180
-210
266
-192
-43
227
54
136
190
-83
217
-78
18
284
26
549
-208
-98
389
274
-28
-14
-162
251
171
195
-135
-19
-28
-73
-88
101
-146
-120
554
-114
19
-139
-79
370
462
42
-179
-177
590
97
-178
-95
-64
-94
97
396
-95
324
43
372
-14
9
-49
299
-180
229
-23
-133
-164
113
351
3
-213
-204
109
208
-195
-239
430
-50
169
478
-155
395
-169
-25
-54
-187
-188
-187
-357
-61
288
-120
-60
344
274
-121
182
-87
171
-20
64
17
-152
-51
139
89
20
-168
208
86
-30
-123
-172
77
-220
-87
212
203
60
-88
-24
-28
-235
240
-95
-326
-178
88
-173
233
-140
-35
-44
170
488
-76
302
244
26
-95
225
413
614
-120
-138
487
-132
-137
-133
197
69
215
262
431
93
53
-189
348
-158
-44
-102
74
43
272
2
290
-212
-71
32
-108
357
-40
-141
-98
-217
-147
-95
467
284
36
-207
-111
-48
24
-215
509
-139
-21
184
-157
-54
-157
-4
107
173
-123
80
-20
182
39
117
-179
267
-75
107
-105
-40
-54
202
202
-147
19
647
354
-226
-24
50
8
-148
140
111
-29
-260
-188
-229
-94
-149
304
255
36
-176
-143
302
291
-242
-140
-258
353
252
238
-126
156
331
-64
416
118
-207
-153
281
-218
46
152
-141
-389
286
-74
22
-168
-74
401
43
-182
26
105
-195
-35
-13
-7
-165
-75
-145
-148
48
-180
257
-126
342
49
-28
4
24
15
-176
3
-101
-134
-53
289
77
-80
13
51
-6
173
68
-116
119
-43
272
-23
110
-86
-163
348
16
7
324
-96
187
52
-162
-163
537
-75
-189
-154
-162
77
-136
185
-120
-160
-85
213
-26
-151
-103
-147
-154
317
-135
-78
-157
298
73
64
84
71
-71
-107
20
-161
-85
54
212
225
-215
213
-10
-43
-37
-137
265
278
-166
-147
25
57
671
-46
64
131
117
-157
89
369
-140
42
470
-83
-165
-20
21
-131
387
174
85
-39
-18
-164
-20
58
-101
32
446
-132
-160
0
129
93
228
23
-161
301
478
191
408
-94
-227
-161
57
239
25
26
263
-211
-179
9
-126
-155
290
-10
497
-73
-160
-87
-42
470
-196
-42
-15
-116
245
-220
548
91
-135
-19
-60
-184
-171
-110
86
455
205
-24
116
27
-36
103
-94
221
153
-103
214
-148
-158
4
-61
-57
309
135
-130
-107
-47
282
-50
-129
-149
-41
116
-209
-242
318
14
171
-120
113
-124
9
113
97
-146
-3
-152
360
360
-141
342
296
-121
-147
-120
195
-24
76
-147
140
-157
-164
-434
-103
-21
-445
388
-107
339
-71
5
-262
-62
-270
-27
-157
-135
15
-50
208
-158
160
-100
39
-132
-141
-71
-4
-100
504
-1
-179
241
-149
-86
-326
-56
83
-147
-150
-22
-27
284
-47
52
92
442
-129
-25
297
34
333
-142
-121
249
-120
185
-200
-28
-13
-66
150
-128
-100
-98
-181
-58
75
598
-30
-155
-19
212
377
-51
6
-15
-99
-80
347
-42
12
-55
-13
-183
-394
187
-190
-54
-145
-156
-110
377
19
371
-69
16
137
-297
-373
168
40
193
219
-433
35
-117
-98
-123
439
-203
273
-209
-52
216
-109
-134
233
76
-76
-67
-104
56
193
-83
-376
46
-203
-125
103
-6
-82
-200
-107
-32
183
-135
-143
300
-115
-79
-90
553
-203
322
-72
-150
84
239
-58
434
-66
-28
-118
-70
-22
104
125
-36
-75
-81
187
352
104
-190
-221
-107
-181
189
45
224
85
49
-243
-53
-211
-36
-85
21
-169
-54
-173
-136
-135
-242
-146
71
196
329
-21
-30
-121
-108
51
-182
-9
23
52
104
69
-114
-150
-232
286
363
-99
-180
53
70
-31
476
205
63
330
-5
-75
-216
-53
-182
6
-129
11
-22
-147
411
-166
186
-28
172
154
224
-74
547
-146
-52
-21
275
435
-107
13
-69
-170
-121
419
637
110
-148
-96
-146
-50
16
91
31
-184
3
-107
-139
653
0
-109
-376
-96
-114
276
-117
41
-120
8
-181
262
83
-63
123
15
434
141
-138
298
-137
184
-66
-143
-131
-22
1
22
-138
-241
187
497
477
144
-186
290
96
627
-68
40
-117
-160
-16
-178
243
92
-476
-28
287
-71
-130
-120
-179
-141
-169
471
437
-97
-24
19
171
-89
325
137
-65
-151
389
-217
-17
-22
274
-80
-19
-147
-222
-14
65
-181
-24
-1
68
-341
-136
-350
239
-128
97
203
-149
-64
-16
-114
257
301
-148
-101
70
-87
-185
-185
-72
-33
-17
513
-120
75
3
-125
28
216
30
442
282
-145
-121
-97
-4
177
-93
87
-173
-24
1
-188
274
489
-17
-153
-167
15
-161
-81
63
209
-151
119
-13
152
-173
-177
-25
-120
-37
254
192
51
36
-114
-169
-28
-20
-72
-38
287
-67
-35
266
-33
-180
-39
17
252
101
384
205
54
-56
-152
-135
-128
-19
322
-82
-120
-157
64
48
-60
-80
-2
-121
-117
-36
-94
-195
55
-201
423
-48
-171
-108
-473
38
-27
-172
173
-102
-16
145
-407
-163
-121
83
506
98
-167
307
287
-87
-141
2
346
16
584
-14
-200
-137
1
73
96
-34
498
28
394
-25
-152
-126
-176
-96
28
42
-70
260
21
385
-313
-118
-116
-77
242
-124
185
-17
-92
-142
356
-46
75
-186
-60
-235
-174
224
-11
-88
79
-13
-29
63
-22
-115
-224
-107
-98
-101
34
59
-210
137
100
466
73
413
573
-50
-40
61
14
274
358
-51
-36
-104
-185
-13
20
179
-176
-72
-36
-201
88
-187
18
137
-119
-105
223
-69
-25
196
24
430
63
148
-72
373
-69
3
-128
-224
614
-71
215
-201
-84
292
199
27
-98
55
-141
-35
-37
-36
194
358
-38
-183
70
375
122
68
281
132
59
-70
-186
-49
311
474
-187
215
-129
203
52
351
171
-171
-170
103
-101
156
-181
-70
389
-96
319
-7
239
-172
130
296
58
-21
-81
204
-192
-146
82
290
497
16
-78
548
-37
-137
-146
249
-137
-125
-351
219
26
-129
584
27
171
-57
-316
-262
146
69
-97
263
-68
318
6
-218
-36
-69
88
-143
-106
18
-14
-78
-101
15
-107
-62
105
-173
-88
192
-9
49
-76
-67
594
202
-41
137
-159
-54
-197
-66
-64
98
-247
379
-168
228
526
3
392
-177
-81
-90
151
187
233
264
-151
440
3
86
-117
-217
93
-42
342
-95
-85
-29
-206
125
-92
-28
11
-226
431
-154
237
96
56
-126
-158
-117
240
70
23
-151
-149
-165
-51
-394
409
137
-158
-247
339
177
132
78
-150
20
-185
-70
661
229
179
-18
-166
-64
-166
-196
37
-18
-23
-80
8
-63
-92
6
336
31
58
-260
33
-180
-23
247
32
135
-37
6
-20
71
204
-76
-136
-101
-117
15
-143
-172
227
-175
-130
-77
-236
231
-99
665
-161
352
3
-130
-171
-22
-268
51
-109
294
-45
-143
-171
-146
48
-51
550
262
-158
-141
-127
238
-155
-181
-124
-79
28
-101
82
36
-112
-71
-35
-183
-139
-219
-25
569
-78
409
153
-11
192
-119
-98
-120
-155
147
-28
148
-18
-65
-16
18
73
-51
-40
319
84
40
212
273
-175
48
503
-182
-87
140
272
83
-22
28
22
-89
-47
421
-227
174
110
298
-172
-78
179
156
-232
180
55
-84
74
620
113
-109
-147
-210
-115
-338
22
-56
44
-113
-466
-135
-65
-92
-54
-16
-71
-430
-106
142
267
492
-120
-56
102
-36
-252
61
-168
127
-28
-85
-106
-99
-1
-155
-196
136
-86
-107
-148
-150
-123
-124
-18
40
-29
141
-14
-26
326
-159
-62
-130
-22
-357
-173
-133
-45
-173
-44
31
-71
-171
-111
149
111
-69
-74
-59
-157
-120
85
282
161
-111
-37
348
-165
345
168
284
-41
-221
-97
-360
-20
167
326
-193
71
-102
103
344
-197
-22
-119
-152
-39
-106
259
-75
159
-128
79
67
-136
431
191
-85
245
-161
-134
41
-25
-54
30
332
494
-129
-4
-93
-146
-18
291
-39
259
-25
284
-60
416
144
-105
333
-36
124
25
-105
22
544
-167
80
77
-142
-95
283
88
-59
89
-116
3
-205
-90
85
-149
439
-128
-162
-190
37
-179
298
-114
342
-34
-224
83
-121
37
-33
-67
-154
51
-111
205
-103
189
-144
-111
2
326
58
-140
-87
38
51
-74
-195
-99
-101
241
-18
-139
43
446
537
-49
327
334
-77
134
-7
71
420
6
6
305
65
49
-34
-78
-21
171
-146
65
-115
-23
-101
-163
-213
