-76
95
46
9
115
-43
28
-38
-55
-44
26
17
-12
19
-33
95
43
-38
20
43
-23
-34
-68
-7
-28
26
13
-89
55
-32
-52
-74
8
12
-62
18
-37
-1
-1
24
5
-1
-24
53
-51
-75
-87
58
-19
66
15
-3
12
-11
2
40
8
32
26
-28
80
17
99
-38
20
-7
42
59
-47
-7
51
-30
30
20
47
-11
-44
-59
11
-71
-3
9
-33
-21
2
-41
47
-19
-28
-24
35
97
71
25
0
-45
28
26
-22
26
-59
-26
-9
-81
13
17
33
-12
-9
-39
-53
84
52
24
-83
-1
59
19
95
31
-1
104
-57
-20
32
45
-31
31
-105
40
28
31
85
-33
26
49
33
-50
70
14
40
33
25
-27
19
130
-45
0
-75
-15
53
-13
-85
69
53
68
-77
-110
-5
92
-4
-5
4
-5
-1
29
-46
-12
-34
-33
8
64
44
66
53
61
30
17
118
-68
-3
61
84
89
-50
26
90
50
22
45
-19
-72
13
15
28
48
16
-33
-15
49
8
-1
15
30
29
-21
-48
-109
12
64
-61
40
39
-21
15
77
63
76
42
-17
68
36
-83
-17
-88
-53
-56
-43
7
-23
36
56
51
14
-71
41
59
18
-10
-14
29
25
43
12
96
-10
-6
62
-45
148
-8
46
-92
9
-13
-9
-77
-24
-54
28
-65
-12
51
-39
-17
5
65
68
21
83
51
-78
12
29
18
-23
-82
-79
-40
25
20
-29
50
29
-18
44
-60
58
-12
4
7
20
4
-24
56
1
-66
5
20
-17
-28
36
75
-52
-5
-43
-23
-22
111
-40
7
-104
-12
-105
130
-29
23
-59
30
-19
-25
18
-2
20
80
-20
30
58
-43
66
-55
-4
-31
5
7
-52
1
-95
-56
1
60
-6
1
40
28
63
-11
10
21
40
-9
-19
169
29
57
31
-56
49
-2
50
-80
22
68
20
22
-52
91
-7
-36
-59
16
-9
20
32
39
21
10
-14
115
35
40
37
-73
43
-17
-1
-22
-39
18
-8
-45
-41
72
36
36
-7
112
-46
-56
2
19
87
-91
-37
41
-6
57
-1
32
-29
60
18
89
35
-19
-67
-40
73
45
-41
-65
38
-111
-16
-12
79
-117
32
53
-31
-24
-35
55
-16
24
-17
-51
26
18
-87
42
75
-64
40
40
-57
51
82
74
-61
16
-42
32
39
37
89
-12
24
4
-20
10
6
-4
10
-54
62
40
40
-127
-22
-44
-61
51
-63
24
33
-42
51
-34
-120
55
-11
34
34
96
0
-33
114
-44
-44
59
-58
3
-42
83
47
75
8
11
-16
-8
15
-141
22
-56
86
-54
101
-9
20
58
-13
28
127
16
-16
-33
58
-83
-162
67
-36
-15
48
-11
1
-4
59
68
9
-17
-79
46
-6
-11
-25
7
-38
121
39
38
-43
-38
18
-72
-49
33
-21
-28
-24
0
-54
20
-16
50
147
32
5
2
-55
18
20
-35
-10
-47
28
80
-57
19
-47
54
12
35
7
56
25
67
5
18
-7
-79
-75
57
27
-7
33
13
71
40
86
19
36
-47
81
-69
62
-71
9
59
-19
21
83
0
51
3
36
36
68
96
-27
-95
24
62
50
-27
-10
77
-45
90
-101
112
-49
20
-3
42
88
-6
-95
-33
4
-20
32
98
-41
-41
-1
13
-74
-1
36
-38
-35
-28
44
-66
74
43
-48
-63
-10
93
23
39
35
34
63
-54
9
-23
23
12
-96
8
-56
-16
-57
80
-56
-73
13
48
-69
-18
-46
85
30
101
40
62
37
0
31
32
0
-21
61
38
-6
64
-70
-14
-12
85
-23
-62
-88
-27
74
21
80
0
-81
-65
26
100
75
23
11
6
-36
-71
61
11
41
46
-21
66
11
50
-52
6
32
-46
58
-35
-14
64
69
4
29
0
62
-41
-1
21
-29
-7
19
74
95
3
24
-13
60
21
-1
-116
27
-4
-11
61
46
45
3
40
76
-13
-79
99
41
29
-23
30
21
-39
15
66
5
-63
-22
53
68
-15
-12
-58
-87
2
-45
61
25
-57
23
95
55
-3
-16
-15
-73
-58
-31
-35
29
7
-74
-37
-16
-55
41
56
38
-43
74
-104
22
67
72
30
-61
-13
33
6
-14
-20
-67
46
19
-29
18
56
88
36
-9
59
5
-52
42
85
5
-22
-2
11
-5
49
-103
-22
14
5
20
41
-2
1
-62
29
66
-48
-6
-46
-108
22
41
44
23
9
-46
-71
23
-24
-23
-40
24
-24
3
51
60
-11
25
49
11
43
-21
25
41
4
-43
9
40
2
-20
-75
-87
13
26
-70
27
43
-18
58
-33
24
0
-12
29
-67
64
27
-52
8
-48
-8
-18
44
-64
101
-40
-37
36
62
-52
14
-61
22
-23
13
150
41
8
-52
87
28
-9
-17
-92
-41
2
7
115
25
-22
-25
-26
94
21
-33
54
64
54
-2
167
22
25
-65
-52
-68
9
59
-4
-41
2
-21
-43
-8
-35
10
19
48
15
-16
1
27
58
19
55
41
30
18
17
3
20
-40
22
-53
-2
10
42
-71
52
-17
-70
12
-13
38
46
-1
54
-80
66
12
62
-72
-16
-37
12
-47
43
2
1
24
23
66
-62
-24
15
-31
-17
98
32
47
-9
52
22
-5
-37
46
-14
-32
20
10
-10
-20
2
-19
54
-42
76
-41
53
-54
-33
42
38
-3
-40
59
21
28
-14
12
30
28
-104
-23
-26
-26
-76
-46
55
33
-7
-35
84
5
-10
-18
-44
-3
-6
-67
-14
-89
-52
-10
-57
-53
-6
-9
10
-96
10
-63
17
-7
-13
12
-6
79
37
62
35
36
-3
-5
-13
82
22
-16
-20
9
-44
-69
50
27
-40
-23
-93
60
-29
-57
85
112
48
-32
-11
63
-24
-28
-80
24
3
-89
67
108
-10
64
19
38
27
33
63
-71
76
9
-8
-29
3
-5
-57
14
62
-82
-44
14
7
22
23
-24
-23
3
14
29
1
93
-74
-67
-96
-5
97
47
69
57
64
15
-28
50
-7
-42
-50
10
60
36
-11
-100
-31
65
166
49
44
-2
32
83
22
-14
-1
-101
-66
33
-20
-37
51
15
52
12
49
26
103
79
-52
18
115
35
-30
28
21
-66
1
48
58
45
1
-45
46
17
-18
-18
11
21
-11
-1
-55
50
-28
-54
28
-41
-88
-4
21
45
-22
-3
1
16
-16
56
50
-48
-1
10
15
19
-45
50
-59
9
55
42
32
49
-59
-25
73
-30
101
21
-17
-38
-5
14
-7
54
-24
-17
-50
11
-50
13
-49
24
-75
33
26
-41
44
25
-15
6
1
-58
21
88
48
-48
-45
-21
-66
44
34
24
27
94
36
41
27
-78
-4
16
58
-11
-41
10
21
-101
-82
65
-22
-64
0
101
45
10
-32
24
-6
58
12
69
41
5
68
11
-67
40
34
-17
54
80
-21
-47
28
29
29
26
-14
35
-6
-89
-29
0
53
64
71
-56
-127
54
24
8
53
63
41
29
-78
24
-115
41
74
-32
-46
-84
-31
-51
-68
36
61
9
25
54
21
-28
61
35
29
0
-15
58
16
-11
10
25
33
-8
16
60
-11
-68
-25
49
32
28
-9
33
54
2
-54
85
7
-32
12
-12
-3
29
51
-39
-25
108
-78
59
-104
14
23
-12
-3
37
0
28
13
-37
25
25
-33
62
13
-23
-11
-21
-9
60
15
79
-62
65
-23
13
58
47
-4
91
69
-31
29
-28
6
35
45
-9
15
37
8
-14
-21
10
-35
-63
-29
13
13
-84
89
58
39
-43
-21
-48
4
50
24
-14
0
-15
-37
70
-3
6
-116
-3
13
-39
-46
-19
15
95
14
30
44
-38
-39
19
21
-34
-1
35
5
-41
-38
61
28
122
-1
-23
21
-27
-10
-32
-34
72
-33
-39
-24
28
25
-40
18
-49
-132
6
-40
16
-26
-27
15
-41
93
34
28
-15
-18
15
-37
38
-8
6
-66
-3
-67
-29
6
-18
33
-13
-12
-67
36
19
41
-46
47
-7
-69
136
65
51
-11
35
61
-4
20
124
41
45
-22
11
29
-33
-57
-12
80
-43
-28
10
-20
102
58
-48
73
39
59
105
62
67
4
-45
11
-46
68
9
-150
28
68
14
-27
-26
5
37
17
-8
14
44
-84
168
58
17
31
-49
-71
16
0
59
-55
67
92
18
23
108
-24
-38
-49
-34
-23
37
68
7
-19
-18
-13
-52
-3
-131
33
21
3
82
9
-92
-25
57
51
32
30
-21
9
57
5
-33
13
64
15
-67
4
60
-51
-41
-87
-12
15
49
19
39
25
-14
48
-4
38
-10
-25
28
-28
-48
-3
-38
40
57
1
-33
17
0
34
18
-2
48
21
17
-30
-56
-12
-29
49
-51
6
12
80
21
7
57
-100
48
74
-38
-4
-22
-36
31
48
33
-7
-131
127
39
34
-4
10
69
74
45
-45
-38
3
65
2
-75
-7
-13
-9
-15
21
8
33
-25
47
-29
-23
48
-20
10
12
-80
-29
61
-63
-42
23
59
29
-70
-87
10
-33
24
47
17
21
62
-73
9
-17
53
100
-12
-5
-8
55
-87
39
54
-18
48
-94
48
-92
20
76
-4
-58
0
-97
22
-10
-24
135
90
33
-36
-54
-11
0
-38
67
56
-51
-53
-14
56
53
56
-56
59
24
25
34
24
6
-3
-10
-13
-73
67
48
51
-35
-37
-3
34
6
6
4
-99
-68
-59
14
-1
67
-43
-37
77
-67
-5
9
-26
74
23
35
-21
-31
118
-114
-92
24
14
70
-25
-29
86
-49
-26
58
63
93
-41
-18
1
34
-131
-10
-115
-10
-52
-17
-50
19
7
8
28
-31
5
-2
-62
67
85
-12
63
-28
10
-99
-26
25
17
59
-38
37
-37
33
19
-27
24
1
-12
83
-86
24
20
-99
-46
2
-111
2
-52
-30
31
-17
47
-95
132
17
-78
31
-3
-4
-84
-41
-5
-14
62
19
49
-131
7
15
12
-48
-13
8
-11
4
68
-51
26
-6
8
21
-27
73
-53
-11
40
50
29
-109
-51
59
37
21
10
-27
30
-17
8
8
-81
-14
-49
129
-4
-31
-15
-49
36
43
-4
-42
-18
46
96
-46
10
26
25
13
-31
20
-83
50
34
23
-41
-18
-45
-52
25
83
-11
15
102
1
-2
-48
94
-34
-46
5
30
-82
38
82
-70
17
25
-89
111
12
11
25
-131
49
-1
2
-12
79
-67
38
-26
-13
-3
19
-62
-50
51
-56
-78
-10
50
47
23
-7
-44
85
-88
7
43
-5
-89
-41
33
-48
34
20
59
44
5
-17
25
109
49
50
-52
7
63
-1
-9
-24
54
47
-42
36
-6
-36
-22
11
-65
-48
-45
51
1
-83
-16
39
-46
53
-11
45
-97
-62
13
36
7
-86
5
77
-33
12
34
40
4
85
-58
-73
14
88
-46
5
-62
12
4
18
25
69
42
-19
-11
17
-73
64
43
-25
45
-37
48
-89
-88
60
-22
33
-27
48
13
4
-43
-44
-98
-50
-13
-82
12
-3
34
53
-9
-41
-2
-54
0
-94
-54
77
-5
-73
-105
21
24
-59
23
28
-32
-8
-20
10
-116
-65
59
-106
44
-27
-61
-70
-34
146
14
58
-53
26
54
4
-65
-146
-53
-61
59
0
40
-36
112
-1
40
45
-15
-24
-39
0
59
-119
38
39
22
-54
8
-17
-54
-8
-29
-69
-5
-35
9
-23
9
-45
25
-4
-13
17
-17
47
34
108
48
23
-67
-7
50
14
-19
28
-18
83
-29
41
19
79
26
73
1
13
-25
1
-1
129
-4
-60
53
45
-8
-95
-36
-21
26
-67
-42
-35
-30
108
20
0
18
22
-14
23
28
-1
-46
-6
-48
-38
34
-7
51
26
94
-62
12
39
31
50
-13
12
-34
60
-11
-18
-29
-7
-66
64
24
-80
-25
51
49
45
42
-21
15
-32
36
5
-105
54
-87
125
-14
-4
-53
-47
-48
3
11
37
-65
-53
69
-39
-12
-9
7
17
-3
3
-3
19
-50
-40
22
-65
81
50
23
48
-70
0
-48
-42
135
-53
55
33
26
-98
-7
-7
3
-34
-2
-87
17
16
38
45
27
-78
-58
25
-50
72
-10
33
-64
100
25
45
47
-63
35
1
-123
-14
-49
61
-62
44
78
6
9
-24
27
37
19
69
25
-1
14
96
45
-53
93
3
-67
-9
51
-26
-18
-9
16
48
85
108
-93
-4
-6
-63
10
-4
-32
18
123
-45
-49
-68
-31
58
64
8
61
39
-40
-131
-4
-25
-52
84
-7
42
-48
98
51
36
36
30
-57
20
33
-34
96
-7
92
-79
-62
-21
-51
93
-1
-68
-34
30
-39
23
47
5
59
19
-45
47
-3
0
-79
16
-31
67
1
-19
-48
54
-43
27
12
-13
-54
63
-15
-30
-51
112
-79
-22
-6
-29
-50
7
-12
115
27
3
-66
44
62
-32
78
-31
29
-37
-89
-5
-40
-27
57
-52
48
-26
57
4
-5
40
-31
1
-38
25
31
60
60
-76
-116
41
1
10
-35
-28
-11
-41
44
-15
-13
33
3
62
96
2
-48
-76
62
113
-150
1
56
12
17
-1
-9
30
11
73
-13
-51
86
22
-54
25
-96
16
-33
79
24
132
26
17
-3
75
87
-30
-10
-7
71
-13
-29
18
-14
-109
-32
40
-52
45
55
-1
58
18
-83
-36
6
30
-46
-40
41
-7
-54
-29
19
26
-101
62
-54
53
71
-3
-3
70
16
-7
90
17
-25
44
-23
-34
18
49
128
37
-11
14
-29
13
49
4
16
-20
39
50
42
20
-38
40
-28
-15
7
-36
72
25
-53
52
19
11
75
11
-33
129
37
75
-27
0
-43
-22
-43
-12
-44
33
-115
-23
45
110
-7
85
43
-30
53
68
17
-1
-47
-73
34
-32
-23
111
-34
13
-143
41
129
-35
-44
37
-11
-35
-82
-17
-5
53
26
-37
-45
-6
63
1
-15
-51
-1
28
-50
-34
8
88
-100
-54
20
-50
36
-22
43
-5
47
-29
21
97
4
39
-21
-39
-45
-89
66
-56
-78
1
35
-78
-11
49
94
-8
3
-34
59
3
-21
-49
-115
38
68
5
6
-27
110
-6
-18
113
7
143
-22
17
26
112
18
48
59
17
33
-41
53
31
135
24
-28
-44
-80
7
-5
-83
79
-20
15
72
99
-80
-2
37
8
60
18
15
-13
16
-24
-22
19
-20
84
65
24
-75
1
58
-19
46
-33
-1
-89
24
31
-49
45
22
-80
-66
36
-7
-29
71
61
-3
75
48
55
73
-47
50
45
63
22
70
30
32
-33
-91
64
56
3
-22
-23
-53
17
29
-21
-1
-7
-16
-7
35
-49
66
-65
48
48
-55
10
1
-14
-55
56
-32
64
-25
-14
-14
39
-27
-25
-4
29
-17
-45
-10
69
25
-22
-11
-46
8
-23
9
-85
-11
14
68
23
-22
108
-33
-10
-7
59
48
67
59
-31
-66
21
38
15
-66
36
48
-50
18
-24
9
-93
98
25
-116
14
23
-56
-50
45
3
74
2
-12
-38
104
-35
-1
58
13
52
61
53
-38
-22
59
-37
-53
-2
45
-8
0
36
39
-52
-41
71
69
-9
43
-33
33
21
105
-87
49
-27
132
35
-36
-23
25
69
39
15
-23
-39
3
40
48
-118
-52
-30
37
85
22
-48
35
-8
13
21
24
4
67
8
86
-58
35
17
33
89
13
-54
-7
-81
28
-15
4
-37
3
-33
73
121
-30
-20
72
-2
-32
-31
37
27
12
-4
-51
39
-39
-28
41
-35
-2
-2
-46
-58
-9
3
13
37
-39
-34
4
-41
41
-10
158
13
44
-5
-1
-9
5
-30
56
-26
61
57
-55
-5
48
-8
135
-30
25
-33
34
3
73
61
74
71
28
55
20
-85
84
48
-24
-86
90
-35
93
-55
-56
-56
-49
-6
8
-39
-27
24
-62
-81
17
70
-105
55
73
-24
-47
-92
97
43
65
58
36
-4
29
-38
0
97
11
0
-44
-55
8
23
59
-67
45
60
62
-22
40
-62
-15
-9
54
-13
7
11
-3
80
10
45
156
3
66
101
11
26
112
50
-20
-5
66
33
-24
-47
-12
-51
-3
-6
-11
-8
-34
0
-38
94
59
-107
-10
101
-92
75
-50
30
-107
-117
47
7
-60
-33
24
-120
42
-60
-26
22
67
-68
19
-82
31
-41
50
74
-46
-13
55
-19
78
-63
33
-49
-21
36
-34
-88
118
31
133
86
66
118
28
-6
34
-28
20
59
12
37
136
-32
46
65
28
-56
47
29
19
130
-2
-21
42
-51
15
54
70
4
-3
56
28
8
4
2
3
35
12
-9
17
23
44
-75
97
16
58
-20
-41
76
37
13
34
39
-34
-37
23
-28
59
12
-1
-19
-154
15
28
36
-24
-18
55
-4
0
-30
-60
-19
-79
50
-94
-1
41
-34
9
30
14
-9
30
68
8
-58
73
-1
-34
59
73
-77
121
5
59
-28
51
-2
23
-24
-78
-58
53
38
77
-2
63
24
-52
97
37
-26
51
-47
7
4
-34
-12
-81
-44
1
-136
49
40
23
-22
-21
-13
-8
55
-34
12
17
33
-30
-10
33
36
11
-41
68
10
-49
80
21
5
81
-63
32
93
-9
41
64
15
24
76
-9
89
-29
51
-87
7
29
-10
56
57
-1
-3
-27
2
-44
23
-42
8
-31
30
5
18
28
0
-13
-5
16
25
-31
45
55
66
9
20
-47
-41
-36
54
37
-116
34
20
-65
-46
-22
48
19
-44
51
-44
4
48
-38
-43
-48
-63
-26
4
36
112
-1
-67
10
-72
-9
-45
-26
25
-69
17
33
-40
50
1
106
-77
64
-7
10
8
44
55
27
90
-48
13
20
-44
-17
12
0
23
37
-20
-77
-43
-23
-20
-26
21
59
11
-38
-58
44
12
50
-11
-37
-30
-29
23
135
11
-60
21
-1
54
-1
6
8
-14
-46
71
32
23
23
27
10
22
25
-34
38
-52
107
-31
9
-101
63
-52
4
-34
13
156
12
-58
50
15
19
-8
-82
73
-17
-22
-39
-9
-28
35
-64
16
-8
13
-23
-25
2
-71
-18
12
-86
18
-22
48
-70
2
24
7
-14
9
33
2
63
-60
94
-11
-35
15
-7
-55
25
-4
-65
-58
47
56
58
-24
63
45
53
-18
-10
-32
-6
43
55
-50
-33
13
-53
-23
33
26
-91
-27
-37
109
24
-8
28
-2
41
-46
15
-33
22
40
-54
69
15
9
-31
56
44
80
53
-93
15
-5
-42
-28
45
-9
58
37
21
3
-54
-9
6
-32
30
23
-7
-62
-66
92
-25
57
-95
-22
1
24
-64
74
23
61
-11
30
45
-81
-24
-40
33
25
84
-44
6
44
42
20
-108
62
-55
-27
-53
29
14
31
51
38
48
-14
29
-130
4
17
76
-3
-61
55
-8
-130
-6
-18
-126
-99
24
-79
17
-48
-72
30
3
40
-22
-41
43
18
-52
72
-16
-52
-67
29
-25
14
96
-20
2
23
-6
31
81
28
19
-87
16
51
109
61
26
-24
-19
-50
46
44
-31
-103
12
-43
39
-19
101
-38
-18
11
-14
82
17
-47
-26
-91
21
-37
58
53
48
21
-87
-53
-68
71
46
14
-57
44
2
-29
42
18
-25
-55
-47
-18
-47
28
-44
-36
47
32
65
-5
36
-123
-24
-51
45
68
17
25
26
62
19
53
70
-43
-16
40
79
-24
74
-32
13
4
66
-64
77
68
-50
-70
2
33
28
40
53
6
31
0
40
24
9
-27
64
-81
-3
-50
-54
-4
102
81
37
58
-78
17
-28
-104
47
78
-16
-51
41
-24
-85
-1
7
-107
29
119
-4
33
36
-4
43
55
90
63
-118
27
104
-25
28
-12
2
-1
39
118
-63
33
-11
71
-32
91
62
56
-54
-44
2
-57
163
51
-51
12
-39
-2
68
-17
-21
53
62
-29
-41
89
-81
21
-14
71
24
35
34
-6
60
-14
23
-33
25
66
87
-24
10
51
13
-66
-46
-68
69
-109
-26
42
11
-76
33
-16
45
26
23
-21
-66
-11
13
-72
-39
66
-10
-78
14
19
-27
-25
3
11
-39
-24
11
-20
59
73
-42
-75
-57
-10
-49
-89
-21
47
-14
28
-34
79
-94
25
-21
12
44
-11
-42
32
63
56
-52
-42
35
-67
-37
33
124
-15
75
-42
51
19
-115
-12
-3
-27
82
-40
-36
-76
0
9
49
6
9
71
67
68
0
-62
-53
-53
-20
-27
71
6
29
50
68
49
-50
-59
-7
-64
111
34
39
-101
17
52
-19
32
66
28
-28
-17
41
-6
28
29
61
-37
-42
54
-28
-7
6
25
46
-1
0
13
-38
87
45
19
50
-17
38
1
53
19
52
63
-40
-86
7
116
-5
13
22
-73
70
20
1
19
-72
102
-32
47
28
-62
48
-73
16
54
-47
-30
63
28
31
40
-43
-14
18
5
-37
-34
17
5
-25
-23
-2
25
-127
29
34
25
-30
22
-34
-50
-72
163
10
17
8
72
-1
44
-22
129
15
-66
28
54
15
-119
-20
-59
49
-50
7
-64
80
-41
-8
-139
-19
-17
-84
57
-43
-104
113
61
70
-2
-41
-89
51
-33
-73
48
-55
24
9
17
-6
-52
-7
-71
-50
20
47
-116
67
58
-15
62
-48
-1
21
-1
-72
-3
39
80
39
-37
50
63
-26
-18
74
-38
-52
-12
27
16
23
-60
-38
7
41
-27
6
23
78
-18
-80
34
-14
101
-23
14
52
78
-61
56
-69
68
37
43
-14
-15
38
-101
-24
-23
17
43
-26
47
5
17
138
12
10
8
-45
-17
43
-96
-13
41
14
67
57
92
12
-25
74
-19
-11
-34
-47
21
-23
21
46
39
34
58
89
-22
-56
84
-21
12
-58
24
41
-85
-70
-45
9
-37
-29
-54
35
-70
-68
-19
12
29
1
38
-3
-77
75
125
22
-35
0
-34
3
-32
12
10
-67
-52
-15
109
-24
17
-19
36
-35
-111
65
-109
8
-11
-1
13
-56
8
5
89
35
21
44
-43
40
-50
6
27
-48
-21
-31
-59
-72
11
62
1
10
26
-37
-67
-6
-13
38
-45
-78
38
32
36
64
30
-43
-10
9
19
83
61
69
74
1
24
-44
-8
37
-27
-11
-7
-58
-11
-28
-94
63
-17
-6
53
3
-26
7
54
42
42
-67
-8
33
21
15
38
5
79
-47
59
-13
-61
25
-6
28
64
9
-1
-31
-34
29
-36
30
5
-21
35
0
59
-32
-1
-41
-24
58
69
21
55
8
-39
61
35
38
-20
18
15
-11
-51
25
-2
18
133
86
-17
71
-60
30
96
-52
-12
-15
14
45
-4
10
-38
70
-64
1
14
-30
-46
-1
-34
-21
-28
22
-20
-21
53
-38
32
21
-70
62
12
63
49
78
5
-14
68
-24
116
-58
-19
30
21
86
1
3
72
27
-4
40
-43
14
-90
44
-4
-26
38
-43
-82
-26
-78
94
-50
-33
90
0
-56
-8
59
63
75
61
21
-28
29
50
12
-13
38
26
-23
-62
-143
76
53
4
14
7
54
-5
47
115
-18
-54
-54
44
45
-94
-66
44
58
-54
9
-20
3
60
-47
50
-47
-63
86
7
111
-45
71
-27
30
28
37
35
-48
112
-11
-77
-48
18
19
-34
-10
-50
-18
58
61
-40
-39
22
4
-7
-33
-67
40
-1
-19
-49
38
-41
17
1
-55
40
-38
-30
15
-10
7
-66
-68
-115
25
-35
-52
39
7
17
7
59
-63
-28
-94
-53
155
-29
44
17
33
-95
-24
-11
64
-56
47
118
-45
12
-46
-5
-31
6
-9
22
-10
46
-54
-23
-58
-88
-21
59
-45
-76
11
37
67
96
-7
-101
-13
18
16
-103
-67
7
-3
26
21
67
-90
-37
-31
-52
81
-48
-16
87
65
-70
72
-19
32
-18
-28
49
-70
-30
54
123
-11
-41
40
45
-89
-43
-39
-78
16
27
-35
0
-18
-80
-35
35
-1
-34
-49
-10
-51
2
-18
67
-3
-7
55
-32
60
86
-20
-11
17
5
-67
-51
0
-18
-30
76
-5
-30
-53
8
26
52
-80
73
27
66
-37
37
-30
37
15
51
-44
-46
24
22
-28
157
17
29
-87
20
87
38
23
-48
-54
28
-98
-3
33
-15
59
-29
10
8
3
-39
25
-51
-13
13
-1
-80
-1
69
75
56
-61
16
0
-41
-27
36
19
22
-4
65
-44
60
43
-26
73
19
80
-51
65
54
-41
17
37
57
66
0
15
30
52
-116
6
-37
-111
110
5
89
65
-67
4
17
-45
61
-12
-43
-67
50
79
6
-65
59
55
124
19
-50
16
23
84
-93
27
-15
21
12
-35
97
-43
0
-155
-25
2
-35
-67
-93
36
115
-29
12
-40
-23
-62
-82
78
-39
-20
43
-7
-79
9
-53
-65
42
-51
-41
45
-21
94
-8
-97
17
-40
-45
62
-16
-86
48
36
-19
-46
-72
-15
-78
33
45
116
3
28
7
-15
52
-70
-45
94
-10
-36
47
-51
55
24
89
-1
-16
19
-19
81
27
-44
-23
34
29
66
23
49
50
18
-58
-66
46
23
12
87
-39
87
-20
-4
-36
-105
-26
35
36
13
1
-9
-8
61
54
49
-6
-69
-9
36
25
3
58
72
-61
-11
43
12
74
14
7
-47
39
-39
-14
-33
16
-7
21
2
-79
-80
28
-35
-89
-68
-66
3
2
13
55
-3
86
58
41
-53
87
42
48
64
-22
140
-85
35
48
0
37
13
76
35
8
25
21
0
53
-127
27
-32
59
39
12
-69
-1
25
-85
29
-9
16
-2
42
58
-7
-52
-77
-65
-10
5
6
20
37
5
57
-14
46
-18
-27
8
45
88
-3
17
3
-9
6
47
24
72
20
-100
-7
31
-18
-1
19
72
24
31
-59
54
47
1
97
-50
24
4
-6
5
-1
68
14
-21
-51
10
72
24
57
-53
20
-28
123
-4
22
13
61
4
50
4
-70
48
0
2
84
69
52
119
-24
46
14
42
41
-13
-28
-11
-17
-5
62
-5
-75
74
31
-30
-42
-15
9
97
-42
-43
42
40
9
40
22
-132
-18
-29
-59
-60
44
7
76
26
51
-20
25
-26
39
-30
-76
32
-27
-42
24
38
7
-2
-22
-52
32
-8
41
43
-89
19
66
-61
54
53
29
31
-7
1
21
4
9
31
-3
49
17
-136
-10
37
-4
-72
58
-37
23
9
44
-17
15
51
-36
-14
-44
42
47
57
23
-15
-7
114
25
35
40
8
-25
26
-45
67
2
-40
9
1
52
-19
-24
-11
-40
-24
-42
46
31
33
42
62
0
59
-19
41
-20
51
43
45
54
20
-11
-58
28
60
-22
44
-27
4
101
-6
-35
29
49
59
22
32
-7
-14
69
-67
-56
-85
-17
-57
-86
-42
-9
50
76
-64
77
23
-57
37
-32
90
12
-5
-18
69
47
29
-67
88
28
20
-36
34
29
-15
39
110
-42
5
29
25
6
-1
-18
47
22
98
23
-75
-19
49
22
-89
-76
-33
-21
41
-48
-13
35
68
-65
127
48
-22
24
-34
-24
8
3
-18
-10
48
28
29
11
-49
-54
-35
37
36
-69
-55
13
9
13
6
57
-46
103
59
-46
-55
-48
30
-42
45
-42
5
64
-9
112
24
-4
-77
-72
-1
3
-7
13
-18
25
3
90
31
107
86
13
-91
-7
93
-26
2
-36
-21
-14
-68
-4
-49
-75
28
77
5
128
12
54
43
19
76
-19
4
8
58
1
-52
63
-72
16
-56
-17
-68
-21
-146
7
-24
-7
25
16
-25
-31
19
-27
47
-63
94
12
-62
12
32
34
49
18
7
16
-48
89
23
-43
-33
31
73
2
16
-21
26
-14
-71
41
80
95
73
-50
-45
50
92
-47
-62
7
11
69
-52
0
-6
-46
14
41
16
29
-3
25
-59
34
-147
45
43
-11
55
21
-3
41
50
-7
-58
-23
-52
-13
-14
21
-9
58
54
-34
-29
-6
56
-1
14
-4
5
3
-14
-83
45
42
-37
67
-11
20
-21
-18
22
19
-92
72
-28
-55
12
24
-2
-89
61
9
72
25
-1
36
-56
-78
31
7
81
4
-1
16
-24
16
81
63
59
27
10
10
32
18
35
30
-15
43
53
-74
17
-16
-13
-15
-16
-43
-8
-18
-18
-20
95
3
39
-58
97
-17
89
29
-36
-74
-38
-20
6
-20
-15
64
22
-41
28
12
-4
-10
-42
48
-63
-65
15
6
-87
-38
-67
33
-10
50
113
-13
-105
-18
118
-3
15
83
104
-8
31
23
50
-9
-88
24
147
-75
-127
66
75
53
-21
65
5
60
-8
95
-42
34
-41
49
43
21
0
1
84
13
47
-6
83
-53
-44
-65
103
43
-78
42
-15
-117
-3
-76
-38
63
22
19
73
-20
40
-16
64
37
92
15
-23
16
50
67
-23
-37
47
13
25
28
-9
-12
-32
-40
28
-40
60
55
-10
-82
-49
-55
-56
-123
109
-54
12
47
9
18
57
20
5
-37
28
-72
57
24
67
-59
103
72
-38
20
11
97
96
58
-22
-18
-12
35
41
-15
17
-7
89
48
61
-49
51
101
51
-29
14
16
13
-35
84
-21
13
-1
-1
-143
-44
64
-58
-34
23
26
97
-34
72
0
-7
49
-20
30
33
13
-1
70
-51
30
42
45
13
-47
-43
11
24
-26
66
48
6
-34
-125
-20
-85
-51
-35
-48
40
65
-5
18
42
6
-36
21
32
50
-75
-33
-40
-6
29
84
7
-24
-37
9
61
62
17
-37
72
66
-24
43
33
-101
9
67
25
-63
-42
7
24
-43
-43
-1
128
-44
99
30
-39
40
13
-9
-26
23
-2
3
50
-30
40
86
-82
-80
59
43
8
-64
0
-1
-20
48
-4
12
61
15
-20
-10
41
-47
-23
14
29
-18
-3
91
43
-35
-3
-23
74
76
86
-81
74
28
-16
34
115
-34
-26
-40
28
-58
-89
54
41
26
-68
72
6
-3
-3
-43
47
-41
47
-11
45
-101
62
-12
-27
28
-20
-64
-14
3
15
3
-72
35
25
15
76
-18
-2
-30
63
-38
-31
-9
71
-34
1
-41
-6
-53
-14
103
26
2
-41
5
6
19
33
-105
-28
63
18
41
9
38
-14
-17
-3
-14
-14
-23
66
-31
7
-113
11
51
62
26
10
37
-76
48
11
-63
-9
-51
-4
69
47
95
-63
-150
105
31
-39
7
61
136
9
-23
-25
-85
21
14
-15
-27
47
2
66
1
-90
29
-13
-125
-38
0
-30
-53
38
55
18
-24
0
36
51
-62
-26
76
-94
19
25
32
-27
50
-72
10
132
53
-52
38
44
20
-67
10
-9
16
-74
53
-12
41
24
-31
0
9
61
13
67
17
-126
-17
-8
53
105
-80
36
50
-66
-55
51
-17
37
29
-9
-120
-9
39
71
11
54
-58
47
82
34
-27
-116
-15
-2
66
-45
-27
3
10
47
47
-44
-32
41
-72
-20
53
-63
22
38
-63
-143
-27
75
-14
-76
-69
56
14
-18
25
-18
35
-2
8
-66
65
-31
-2
-51
20
26
-16
91
68
49
-21
46
-22
-7
63
-13
-16
-3
-24
-54
-59
21
17
-27
-13
-17
108
24
-45
20
-5
63
28
-51
36
-18
66
-13
61
-5
65
-10
74
-79
31
-12
28
31
23
42
-18
9
-45
-9
0
-53
20
35
-55
-48
-13
-6
44
2
43
-31
15
-48
-52
70
9
31
-39
28
77
-37
26
-11
64
-106
97
-67
-12
55
72
50
60
72
-59
23
69
78
-37
54
81
23
-154
70
108
13
38
-11
-27
-67
-74
-89
24
-12
-111
112
-12
-1
49
9
-23
16
71
23
-34
-21
64
-12
6
-18
23
25
54
-16
-8
75
-9
-10
-3
23
30
-15
21
-110
-32
-76
-6
-14
78
-58
3
-33
59
-16
46
47
-33
35
-3
-38
-2
12
43
-38
-2
85
41
-34
-5
33
44
-59
-34
-5
-45
-68
-79
-31
12
55
8
-57
48
47
-7
-104
77
-23
-24
45
8
13
-73
-59
-109
-3
71
-10
-9
38
22
-32
38
-3
-49
102
59
107
59
-12
35
40
32
7
41
40
13
22
47
8
85
19
21
19
23
-51
9
-16
92
46
26
-25
2
78
-41
43
6
-54
31
-66
10
-7
41
61
-33
10
-19
-4
51
-31
3
43
67
11
-66
81
83
14
-41
-36
-20
-18
-24
37
-14
-53
43
-22
-34
91
-44
31
-11
-37
-87
