1103
709
-575
364
-704
485
487
80
608
560
-10
109
-1
945
-1149
733
471
671
624
231
-118
-422
-384
507
80
-260
698
210
338
768
962
-244
-720
-761
278
298
584
178
422
519
92
380
-659
649
342
673
-1244
657
261
-841
846
844
-289
-1505
679
-59
-111
-172
-715
730
-1052
-160
706
-608
-778
621
-536
-1447
-357
-551
19
473
610
-161
907
-485
1257
-355
-188
-285
593
523
80
503
76
824
-559
-1000
459
-21
-409
75
582
-576
756
704
829
441
814
257
621
-205
607
376
-531
663
14
-1568
-1147
-1627
829
85
298
584
-158
-44
1047
968
-144
-32
-715
415
205
-364
-578
603
-330
370
-485
645
33
-589
-1191
-67
526
771
19
282
885
664
-695
659
438
-241
315
647
338
571
-306
-1850
-236
-358
459
813
-430
-497
-1073
410
-123
619
-8
344
284
641
-1025
390
500
397
-870
738
-86
256
586
116
-75
791
-1238
193
124
-1277
-482
-499
813
638
-465
180
657
242
938
-114
-261
-856
-1020
-263
57
-220
379
384
56
188
-261
-471
48
252
474
766
518
208
-101
-285
979
-455
323
395
-42
-731
603
366
-146
490
502
113
901
-1172
571
528
-406
446
630
-355
490
-306
11
-929
-61
719
-56
398
164
-95
-11
37
-266
955
13
908
652
880
435
335
-228
-1454
-353
707
534
-216
17
346
-70
179
-97
108
-460
403
-1095
152
297
-951
-72
65
-307
975
106
377
-66
-578
106
-1098
-786
98
-676
-156
427
51
937
289
81
-293
574
683
413
746
-955
459
204
164
-14
1008
163
360
-562
339
911
212
-259
595
899
316
-1664
476
-105
-1310
26
415
-860
728
578
910
351
486
-1034
614
-94
-618
28
-915
-600
141
-65
721
505
519
-1389
547
525
-1815
89
333
533
-388
-1721
441
261
285
-1085
42
422
64
882
-339
1071
72
-384
390
578
422
466
-158
731
-1438
-497
299
-1491
-811
420
192
-591
647
-162
122
-85
-3
-124
-1843
-965
383
-114
639
587
-30
747
-410
-1720
617
269
879
172
-512
-162
103
20
-669
603
465
442
936
487
508
-201
391
617
372
352
404
-531
-420
148
994
364
148
-182
-320
-419
32
52
52
-1354
925
-1091
34
500
539
-87
13
157
-200
-1310
-135
261
-330
284
-677
-276
-849
185
67
-365
675
-613
696
838
329
255
-240
-752
-267
398
17
308
-204
-173
-889
-799
-161
714
-306
-1670
248
-940
-413
-201
454
299
-647
178
384
-259
135
573
-959
-497
961
-1008
-95
222
-597
117
416
70
-630
550
-1359
277
754
717
485
-390
478
1153
-1154
-560
-449
-632
458
-676
-53
-336
410
584
-328
458
497
552
-1110
-378
822
623
177
-462
816
-64
-623
175
-563
361
503
510
163
-162
805
18
140
346
952
968
680
81
117
740
277
318
-519
-947
352
353
-146
47
-516
545
-340
314
-1047
-69
653
-27
346
282
668
622
-1106
1084
-317
-413
854
-440
-1333
-685
645
854
-490
-1406
1112
57
-148
30
-1095
576
-246
29
255
424
-1846
656
468
-325
422
-1160
-120
-309
194
-885
507
-380
649
-1373
235
209
544
223
-1312
927
-800
853
224
-380
-399
579
510
163
734
333
605
-156
424
953
-207
-524
-621
420
29
-378
-673
-754
61
249
-449
225
181
-1783
-48
-845
-117
659
-465
439
-471
554
135
621
612
-1037
603
873
-1153
-1332
55
442
123
721
121
99
615
-698
391
162
-148
-130
371
474
-828
257
232
-54
390
-190
673
276
505
-142
698
364
280
937
-1235
1084
475
836
69
603
438
417
459
395
-1312
-156
-1406
3
-1033
-130
652
-449
-1413
-320
142
654
-597
409
-1443
-495
-378
477
280
-6
-775
-1118
747
-838
247
-361
-240
268
-371
796
154
-406
-1233
429
361
-375
338
-813
857
194
-377
117
149
139
193
-1846
346
-1230
67
143
54
593
581
282
938
663
565
0
-465
-698
-381
87
150
709
450
-637
57
820
-240
559
803
-609
-657
-39
-374
-277
945
-955
676
-1042
579
-64
-23
57
893
475
-71
-72
576
268
613
-162
-199
-486
-998
409
887
572
534
-121
405
278
-116
274
-70
553
295
353
89
272
-1853
366
403
-565
413
162
1080
189
507
-1831
-90
-1066
64
106
-889
327
716
469
576
734
714
241
397
663
0
178
-555
419
38
864
-633
511
127
-1015
659
650
905
-219
-156
-586
-387
-590
522
76
-905
569
-1110
770
493
-811
578
-147
-280
-864
-903
-506
23
192
84
-1244
-576
180
1007
-122
585
504
1177
-20
112
364
282
142
27
120
503
391
174
185
536
117
726
458
-1619
-1097
317
558
490
211
-1141
261
356
-243
770
240
379
58
543
-75
576
629
227
101
395
740
-342
435
-374
-20
846
-1007
-285
-1421
122
1066
541
645
177
748
330
282
493
393
119
170
725
433
-898
502
-422
354
-219
-53
228
355
172
758
-459
-88
-196
-103
350
-222
157
474
306
-156
331
21
-545
1123
-151
-348
308
-164
-20
565
-21
-955
654
663
-1164
373
-198
-685
115
-497
-163
670
565
-161
296
159
-335
-989
-747
695
432
-380
260
484
769
472
109
760
555
359
-773
-1228
449
-410
592
695
520
-1236
396
-24
410
-530
157
618
-506
629
799
236
-399
1042
-297
472
873
347
-715
364
517
153
423
812
937
747
650
441
484
-559
-672
-918
511
519
-310
355
-509
174
-165
163
117
505
758
209
509
606
562
625
329
888
599
283
-530
66
499
977
472
-808
374
507
64
524
-394
156
-142
-1757
73
-719
797
-191
-39
-38
-251
-1724
644
-798
999
30
357
-961
-1343
504
266
911
71
409
-486
148
-1022
-607
62
-858
-119
938
500
822
1061
217
267
709
374
-194
51
-1849
-249
634
-1304
332
174
135
618
-45
-856
615
638
568
470
-1113
569
630
-473
-1221
-1091
770
120
307
-630
679
434
300
512
-362
423
76
-172
324
132
-141
-188
937
96
-1288
-304
394
337
319
-389
-964
977
94
-537
-638
878
96
-25
417
-243
-281
614
-1034
555
603
361
-73
441
229
-649
580
-630
329
14
-832
334
153
-94
-162
308
-97
-9
-228
-98
770
436
80
-72
-309
-90
698
9
182
256
-588
-493
-114
213
-502
240
-89
-1116
-822
-1849
430
413
359
-39
-725
451
-226
286
-246
-523
-724
805
353
878
559
50
497
-64
454
-139
-473
36
107
-542
-309
504
1143
-1140
151
86
567
-165
867
-304
717
145
-999
233
-497
351
-835
657
-593
-1841
169
659
-1838
-353
709
235
66
234
660
1076
331
256
486
-125
-1130
-126
276
-162
614
292
-685
89
-961
178
-982
241
172
245
171
273
25
112
240
-281
-499
100
346
-1140
519
-787
91
554
-999
470
147
-685
563
170
291
483
472
710
-693
821
286
-991
-348
-620
-1778
749
170
227
604
-565
-764
242
429
398
94
803
475
-1389
625
-950
-285
-864
432
819
331
526
-216
184
619
-288
460
520
77
769
-409
327
309
555
-621
807
499
774
-960
-420
-149
-48
104
-348
-1148
-35
-659
-367
-955
-1753
705
-782
217
480
-619
199
652
187
519
-451
291
363
-781
553
230
-123
623
-284
639
-1398
861
-146
-933
-238
360
71
199
-92
-64
658
98
99
-304
-247
908
-105
-370
-978
273
-1110
747
-6
-876
483
253
-977
441
706
455
265
308
-36
-358
19
98
-788
-873
341
203
-296
10
-245
-1707
-1047
103
417
-1849
552
201
-1849
253
-1310
-1768
189
49
-1794
-1117
-251
683
164
560
-97
251
232
680
361
-383
890
-1342
136
-162
484
190
-481
676
468
-476
760
-644
-129
-398
-218
210
-462
442
763
413
-914
-1066
-158
816
-675
-1039
-449
513
683
-72
782
-754
-827
-61
966
68
-1535
-246
21
562
948
653
22
199
248
-357
51
-707
-1034
819
499
219
-1303
73
-346
-1053
-1047
477
-2
-1042
637
711
550
376
332
219
-965
251
331
795
75
306
-159
-364
-725
-312
551
328
80
-651
-580
299
542
926
742
144
148
574
-93
277
-65
-1077
219
-264
379
120
297
-47
-386
-459
201
-206
754
-57
-1206
608
-1230
76
33
766
750
267
208
298
-638
26
120
-89
658
675
-1843
-630
377
513
758
-817
367
-1062
-799
397
465
-397
157
-63
-493
111
273
448
403
348
-209
515
-619
-1235
210
364
-965
9
-625
571
-112
503
460
-50
-353
-752
543
243
805
500
680
869
231
-1081
-367
-675
-60
-1551
491
-1382
-139
-657
-225
-367
363
1059
781
-60
-346
-521
633
351
563
123
938
523
9
639
-473
-1573
58
794
547
-939
-119
-161
333
112
972
180
84
163
163
604
225
1154
-1190
-212
552
349
248
251
913
853
-1815
-670
-273
338
440
620
824
299
-918
-861
-189
376
-277
352
151
-30
587
337
545
-1850
-286
306
-998
-1165
490
356
-1172
226
233
716
-924
-179
676
-93
405
666
-265
-310
-1006
-380
164
632
390
-104
363
423
711
-726
-1164
523
-511
522
-112
710
-378
-53
-1838
-138
831
-215
-619
142
-363
356
505
-61
341
333
558
-882
-708
550
320
550
948
-1319
480
500
503
234
258
416
728
208
-85
-663
-338
-516
782
66
481
61
-1062
-955
505
742
-784
857
752
-454
366
83
-69
270
-130
460
234
-877
380
-189
10
-648
422
122
850
327
-1148
493
603
608
607
961
458
591
511
679
-133
-1303
393
-236
-503
372
-88
216
4
50
288
827
887
575
159
-857
300
-8
353
-1079
204
371
76
-82
359
172
-1126
11
807
-50
657
99
668
-1838
-295
816
297
-276
-719
399
-200
689
-880
499
-32
-1181
-57
415
201
464
-108
954
-1279
-184
112
37
-530
489
188
35
528
-61
586
-471
542
145
-1201
547
-1217
735
-28
318
615
684
-660
-20
-280
374
-97
138
753
-818
-18
546
-420
683
-27
272
-688
41
983
390
427
475
-413
-744
509
190
-47
483
634
49
-15
430
541
183
265
-543
676
-119
208
-1346
330
542
-135
11
-1850
-1849
10
-1452
538
232
708
335
808
408
503
-5
671
-53
-217
553
963
505
761
9
-118
-16
-427
-551
-114
647
635
-108
417
-52
123
-639
-943
-37
-1073
176
-68
452
-223
-1346
-490
-1342
987
760
879
-624
57
-410
620
-673
550
-1083
251
-53
850
128
569
-131
161
321
-66
-761
9
327
199
-288
178
610
-144
-85
623
-270
634
436
-646
198
625
-150
-773
-637
353
466
668
-458
495
-45
704
313
467
232
300
-892
836
-41
-365
-42
238
105
232
-446
-96
368
-334
-325
447
1058
340
-1039
480
-503
-608
564
740
551
664
293
726
-349
-88
890
289
430
-317
23
-627
410
-94
-430
-1135
691
-553
-1238
673
-188
51
-705
-1147
-553
623
-1141
-740
-182
-422
707
161
73
39
-1026
-284
-385
-678
958
-84
780
150
-1356
606
217
1134
-857
180
433
-410
270
867
603
-194
-14
716
1258
670
-76
49
572
-569
494
-385
702
513
390
-325
-350
-30
-770
855
237
-58
-185
-1342
-47
176
276
-1545
-413
454
754
-101
34
1026
251
-462
-255
473
898
287
724
937
-4
143
-589
580
-1627
-190
-80
285
456
-403
-978
281
194
-1008
-68
743
290
806
-125
490
199
-1129
503
-740
4
363
-117
-1026
276
863
363
-265
-103
890
133
472
220
423
844
808
391
-181
231
-121
-147
756
605
881
321
386
322
629
691
923
527
118
-488
41
525
111
952
385
-1069
741
-954
262
-1606
535
675
56
505
449
-1012
-737
-841
652
-787
-159
-309
-776
376
462
335
-117
-162
-1474
-413
119
180
-1516
-390
191
-889
56
-326
572
207
-75
-12
-590
-451
635
50
230
-391
-132
-434
-89
710
331
-680
55
-733
309
416
-1081
-207
-925
886
486
-426
206
-392
704
-90
488
-156
-1153
100
-166
-465
-51
-241
378
145
417
-279
279
598
327
418
35
223
32
435
923
50
-127
625
-91
296
-439
149
-1122
44
-219
422
498
-434
-361
33
474
-551
297
-620
746
137
455
661
582
309
83
-219
98
545
511
309
-20
584
525
-149
-752
-328
228
752
397
-602
-145
-222
680
600
-160
449
-1094
496
-566
-633
-633
-357
390
-875
-347
-511
405
-277
398
427
-995
724
-135
-533
-938
965
-68
-1221
-1052
502
824
816
337
-228
-813
610
721
-614
-297
225
-357
-593
-848
581
-602
231
879
-1129
-37
-59
431
-152
-1111
71
172
161
-112
132
-614
-626
-322
-321
661
158
-44
340
-76
266
349
-516
758
562
-555
-590
-1348
140
14
-894
635
-1055
-1542
182
280
181
363
217
101
82
711
-72
400
543
280
657
272
185
508
184
418
430
-1615
966
346
-1187
-52
767
-126
87
-405
-715
333
-31
-1359
119
336
547
484
165
-277
794
-1154
-462
453
94
176
254
504
805
-24
365
-264
567
-978
-381
153
-961
525
-1551
-454
-811
-41
474
505
346
-305
314
726
650
-191
321
99
386
382
740
-1167
228
-404
-532
468
-738
-103
-64
-1568
208
1123
-606
-342
698
-224
335
371
864
427
247
-156
210
591
-146
26
273
319
321
89
-965
601
335
-156
912
607
364
-1073
474
143
890
744
628
259
-1233
59
541
333
-335
800
-18
-500
-1447
352
909
-307
344
544
245
221
-430
578
377
-161
791
-338
717
84
-822
-44
-949
-83
-157
133
289
-530
158
427
-611
-84
-761
157
-337
118
593
335
-34
-1177
-506
-590
-497
574
-649
-213
-472
-300
-102
-1338
138
-199
-731
183
-1287
-72
397
724
496
503
-14
223
-142
-165
-215
503
4
-48
-20
959
-888
653
-265
-319
228
19
274
728
511
-105
-437
586
352
446
774
-265
-364
66
664
371
534
-225
153
-609
-120
734
-147
-524
135
639
-381
-411
-434
575
-230
475
33
300
-1467
318
-7
-203
405
84
100
-430
-465
-50
684
747
711
-816
376
313
54
634
-375
575
498
758
249
867
367
-1469
445
-53
-20
-78
622
493
658
233
-349
51
-657
191
470
41
387
-943
429
-520
815
-978
-10
-509
-991
-56
-413
730
-812
312
-530
761
42
465
251
709
284
709
422
-274
77
679
-53
-404
508
-304
887
-335
183
-479
77
491
-141
-466
36
-345
-1201
691
-826
62
724
-521
652
33
-736
689
634
691
423
822
-212
-353
114
652
199
645
1093
-1106
-512
436
-244
-375
-1086
-312
673
67
-41
-1094
-220
-285
-171
317
609
-1368
-870
653
-1085
58
576
182
526
-137
-1768
69
19
384
-589
528
-366
248
268
777
377
-158
401
-1848
283
-378
600
-415
709
991
337
-509
336
33
434
488
-37
-292
-72
528
-594
605
-473
-733
426
163
247
567
-1306
813
249
404
-67
220
-22
720
120
373
-1492
85
124
-19
865
223
571
-1287
720
527
-860
486
510
571
-566
-161
173
374
-133
-217
-888
-1167
-379
325
103
-542
174
560
370
10
-411
359
-340
678
304
499
639
412
516
378
366
-1849
-676
857
765
-306
980
457
926
-128
717
113
697
435
352
-1106
-1258
-695
310
-760
-606
348
59
363
398
400
-165
-888
-146
-217
80
1201
-199
-488
-480
513
-1310
30
31
593
301
21
536
101
90
-723
1284
258
499
5
-12
522
404
72
220
-259
-686
554
1
256
695
838
465
-37
459
-621
78
1112
912
-1331
-1088
90
-895
-535
686
-194
555
774
310
-142
-340
5
364
111
583
-1063
-82
747
216
-925
560
-347
431
-1354
510
-892
-325
507
-291
-999
8
-181
492
1084
-543
753
-258
-380
94
371
-425
-767
603
-158
-108
443
297
300
-414
-1546
-55
561
-177
91
-233
252
212
503
-620
-183
-361
123
-1152
-157
791
-44
475
-157
-606
-947
152
100
311
382
-233
-773
370
808
-414
-840
556
57
129
-594
-753
-375
-63
228
-49
600
327
728
927
-328
477
217
794
96
1109
-1445
-49
591
-59
-778
175
360
852
864
180
-68
-291
626
-83
46
117
523
691
431
118
-215
-1288
370
624
-947
-74
-905
46
-347
779
-381
-1783
491
661
149
-212
729
451
-1454
192
-1443
-1021
715
-811
-951
210
-636
-249
205
-619
528
-1063
273
-3
259
-434
94
-748
-285
-1228
46
442
-902
433
-73
-83
537
-358
-623
703
-401
721
10
382
-1542
971
5
276
616
579
428
143
56
684
390
-268
115
-1055
540
153
980
603
-1312
-570
626
303
725
565
-274
325
98
-669
-356
-202
-1012
356
-99
-1159
-1824
236
744
423
152
-807
-291
-620
-856
-513
-500
-258
-1181
115
-473
114
219
762
397
199
178
261
352
503
872
820
-1252
-1187
-494
-114
581
49
-190
-798
-263
820
267
528
-898
123
536
10
63
-916
-918
221
563
-215
579
-265
717
-93
551
394
-1433
303
1071
9
414
-144
-53
-189
-251
-1008
-536
676
187
378
-542
534
204
387
753
61
-336
659
618
-394
443
-9
-1097
-182
-503
-82
-4
-784
660
217
140
-1149
211
77
994
-133
125
131
434
74
-141
117
929
-139
176
-835
-602
-1280
-724
-91
304
-255
236
628
173
-264
-941
-83
-73
103
219
8
124
-338
657
248
579
198
983
-1525
160
190
265
-125
-786
-818
539
227
210
-743
-610
-73
389
518
679
-767
544
928
107
-222
132
404
-776
-972
261
537
466
69
405
-1077
-80
27
720
378
-102
-780
608
-188
-390
789
-27
-885
116
-188
214
-376
913
746
-367
-1206
975
226
574
-1286
-325
-61
-90
-84
308
679
255
355
-231
308
250
-173
203
-1564
365
1096
723
777
-13
-217
595
107
890
76
-724
-1319
-1140
-245
521
-600
686
-41
331
1012
77
415
871
513
58
-643
522
435
-50
-7
85
364
607
201
770
337
244
-88
248
266
606
663
752
106
254
-20
-173
-234
649
519
438
112
21
361
-167
-433
-86
257
-2
679
-441
-812
380
284
784
727
308
50
-591
-316
446
78
13
-299
-45
282
-1477
292
560
-1031
-391
-1152
96
330
-143
-754
1008
-96
98
104
1021
510
105
752
635
250
-640
-489
-385
243
-240
361
747
-27
-677
-714
809
145
-1492
306
754
-154
-506
491
665
958
26
-530
765
-490
234
510
209
-263
161
-272
419
-441
352
551
475
636
-173
-357
485
-876
23
-102
-590
-53
-631
763
-644
657
229
555
882
162
-664
388
189
212
-870
-1215
-331
-5
-524
820
234
-96
798
709
777
553
349
347
513
661
160
591
-517
547
2
-1335
-626
-307
-119
426
491
-94
-312
379
-200
-188
-78
513
-128
-1343
42
-67
807
-140
-156
77
52
118
685
52
-816
-182
-307
512
540
210
-951
-1333
98
601
-303
496
-257
306
-347
-436
591
-93
180
-669
781
-346
754
408
-705
472
-383
264
-364
-168
381
1143
-181
338
94
-748
175
569
700
428
-552
818
515
-744
72
226
-814
325
-1841
-216
324
162
89
-663
273
724
704
-380
629
-943
258
638
1219
296
-25
-395
-70
-589
-943
338
-510
496
68
312
199
157
660
494
-500
-1111
1134
-381
923
960
-587
-411
899
-1021
702
676
636
-13
59
-819
525
168
620
286
513
-312
-129
987
321
455
124
534
223
250
444
774
278
247
-431
-1849
-957
193
-105
32
310
611
-750
813
-370
-76
837
-184
180
255
673
525
-47
-1332
2
329
-312
-360
-609
796
-150
-873
826
-106
-425
131
-146
27
37
-220
282
-788
374
-49
666
-923
-800
799
-268
-782
-861
79
299
486
871
-574
-405
-613
-1687
497
-90
-130
208
595
310
274
-146
328
252
-189
178
410
21
820
-1146
162
390
568
43
535
-1205
683
260
331
925
408
454
-98
628
515
-305
-559
289
667
384
535
-299
222
634
-685
391
-236
60
-448
252
502
96
379
-278
593
-951
-215
246
261
907
410
359
327
-127
-269
132
419
637
773
-737
-116
193
534
-1110
605
56
873
-755
178
612
600
356
923
-73
828
810
219
486
149
886
-253
779
-340
-427
109
627
303
360
-640
363
-38
551
606
-3
851
-263
416
55
761
37
867
174
48
4
-328
23
360
652
-643
497
-366
175
-215
615
-285
649
483
404
-419
802
346
1059
600
63
299
201
446
-685
-685
647
745
457
378
76
893
642
-39
386
36
-555
523
-1009
359
361
-496
-261
222
468
138
587
386
555
438
503
144
893
-618
218
-828
-12
322
-218
163
-289
691
-676
890
1042
957
-244
414
-199
782
-26
598
-1274
338
-364
-157
32
669
34
336
497
-64
-1053
-435
-86
-245
-234
-107
221
-56
641
639
-179
-126
292
-1837
-11
457
1045
-1117
75
-1025
-249
-651
502
-279
-903
-286
-278
228
168
-50
-12
280
52
364
397
159
207
-441
552
194
-166
350
802
-221
72
528
-1335
-15
276
678
440
-119
-1469
688
-809
389
568
699
-856
476
971
-1505
947
-1546
327
-241
581
462
-669
-259
-429
-422
376
-1157
1122
-431
624
332
249
608
-365
1054
-479
53
789
421
533
-13
-1849
-940
-873
52
-987
310
-522
727
-205
85
-270
-929
405
80
-496
691
704
-71
158
-376
613
-1843
-309
-303
-578
458
21
337
513
465
-668
269
377
-620
652
900
-861
508
-253
259
1096
761
796
377
-2
351
-508
577
480
363
180
-417
966
1154
610
-228
520
-1453
708
809
470
78
-490
623
428
252
-93
500
-587
528
-1229
-819
-201
-487
157
-1582
-832
-206
445
-1012
-842
831
-1204
372
496
405
-602
339
391
115
-197
339
124
838
499
705
623
-738
369
286
-310
-870
552
-508
633
570
317
396
798
851
594
-520
522
555
595
292
-251
-492
-199
-41
-1066
82
253
-555
181
197
474
280
470
1190
731
-165
516
754
207
320
485
-754
855
568
-955
-595
106
-817
296
-122
516
819
-716
-185
668
816
363
73
675
375
242
-1331
-677
-774
873
755
-312
-1354
-1081
98
621
415
-419
-1487
348
242
-1007
651
-100
-954
769
206
683
-670
-724
169
571
-504
-1148
107
175
-286
390
-26
212
31
-135
-180
837
-439
651
448
397
442
319
583
684
966
323
-494
276
-1006
429
-499
266
376
882
968
675
634
682
-824
-339
-365
-7
-371
-204
-48
-1348
1066
293
649
-335
865
642
-1066
-1627
670
-234
384
295
-1034
21
-53
1139
-489
-500
601
-1849
571
484
962
26
-109
-524
-345
90
890
-1087
-1354
226
1007
-267
-378
247
288
475
-1312
-1276
571
454
-1848
505
509
188
1054
796
703
173
206
654
-780
-1582
-482
-143
879
-9
365
-611
-814
268
567
-150
607
-1434
-834
-188
740
642
-1164
608
503
688
90
-319
794
-812
581
676
-70
-244
-223
-66
494
346
-250
411
441
182
772
51
517
-805
297
-109
-1150
-518
153
121
170
504
-9
661
248
525
-206
75
290
-379
263
-249
306
-820
382
-1034
147
-933
-435
-872
8
-19
-36
-310
-857
71
398
837
140
-109
316
327
546
261
539
-660
682
-461
555
240
-1201
736
-1017
439
315
-1159
-823
144
84
-691
-346
151
247
774
-89
45
667
-271
-296
280
-884
-165
-28
-383
-127
119
797
271
10
193
1153
234
153
205
165
559
211
440
746
305
-328
568
204
378
716
-925
585
277
256
449
624
-1369
567
-291
456
-280
361
-740
-237
-209
699
228
-282
-262
-1146
438
199
319
-1420
521
-153
714
171
-379
363
-1687
-1164
165
396
174
579
558
287
-1019
-399
147
-279
-653
261
276
867
142
-818
-761
640
60
-1319
522
391
403
684
-580
1076
-590
-150
828
-1851
-668
297
447
811
386
162
462
820
423
710
541
-702
192
684
761
225
-1086
-145
-618
281
-529
-158
-520
76
-1619
147
-455
-1358
-383
-819
-595
93
263
578
-453
807
319
32
-980
523
-249
-50
-856
-417
-511
-156
-45
-1031
-608
-560
583
-346
-389
-1007
-1252
-241
-910
616
46
288
680
-41
232
515
-88
-847
701
1061
1024
-1463
-207
468
-119
346
-221
451
-1413
-397
83
-204
-499
869
703
959
678
570
-356
-623
-16
741
-8
-787
-244
-430
448
-50
12
659
-1157
-690
-127
814
-342
-71
-927
262
619
-882
658
670
464
-78
499
625
297
192
282
423
-93
864
-1178
359
-290
-219
221
882
-1458
349
598
550
127
1042
-1062
312
274
244
-583
527
-246
814
-15
472
342
331
551
-35
-817
-1808
245
746
-1083
661
14
-602
121
-16
476
-104
412
252
39
171
-347
547
443
189
587
530
-396
398
-543
-404
666
619
23
706
261
622
19
-184
72
-289
798
-165
653
668
-70
-426
519
200
683
698
-486
354
431
257
665
476
-34
79
43
-83
-585
555
756
-185
135
280
-1831
-506
179
50
-711
0
179
521
-483
396
734
-9
724
503
223
26
-1653
-361
539
71
179
229
549
684
8
-289
9
-86
-172
-541
-466
-1055
-1646
-630
226
-708
283
562
977
635
351
-404
227
-348
-142
701
527
-68
370
-768
-787
605
-1382
-455
-799
549
292
262
310
364
771
-156
-116
-362
-814
675
-61
-398
-556
528
477
306
-283
116
-1340
-237
189
503
-93
258
304
197
-588
169
397
-716
51
488
737
-973
514
-264
-46
664
495
546
282
535
563
1122
-451
311
272
-30
609
-894
-74
-190
420
-860
-39
-186
517
300
-1373
54
-183
-587
716
471
-1215
-1190
252
688
-76
-1215
-82
10
712
-669
-70
650
261
119
513
390
-117
801
-49
899
216
788
-603
-707
-1229
688
-1172
-295
758
430
-800
-199
495
974
-813
579
505
743
378
561
-1217
364
-714
-279
770
308
563
689
-184
-618
148
470
-228
194
138
159
-290
774
346
614
555
154
357
201
1014
-74
135
-330
-231
57
-631
-388
-516
-780
255
114
-68
295
-1172
53
585
83
768
900
-1077
443
364
-1474
-135
173
-612
682
59
515
-296
-663
-517
91
-61
-495
-374
-123
159
1098
300
504
-790
-1167
-474
454
234
585
115
665
307
546
937
560
114
-1034
-239
-156
-473
-902
904
811
562
-294
72
206
-1160
-800
-76
-1434
-46
-448
-72
675
-533
360
-961
487
134
791
-861
166
957
-555
591
682
-63
716
-277
-369
-221
-622
434
224
142
39
711
-1850
188
134
-509
741
286
961
490
-247
-13
-989
523
-462
477
-589
518
-712
244
-195
-746
720
216
676
71
-385
381
-928
325
618
-8
-47
854
-423
881
410
-671
637
-201
-107
560
857
-293
522
52
490
-44
-38
672
170
282
346
292
-545
-1236
-232
379
378
-899
0
314
144
127
428
-316
56
606
-1235
510
-160
-790
365
398
-58
583
-1446
340
173
95
-500
806
561
888
480
813
594
374
105
-96
189
-125
-750
192
-377
-473
-587
304
-898
219
-36
-110
589
453
-987
234
683
-98
705
273
181
-622
282
-292
360
863
626
798
397
-14
556
53
-1191
158
513
542
-413
561
-680
579
-319
-929
-292
-395
-221
176
794
-385
-669
276
34
-87
457
80
710
913
-291
111
-828
142
-102
-1676
657
-787
310
5
-366
-1116
1201
989
304
-20
1061
585
717
749
-65
347
-300
972
9
180
-1382
658
-1811
-434
684
499
-1631
97
357
654
-1
-923
-936
55
-268
66
-490
-925
-139
289
25
160
973
211
968
-824
-572
-4
-1107
635
-464
461
711
-77
-1369
691
-424
380
127
695
555
576
39
-1007
410
615
328
-251
-597
-1433
-28
1105
454
199
225
954
760
716
-165
-15
134
806
-1031
467
165
-664
-567
418
-429
-510
-114
500
-624
69
999
-877
213
556
-1033
-1
740
221
600
127
1084
-342
-1172
556
-58
887
17
-959
134
162
-413
839
178
-613
-424
-233
-487
369
-22
912
288
838
398
248
-350
-435
583
-576
271
306
248
242
-780
629
346
327
19
45
78
-392
-3
360
-541
236
-150
370
486
-200
333
-1280
365
-1235
-417
162
-1477
-44
581
463
-209
268
-13
-206
601
-644
-7
-327
-230
-105
372
-823
189
-271
-547
668
-556
467
815
532
449
111
507
847
141
-941
554
-270
248
-405
287
118
-22
358
667
-181
-75
-315
689
496
324
328
-680
-817
605
263
-68
639
390
342
9
112
-67
-32
235
-391
408
-135
-673
141
-86
510
-1453
95
-1266
-879
-511
-694
383
478
-529
502
-303
226
139
-27
-254
323
-81
-12
-90
1084
59
802
193
440
-88
83
-155
-882
-114
1093
791
912
-429
116
585
296
-1098
522
-797
-404
-494
-86
417
-105
658
335
165
571
528
-28
927
-430
478
826
103
464
482
556
803
-275
331
-535
680
389
-126
305
617
95
637
191
-116
216
7
496
639
403
-363
-12
-90
438
169
-1192
493
828
133
-227
-327
641
798
-1002
698
684
-1335
552
-1095
213
797
166
559
674
639
-86
780
-1040
332
-439
-53
570
-101
37
192
523
162
-41
-914
371
419
439
164
828
-133
90
-503
646
-114
-51
438
589
484
-16
129
-192
-388
711
934
576
-778
22
304
521
76
220
226
490
375
363
-198
773
585
589
1084
140
194
244
1219
796
-417
-89
818
28
341
-596
-14
-135
-466
-585
439
-80
-711
199
756
438
152
535
1024
430
369
-1824
-927
-1085
89
85
20
-85
-9
53
-16
-44
123
-66
-271
869
-848
-431
714
-21
-640
-1630
517
119
-120
-380
114
439
901
579
349
32
-454
-1153
-146
159
538
-882
-111
410
70
235
366
-951
-360
-1224
-987
180
349
-383
-688
780
-138
617
523
132
-357
635
637
-597
411
-954
112
36
305
324
653
532
209
-1630
-1849
318
-646
207
-760
640
592
211
332
262
77
1104
-135
530
217
879
-485
-480
-994
150
767
133
374
448
67
-951
-680
77
-171
38
812
-1167
-1423
-1205
392
-145
-615
-360
72
-1254
-1421
294
-1274
352
564
484
433
-65
-79
81
643
647
35
135
452
-363
626
1258
441
704
292
-826
923
689
-270
612
-994
805
1021
439
574
-264
379
479
543
193
824
440
-255
212
-392
299
32
-1843
363
633
-929
-37
-256
447
510
656
-68
66
-371
9
660
173
192
-237
-314
527
676
614
468
-312
263
180
712
357
39
-22
-227
-141
-547
780
-1564
175
-20
254
211
99
267
-315
-724
653
670
96
599
-253
-23
-39
273
-112
-320
-870
376
86
-305
133
-413
541
-255
158
-322
501
-497
-936
386
451
960
95
-569
-1042
96
286
161
582
14
-747
739
584
-1086
-148
61
517
769
630
-85
337
578
523
252
-132
229
538
-354
-1335
413
-786
-446
47
607
154
323
-251
-1027
-1463
303
-1004
-92
-1521
229
646
467
396
224
46
603
-516
1073
-1
-292
674
-720
822
124
-367
-1201
-110
-83
-342
-802
505
-52
99
-1235
-809
169
633
555
-188
-473
70
319
-243
96
-668
-689
701
-1014
-502
19
503
-91
356
553
-1008
805
607
15
-200
160
100
-1079
760
-95
-262
-513
837
-425
403
-515
465
-567
813
-240
303
-117
-472
-65
-80
192
-186
805
-677
-437
709
352
456
338
-1279
-423
-1721
333
605
-618
979
416
-651
293
237
345
32
505
549
147
-403
189
475
-67
-414
432
132
-39
465
176
-595
-24
376
-1165
-360
-237
-1088
153
216
604
-75
470
936
-65
445
-710
-750
536
-1140
566
761
76
-20
-690
880
476
341
-64
653
-123
-222
-1224
-83
343
803
808
-1021
-616
0
-543
705
-342
605
-505
-355
499
-462
360
371
687
25
803
298
205
-1258
867
-136
-618
222
227
-161
62
369
501
585
468
784
304
-676
-368
-228
551
386
630
-1627
389
253
813
-235
-197
-581
296
663
-223
-1217
147
-924
317
823
460
-199
265
490
487
186
336
660
82
472
760
810
-158
864
-596
76
603
-840
556
844
-310
730
700
-105
-1846
-651
360
539
-44
170
363
427
443
404
1126
-348
618
816
262
568
428
29
81
192
803
-67
324
515
-996
-210
852
468
466
726
449
-245
-1106
603
252
378
-856
547
-146
503
528
25
550
-1846
-91
-378
-1850
-178
-10
291
844
349
-149
226
-1342
192
356
463
248
97
117
470
724
628
-481
550
-845
-4
774
536
253
153
178
-611
547
661
-90
112
-241
-146
-109
902
-377
563
555
801
-765
828
-1467
236
-297
149
-335
-764
53
185
511
-291
782
35
-308
-870
351
958
-453
204
738
-505
502
-343
162
-126
704
216
2
186
337
-611
-952
-70
239
199
354
501
-1239
169
551
222
205
847
-600
100
1190
-954
-266
628
-1304
170
207
422
734
399
632
-654
579
-204
-933
142
798
886
-1192
920
574
-553
-808
565
746
198
338
679
-22
-142
-28
876
538
-430
-614
248
-6
705
392
-34
726
-572
-94
52
603
-233
-938
-268
177
764
216
316
-471
646
703
404
487
466
-157
661
50
-856
-947
46
325
-1521
-187
795
-1042
-86
-328
-238
255
156
75
384
-435
67
-583
-773
-260
106
-88
-1631
334
-888
-625
-537
611
107
-436
342
234
255
600
-933
198
245
-189
419
98
451
140
-256
401
479
565
747
-499
16
248
788
998
-91
-147
-200
430
50
167
747
96
-685
864
-516
35
-235
-291
8
-237
-421
184
250
639
888
-1153
-106
-59
732
356
391
-403
-236
-740
-102
0
335
445
-364
-991
418
-168
1081
-16
1308
183
124
-179
-645
252
389
338
499
311
802
888
-202
