-2
41
-26
-75
-39
-19
1
-59
-88
13
-35
11
-27
37
-21
-83
25
-50
-8
-59
4
-27
-33
-39
-30
-37
-156
-18
9
3
-10
-50
-37
3
-15
-28
-1
6
-64
-45
-8
30
85
30
-29
-74
7
1
40
42
5
-15
-22
58
1
40
19
-47
-8
18
-18
-113
-7
15
-34
1
-13
-24
-48
-18
14
-26
-21
-32
9
-13
-17
4
-32
-120
28
52
-27
-121
-14
-12
-13
-40
29
-74
-75
23
31
32
-5
38
12
10
-45
-37
-2
-14
-50
0
-36
48
-17
12
2
14
38
50
32
-63
1
-63
23
-43
-7
57
62
-47
-56
-14
-45
-19
41
71
-19
27
25
2
-15
-66
-2
6
-5
-2
22
-3
-45
-55
-51
43
50
-25
-69
-14
16
-15
-3
39
43
36
-12
-20
5
-52
-68
20
-27
20
-17
-29
-59
-11
59
11
1
16
-3
-118
-46
-37
-25
-15
17
-15
-72
-108
-101
-54
-1
33
-4
75
-25
-47
-31
-9
-101
46
-24
-24
4
-11
-64
-24
-4
-2
-35
-4
-20
-111
36
37
-9
29
-59
-16
4
39
-8
-54
-55
-18
-6
-41
35
59
-20
-5
17
29
-5
-56
-4
-12
-10
9
-67
-24
-42
-7
-7
-105
-35
-8
-67
-74
-111
-32
36
-39
-32
-65
4
-1
-6
-31
14
-52
-88
-15
-57
-40
12
-59
3
28
-10
-7
-47
-16
-64
-17
-47
28
-1
-42
-65
-92
-11
-17
38
-27
43
-27
26
-44
-5
-17
23
-11
-59
22
-59
14
56
20
-46
78
51
-13
-8
-32
-1
-65
-1
-59
7
-80
-112
29
-49
-29
-62
11
-5
-27
13
30
-34
-42
-68
7
-8
12
-37
-40
30
-133
-53
-3
-38
29
15
-14
23
11
-9
-53
-51
5
-39
-18
-32
36
-2
28
-38
-13
49
-27
-16
-13
-46
-128
-6
-9
-18
18
-7
-65
33
-31
13
-47
-2
-162
-31
-38
-11
44
51
-8
-30
-10
-9
33
-36
89
13
-17
2
-73
-56
-58
44
-13
-45
5
-55
28
-5
-9
63
12
-42
13
-2
-46
17
-65
-50
-43
34
-34
44
2
22
2
-37
-15
34
-15
-39
-28
-36
36
-26
-47
17
47
-39
-13
83
-17
-52
-6
-8
-11
-13
-10
22
-51
-52
-66
6
67
-39
-2
-11
30
-8
32
27
-11
-48
58
-24
-23
54
-8
56
19
-87
22
4
-43
-13
-41
-48
-22
-32
-1
43
-9
1
-29
-40
-63
-149
-68
-40
-47
-8
-16
-30
32
-61
-6
-29
-16
51
-8
-53
33
-44
55
-77
24
23
-31
29
-10
8
22
-47
8
-17
25
6
-22
72
-61
-9
47
32
-60
-41
-18
7
-59
-42
-37
-71
-13
-20
5
25
-14
1
7
29
-37
-7
-64
-22
33
-52
22
-122
-18
-43
57
-24
25
-73
-3
-143
8
-8
-24
-42
-13
-8
-11
-74
28
28
-18
-119
14
-52
9
-23
-5
18
-30
37
6
17
-101
-58
6
-38
-6
-68
29
40
-91
2
9
-61
-1
2
-50
-52
8
5
8
-68
-32
-40
-6
16
28
-19
-50
-60
-11
6
0
8
-23
-55
0
-58
-32
-12
-4
42
-46
36
-27
-3
-11
28
15
-5
-17
17
-49
-14
-57
-8
-19
23
-13
-28
-24
-21
-13
-24
11
-34
22
-9
49
-18
-21
-29
12
1
-13
62
49
-45
-30
-30
-46
21
-10
53
-15
-34
-77
53
-10
43
-5
-21
4
18
-57
-15
4
-11
-17
26
-96
22
4
-23
43
-42
9
21
-62
-3
-29
47
21
35
-58
-45
76
-18
-20
-22
-8
17
-13
-13
0
7
-45
-21
52
-40
-73
-30
-38
-8
-45
5
-23
-23
-49
-50
26
-49
10
70
62
-68
-58
-30
-19
-20
-51
-30
16
0
-38
-4
49
-10
-77
17
13
5
52
26
-1
-22
-54
-37
-35
-7
-10
-7
-8
-40
4
50
74
5
16
-3
-14
-28
-18
-2
45
-140
-76
-13
-51
0
-39
10
-16
-8
-48
-19
-17
-17
-3
-2
-13
42
5
-50
44
48
17
-53
-25
-14
-62
-34
-53
28
17
-31
-22
8
44
-27
-13
-2
11
0
-33
-82
-19
21
-69
-28
27
-9
23
-45
-27
-45
-32
-11
6
-25
-8
2
-56
-125
1
-52
-9
7
9
-41
13
23
-28
6
48
-24
87
-14
13
-30
-104
-33
47
-7
-19
-43
-42
0
37
13
-9
-2
-12
-33
8
-9
-39
-88
-53
-6
-45
-42
-69
-25
-31
-38
-12
-2
-52
3
-32
-60
-21
-19
2
37
18
-35
-58
-4
-12
39
-12
-56
57
34
-63
-27
6
-13
-49
-26
-79
-65
-50
10
71
-58
-24
-50
-32
-1
18
-8
-17
30
-46
-41
-34
-52
29
-26
-45
-5
20
5
0
30
-81
-10
-1
-24
-28
-9
36
53
-80
-123
20
-11
0
-23
-70
-3
9
-85
-7
7
4
-22
-121
-32
10
-37
28
-12
2
-35
-16
-27
5
23
-112
-40
0
54
-15
11
-21
-49
77
1
-11
-32
-16
39
3
5
-39
-9
26
-30
-58
-37
6
72
-54
-39
-26
-1
17
49
-43
-10
-45
-54
-36
-11
-6
-53
-90
34
49
-39
-96
38
-134
76
-27
-73
-41
-30
-30
-42
-14
-60
-11
-54
-17
23
0
14
23
19
11
45
-2
-56
-53
-10
-43
8
31
-59
-39
-55
-14
27
-7
-21
23
-16
60
-24
72
-37
-53
45
-31
-77
53
-45
-58
2
-32
-62
-51
6
-21
-60
-5
-28
-22
8
95
32
-33
23
2
-28
6
-53
33
-5
42
-8
-61
-60
-13
30
-26
-38
-75
-9
-8
10
-44
-9
5
9
-1
-6
-1
22
37
30
-29
-50
-37
-39
1
-16
45
-28
-17
-24
4
-53
13
33
-61
-85
-20
16
-34
-24
-2
-47
-12
-32
-40
-88
-35
-159
20
-6
-36
1
-46
-37
-29
-7
34
-81
-77
-19
7
59
-11
-42
50
-5
-35
-30
-92
-57
20
17
-36
-1
56
-30
3
-51
17
-38
-43
-36
37
1
-70
2
16
-22
-22
-6
-23
-19
-36
29
-44
-98
-24
28
39
-13
1
69
-109
-39
5
-20
11
43
3
-11
3
44
1
-43
-92
-25
-34
8
-95
-23
-49
1
-45
3
16
-16
-30
10
-9
59
-42
6
-32
-16
-7
-31
18
-72
14
-6
41
-23
-11
-60
-34
1
-46
6
-1
-34
54
-35
10
-76
-64
15
-27
4
17
9
4
-19
9
-75
-12
-20
-48
11
-53
-44
-45
-103
30
-7
44
-63
-18
-73
-10
-58
17
50
56
-26
-65
33
24
-57
-58
-31
-5
82
-25
2
-16
-13
48
-57
-11
-14
-30
-11
22
3
45
21
37
-16
-38
-28
-93
-39
-46
7
8
0
-11
-33
-41
28
1
4
-3
18
2
-41
-52
14
44
13
-36
-8
-29
-60
-61
12
19
27
-5
64
-47
-7
-23
-14
12
-39
17
8
5
-4
18
-12
9
-31
-42
-38
-47
-5
-54
-68
-51
18
-39
-16
1
-111
-32
-4
-23
-9
-15
10
5
-27
23
-61
-19
-43
-52
-25
-14
40
6
-3
7
-24
14
-23
-5
-32
-15
49
12
9
-67
-8
-23
-7
-38
-65
-32
40
4
25
-42
-81
-32
-28
-49
25
95
-8
-25
-42
5
-7
-73
49
28
-14
-41
-68
-56
-37
-64
-9
3
-6
21
8
-48
26
-12
-19
-15
-37
-16
-63
-42
15
-34
-27
11
11
-1
-48
-20
-76
-46
-27
-19
-19
91
-60
36
-38
-1
64
1
14
-11
-88
14
47
35
25
-47
18
-67
-17
30
43
5
51
10
-77
-26
-13
-22
-28
20
36
83
-77
-45
50
-67
-18
-61
-45
-38
-41
39
17
-44
-21
-4
-31
-83
-1
61
-28
16
-37
-1
-14
-11
-60
-14
25
-45
3
-159
48
-67
11
-41
-21
-30
-6
-55
22
-36
-52
63
-45
24
-26
-29
-46
3
32
-23
-21
-22
-57
-28
-62
22
-37
-61
14
-7
-49
-13
-70
-6
30
32
-4
-13
45
-32
-70
-21
-23
-83
49
2
36
-110
65
-7
-65
10
-52
-4
-37
4
-2
32
-21
-82
-28
-9
-40
-96
-26
-23
-24
-42
47
7
-64
-94
-49
-53
-15
-15
0
-46
-48
-4
50
36
-40
22
-45
-19
-34
71
-119
-9
-30
-14
-63
-19
-5
-53
-20
25
-33
-56
75
-56
-43
-18
-20
-73
-88
36
-6
-53
-23
-49
-37
30
-9
-24
76
-27
-33
-53
26
48
11
-48
-8
-7
22
5
8
-1
-4
9
11
4
-57
-29
8
43
-7
50
1
-36
-3
6
2
23
5
-1
-80
18
36
-58
-63
-46
-61
43
-51
-25
-36
-111
27
-17
-8
-4
-34
4
17
9
-2
8
-7
-25
-13
-70
-30
-27
13
-121
7
-6
-10
-37
-72
-22
-19
15
-25
-92
2
-76
-39
-95
-85
-61
-29
-1
2
-38
-15
26
-8
-1
-64
-25
-31
36
-29
54
1
16
-52
-22
-101
43
7
-8
-23
-32
-5
-68
52
-14
-126
4
-32
-60
-5
-39
-27
24
26
-35
-2
6
82
-37
11
-67
-58
-11
5
-8
6
-5
-37
-39
-34
-24
-14
-3
17
-3
-15
56
15
-135
71
-38
-53
22
80
-6
-4
0
-87
4
-1
17
-11
-26
-137
-6
-46
-13
-7
12
-29
-39
-2
27
-77
-22
-21
50
-110
85
-56
-22
17
19
-19
40
-106
-16
-93
-34
38
23
-20
-79
21
34
105
-35
-27
19
13
-54
-24
-34
95
-36
-59
3
-63
44
-14
2
21
77
-9
-36
50
-32
5
-46
5
15
-55
-49
-9
-46
5
-12
75
-34
27
11
-19
-22
-6
-28
12
-36
27
3
-25
29
-10
-122
41
-66
-58
-5
-81
-31
24
-22
-128
65
-56
-10
24
-49
-4
-62
-61
-68
-81
58
-15
25
-58
-9
-30
2
9
-45
-7
-34
-100
19
-27
-6
-53
10
-39
-23
-41
-4
45
-22
8
31
-38
-21
-2
19
-55
3
-19
-81
83
-31
-13
-106
-51
-58
-30
-20
-55
-4
-5
-48
-21
8
8
-20
22
2
61
-21
-49
-13
-122
-4
20
23
22
-26
-93
37
-37
-153
-67
-13
-36
-4
-29
-22
-60
-76
1
14
-61
-18
27
-63
-42
25
-57
-45
-23
22
11
13
-55
-7
-67
-37
21
-30
-37
-19
40
-16
-56
-37
4
-14
-31
-49
-27
11
-36
39
-35
-46
24
-46
-75
-45
28
-28
17
-46
43
23
7
-61
-23
-20
-17
25
10
-34
-34
-1
52
21
14
-48
3
10
-1
25
-29
-19
-61
-54
-65
-14
-58
-20
38
-14
-23
-39
-13
-11
-58
-21
-50
-29
-27
-53
44
25
-76
-19
-19
-30
10
-30
-29
-40
-13
-12
-49
32
29
-53
-72
13
-9
-68
-21
-59
47
-52
-23
-18
34
-58
-11
52
-2
63
26
32
4
24
-53
-4
9
-8
-88
-51
0
-43
-60
-80
-2
-36
17
-50
-18
-74
0
-15
6
16
2
-36
19
1
28
-86
-74
-36
-21
4
-28
-58
30
-11
13
-74
-35
39
-38
33
-62
-58
15
2
-55
-43
-30
-37
-112
-7
-23
-14
38
-50
-68
64
-42
-31
22
-29
23
-2
-6
13
-58
-82
-58
61
35
-31
-29
-47
21
26
-25
37
25
-58
-27
-71
28
-26
49
-41
-62
-14
-56
-111
28
-59
-48
-5
22
-26
-28
-48
-31
-51
-65
-49
-23
-11
-46
-2
-36
-11
-36
8
58
-38
3
-21
-40
-46
-22
-72
-42
-41
10
19
-60
-61
14
2
-8
-68
-99
16
-1
-4
36
-12
-42
-14
-4
21
-57
-30
-16
-9
20
32
-75
59
-46
28
37
40
-62
-83
-17
-64
40
48
-27
19
-11
-107
-45
-42
-61
-53
15
-69
8
-49
-19
-19
-24
-5
44
18
1
29
-46
-27
-40
-25
75
-34
-39
10
-66
-67
23
11
-8
33
26
72
10
-1
-63
-37
-28
25
28
3
20
1
-41
-9
-29
-67
-43
-82
-4
30
-64
-56
37
-46
-29
-45
27
-31
-8
25
30
-15
-1
-48
-46
-39
40
-10
-57
-10
-16
-21
-11
-16
45
-6
-23
-43
37
26
-100
24
-117
-39
20
-30
-64
5
-15
19
5
-2
-4
-50
-29
-60
-8
-43
-44
38
-150
55
-1
19
21
6
17
-32
-17
-38
20
-15
3
-47
-12
-6
-17
-39
7
-9
-62
15
-3
18
-35
-8
61
-149
-4
15
-49
40
-46
-53
54
67
72
-33
-67
-7
45
-39
-52
-28
-9
33
20
-15
2
-11
-96
-21
-24
-5
-40
22
-84
-75
-7
-55
-36
4
-13
-40
-30
-56
-19
18
34
-31
-3
-36
-11
-60
8
31
-101
8
35
-49
-53
-52
-58
8
-109
-3
-1
-31
-27
-45
5
-19
40
5
74
-21
5
-30
57
-4
-48
-7
-41
-67
-3
-65
-123
-45
77
3
-26
-3
21
58
-22
-19
-9
15
-40
0
-62
-50
32
6
-7
-67
8
-15
-6
-5
16
-2
55
13
22
-112
16
32
-21
-11
1
21
42
-5
1
57
-17
37
111
-72
-16
17
-29
-30
0
-49
-7
32
-26
-98
-21
-28
-5
-12
-99
0
-69
-49
-30
-1
-30
2
-18
10
-11
-1
99
28
-77
1
40
-10
14
49
-36
-59
-1
44
-16
-8
-15
-65
62
15
1
-7
-50
-23
-39
-51
-27
-66
-10
74
-11
10
-43
19
11
-30
-27
21
-15
1
99
-56
-44
-9
-38
-22
-54
58
-60
27
-21
-54
47
42
-53
-4
39
-27
-33
-36
-15
-39
16
-3
5
2
-31
-123
44
6
46
-59
-32
-46
25
-16
22
11
-18
-92
32
5
7
-74
11
8
-31
-37
-76
-10
-39
-52
-49
11
-15
19
-25
-56
-81
24
-40
-15
-23
21
-10
-11
10
27
-26
-36
-8
-41
30
66
18
54
-61
-42
-34
-76
12
16
-16
-47
-37
-39
-16
-12
-26
43
9
12
-49
41
-80
-52
-42
-13
-26
5
4
-17
20
-32
12
18
-27
-4
0
15
-3
43
-21
-16
-28
10
-19
0
-8
-94
-32
0
-34
-29
-28
7
-11
28
-52
-33
-1
-51
-12
-16
-21
28
-12
4
-58
-55
-35
-38
1
-5
16
54
15
5
4
5
0
-40
-64
-11
8
-9
-86
-18
-38
-88
-41
-3
6
12
-52
-14
-111
17
41
104
15
-2
32
-29
37
-17
-20
40
-73
-12
-18
35
1
15
46
34
-3
-31
-14
14
-13
23
-61
-5
62
-29
-12
43
-54
-14
-9
-19
39
-36
-8
-53
-15
-4
12
-23
-34
-4
-82
-132
16
16
-26
-18
-25
-57
-11
-59
-29
-9
39
-157
-11
-56
-72
35
-52
-44
-4
-30
-11
-2
-1
-3
-52
34
16
22
9
26
-62
6
-4
-10
-39
-70
17
30
-20
-15
-45
33
-24
-58
14
3
24
-8
28
-20
-19
-20
55
6
-18
41
-67
-29
-72
2
-60
8
-68
-23
16
44
-52
39
-21
12
-12
8
26
12
-48
-26
-69
-43
-11
1
-7
-31
-54
-46
2
-28
-62
-98
-38
-19
-65
-19
-13
-26
-12
33
-21
-15
-2
30
-4
30
80
9
-35
18
-17
-51
5
27
-57
-49
-28
-16
-22
-27
-35
52
27
106
52
-82
-4
-19
-16
-4
13
-55
30
-21
-18
-19
-37
-71
23
62
-46
62
-43
-2
-14
4
66
-32
-21
20
-13
2
-50
53
5
10
-48
-4
53
12
-27
12
2
-20
-9
-55
45
-111
-12
-29
-121
-14
66
-5
-11
-19
29
77
36
-10
-4
-23
45
-93
-13
18
-52
4
-38
0
1
50
-98
-22
33
54
5
-151
-36
35
0
30
-10
-17
23
-33
11
-48
-29
-14
26
44
-51
-9
-53
29
56
14
-9
-52
-64
109
-36
-10
-47
19
-27
20
49
29
-44
32
-4
-43
-22
33
5
-60
39
28
-30
17
82
-140
-4
-9
-38
-34
14
2
56
-23
19
-39
-53
-48
-9
-30
-10
56
-63
114
-11
-12
-16
-38
13
-76
-26
-52
32
-30
50
-24
-34
29
4
-55
40
-14
-83
-23
-29
-24
17
3
-22
4
-47
-33
-37
38
-45
-6
-123
18
28
-4
-3
-46
-82
-7
-3
-37
0
-19
-35
7
-98
11
-49
-41
-18
-79
-53
-9
6
-8
8
16
-20
-110
-18
-84
56
-7
-34
-32
-56
-29
18
6
15
23
-45
54
-59
-27
-106
-25
2
-54
-30
21
-2
-21
-82
-23
-8
17
6
-27
-5
-35
32
5
52
-20
109
54
60
-14
89
13
10
-54
32
11
-17
-24
-28
28
34
91
-13
-42
-44
-29
19
-30
-17
22
1
-6
-37
-43
-119
-33
-16
-20
-31
-19
20
59
-75
-25
-8
-18
-24
-15
-19
9
-33
30
-24
60
-59
23
-56
-5
13
15
11
26
19
-38
62
21
-58
-69
-20
47
-35
78
-29
-57
-34
-33
7
66
-40
10
-64
-20
26
-25
-1
-22
2
2
-1
-6
13
27
-48
-57
-9
-38
-12
-14
-38
-44
-5
-24
-42
-63
3
-26
26
14
-77
-56
-51
9
-5
-88
-33
-7
-52
-134
-39
-36
63
-43
-49
3
-52
-49
-57
-38
-3
-11
-7
-7
27
-55
3
12
22
-53
-2
23
-30
-67
44
22
15
9
43
12
-10
66
-11
-24
-54
25
-19
-21
-35
-28
20
27
18
-59
28
-22
-39
-44
-16
-72
-10
-44
-47
-28
25
28
-1
31
-54
12
43
-2
-61
-10
-62
-64
-13
-63
-52
17
-28
-42
-25
-7
9
-18
32
-32
58
45
-12
-29
54
-159
-34
-11
35
-135
11
-53
-52
26
8
-12
24
-16
-17
19
-50
-14
-85
37
-87
-68
-55
6
3
-19
-75
-58
-33
31
-9
-7
-18
-106
-118
-72
34
-77
-30
-100
48
53
-26
-3
74
-34
-71
15
3
8
-74
14
45
15
3
-4
47
8
-62
-34
-26
48
-40
-1
11
4
18
-4
24
-50
-30
-62
-29
28
-8
37
-20
-63
-19
-16
-28
51
-9
67
-22
-33
-21
-10
-45
10
-6
-58
-21
-44
39
-60
-64
56
24
-50
-30
50
8
-54
-8
-12
-64
9
29
-1
45
-4
-2
-46
-12
22
-71
14
-143
-30
-29
-19
-49
29
35
-42
-44
10
-2
-36
-25
-7
-5
41
-36
-6
36
11
15
-47
-3
-27
12
25
-65
-57
-117
37
-36
82
8
-9
1
-86
-40
25
-8
29
-6
-30
-63
-25
5
6
-69
61
-49
-6
-30
44
37
33
-17
-1
-15
62
-60
-12
-74
-65
-43
-44
-7
-19
-57
19
70
-53
-48
71
3
23
-56
-77
-4
-99
-17
91
-4
-52
-20
40
40
-26
-49
-43
24
45
-67
-37
-71
21
4
23
-68
-71
-60
-57
-23
-5
-31
43
-81
17
-10
-49
35
-48
28
-72
-15
-31
10
28
14
-24
-8
41
-37
-63
-134
-2
-19
22
-30
28
-30
-22
-9
-44
-18
76
-21
32
-44
-76
-20
-64
-23
56
21
-32
27
-1
31
14
-38
-47
39
-54
-78
5
13
94
27
18
42
-13
-48
-1
-10
-10
31
43
-31
6
2
1
-53
-10
0
17
15
91
8
-26
-21
-16
-41
-55
-42
-23
-24
-49
12
0
12
-4
5
-62
-23
-4
-43
-25
-94
-83
-16
19
14
-46
2
-18
-55
-52
-1
-7
17
22
55
-16
-2
-35
-19
5
-24
-13
-53
-16
3
1
41
-21
-22
-26
-38
-82
-34
-11
-53
-29
71
-28
-67
-16
-43
-22
34
-15
-35
39
22
-18
43
-49
-8
-72
19
8
-14
-21
7
61
-18
38
1
-12
-24
41
8
63
22
-2
4
-28
40
-54
-44
-18
-4
-4
16
18
-14
24
-34
-7
-13
-10
25
-27
-94
-10
80
-54
-94
-18
-19
-62
-24
-52
4
-36
4
-6
-29
-71
20
-18
-33
20
15
-25
-36
-48
-37
-5
28
-6
-39
5
-33
-44
-9
-55
-25
-19
4
-31
-53
-86
-32
7
-10
-31
-28
-10
-27
-52
5
44
19
-37
23
20
14
2
4
6
7
22
27
5
-20
-38
9
-115
-41
-52
3
-18
8
44
-134
5
-45
-7
-45
-38
-37
-96
44
-5
26
16
-153
-39
68
53
6
-18
-36
42
-4
-16
-10
13
-54
7
-17
20
-73
26
2
-22
-19
-1
-34
31
-39
13
-85
-18
-46
-29
2
-70
-44
-68
-24
-47
4
-39
47
2
-8
-35
-35
-32
-18
-34
-12
0
-96
24
-15
-9
-10
50
-33
77
-7
29
-22
33
-9
-20
-14
-25
47
2
46
-35
3
11
-70
-74
12
-60
18
14
30
18
-23
23
-60
-40
-5
-5
77
58
61
29
-41
-16
31
-93
15
-62
-35
-27
10
-15
52
-1
-12
-63
-6
-55
-128
-37
-35
-17
37
38
-87
-73
-2
-16
-11
-66
50
29
-44
-46
75
5
-43
12
-10
-16
-51
-7
33
12
27
41
-16
-105
-101
-38
59
-26
-16
0
-63
-45
38
-72
-27
3
-40
-7
-6
-64
-48
-4
-7
-81
14
-16
-24
-35
1
23
-57
-13
-86
-2
-44
-71
-25
50
-10
32
40
37
-29
27
9
-7
6
45
-19
-88
20
-84
57
10
-26
-5
-24
-54
23
-52
-36
11
-5
17
-5
-58
-37
-12
-7
-11
-22
-19
-37
13
6
-60
18
-90
-3
70
-25
-1
-162
6
-14
38
18
-7
-81
-57
-32
-16
24
-95
-108
-20
50
-22
-63
8
-8
-42
-48
-154
7
76
-19
-64
69
-35
-64
-8
9
47
-67
24
-7
51
-47
-53
-17
-4
-28
35
-147
62
-26
40
-50
29
-5
-19
-68
-4
-18
11
-13
4
-10
17
-17
-102
-14
8
7
34
54
-46
-31
-1
2
11
-62
8
-19
24
-147
-69
-50
6
-53
17
-65
-7
-29
-55
3
4
-2
-19
61
29
4
-1
1
-37
-64
-22
33
21
5
-25
-25
23
36
-16
49
-8
10
-29
-43
4
57
36
-36
43
-66
-35
-3
45
-32
-93
33
15
-13
48
21
28
-75
36
20
-17
-19
-1
61
-26
-72
-31
13
3
6
12
-33
-40
-39
-31
-86
-11
-1
-6
-31
-55
-6
29
-59
-60
-4
-107
5
-12
-24
67
1
-24
-6
30
10
22
13
-99
-47
27
-28
-1
-73
-62
-39
27
44
-31
-49
-72
5
18
-29
-70
-32
-74
9
-29
-60
-43
-117
-106
62
39
-52
-9
-47
-30
52
32
-55
-13
2
81
-3
-150
-24
21
-83
-18
2
34
-47
20
6
42
-26
8
43
-51
-25
13
-17
15
25
3
-28
-20
-11
4
-10
-70
53
-35
74
-103
28
82
-45
-18
-30
-28
-17
-12
-16
21
-55
-14
-17
9
-41
-36
-83
41
-7
-39
-29
-20
-13
27
58
-1
-13
-54
-11
-18
-44
-1
-46
-17
-127
-16
-15
-77
-18
-36
-47
2
-28
-15
0
5
37
34
-2
-57
-12
-24
-34
-29
-137
-1
-18
-25
0
-48
21
-63
-29
-37
-33
-9
44
-3
17
-33
1
-26
-57
-17
-35
40
-19
-22
-18
-113
-22
17
-59
52
-27
105
-112
10
-30
-64
4
-24
-56
-93
-49
22
7
0
-40
-34
-43
25
70
-20
10
-6
-14
-26
-88
2
-21
-64
-32
-32
-28
-8
25
-31
18
-23
-46
-13
7
-109
3
-53
-66
-18
-25
-64
-15
-38
-62
0
48
-6
8
-50
-157
4
9
34
18
-7
-125
-69
-39
-67
9
-34
-64
-86
-41
-30
53
-3
-8
-39
-34
-26
38
-14
37
20
62
19
-38
-32
-49
-44
-67
-12
-34
-7
-25
35
-38
-66
-22
19
-27
-53
14
-10
-3
-23
-10
-30
-135
3
17
-73
-3
44
-22
-11
-7
14
-7
-41
-23
10
-54
-4
-17
-13
-22
0
-112
-78
-62
-79
47
28
26
31
-48
-16
-51
6
-25
39
-43
-42
-22
11
-61
-138
-11
61
7
-36
-32
-5
8
28
5
18
-42
-65
-30
-23
-60
-36
-11
-17
-43
35
-30
20
2
2
-1
-2
-10
-28
20
-45
-38
-32
-88
-47
-49
-8
-1
-21
-16
19
12
71
-3
-27
-47
-61
-16
-3
-14
50
-15
-16
-53
-18
16
-8
-17
-11
16
-27
-16
12
12
-62
-16
-3
-54
4
-40
23
-8
-55
32
34
-52
54
-6
-9
-46
-24
-47
-5
9
23
9
41
30
39
-48
23
-75
-48
-49
-13
-76
-49
12
9
-44
20
-64
-13
95
-8
1
2
-2
6
-18
87
-3
-18
-39
49
7
-62
22
7
2
-61
-23
20
-29
-12
30
-30
39
39
4
-29
-4
-35
-13
-33
-22
27
-18
4
-20
-44
-36
7
-40
-32
-25
9
21
-17
-59
2
-44
-15
-43
-47
-60
-9
-13
-30
28
-5
-6
-58
-11
-8
-31
10
-27
-16
-4
28
-59
24
11
-34
-12
-48
33
-19
-17
-46
-15
10
-9
-13
-29
-52
-14
46
-20
-9
-44
53
-30
42
-19
-9
-59
-15
34
-44
-13
-3
-52
-61
-2
3
-2
25
-34
-56
12
-16
-1
-11
14
86
2
-5
-8
31
-2
-22
-20
-59
-59
-4
-6
57
-120
-10
-37
25
-60
-15
-4
-19
13
-38
2
-8
72
-7
-37
-12
62
-23
36
10
45
-45
-33
-28
5
-18
25
-65
-8
-2
6
-43
45
-16
-20
-40
-49
24
2
29
18
-10
-30
-4
-45
-31
-37
-17
6
-5
-28
-77
-14
26
32
15
26
8
-23
-47
-10
4
0
-63
-11
-47
11
-41
-23
-55
-38
-2
3
-11
20
-20
15
10
-8
-15
1
-3
-29
-97
17
14
-24
31
11
-33
-5
2
3
9
-11
8
-24
1
27
21
91
-14
87
-46
39
-111
-11
-13
-1
-54
48
46
-41
-52
-19
-56
5
-38
-53
5
-62
-27
-3
1
-16
-12
-1
2
-81
13
-58
-61
-29
-58
39
-9
-46
-19
-50
-49
2
-32
-37
22
38
-45
-88
-32
-86
23
-20
-47
-12
51
-47
29
-3
-34
22
-56
-53
10
-5
-32
-24
-27
-29
-18
-35
-58
2
-52
-27
-73
14
-30
-15
-61
-47
56
-14
-23
-24
-16
-1
-26
-81
-42
-33
-3
23
-67
22
-48
28
-65
-70
-44
-46
54
-26
-53
-48
-67
11
-6
7
-1
-81
-59
5
-11
-48
-46
-62
73
-68
-57
48
-58
-24
9
-75
-75
77
92
-7
-73
-46
75
5
-12
-6
-7
26
-38
-21
-33
-28
-58
-14
-1
52
3
-11
14
62
-69
55
-49
-60
-18
-45
12
-27
62
-1
10
-59
16
-12
-24
25
-24
9
2
-13
-25
39
6
-11
-21
91
-50
-47
-53
18
-26
1
12
37
-69
-18
-12
-39
-30
-41
-27
-38
-26
-34
35
-1
-67
-43
-6
-38
-42
-48
-14
-97
-47
32
-92
-40
-33
18
-70
16
-10
20
4
15
28
-13
-47
32
12
7
4
-15
-11
1
-13
-16
22
-28
8
42
-10
-23
66
-98
-43
-49
28
-45
-41
25
-78
-50
7
-27
-14
35
19
-31
-12
-4
-19
-70
29
-30
-30
63
-33
-55
-51
-111
-88
23
8
0
-58
-93
-1
-7
-73
-22
42
-56
-16
-60
-1
-18
-21
-41
25
-134
-11
-44
-76
36
-39
12
-6
15
-28
-58
-9
8
-46
-54
34
39
-40
37
-31
0
4
-49
-23
-13
-3
27
-11
23
-14
-47
24
-10
-41
-64
-27
-23
-26
-25
-13
4
-21
-40
-4
1
-14
-41
-29
-63
-1
18
1
13
-84
-48
-31
-9
-48
27
-43
-8
16
-58
-39
-2
-38
-39
-5
54
-5
18
-2
50
27
-3
-101
-1
-4
14
-78
-39
-65
-85
-76
-22
-78
-26
-50
24
-13
-57
-73
-1
-54
25
-1
-57
5
-2
-9
-12
-1
-62
1
39
-39
-11
-16
-11
-74
-49
-5
-65
9
23
-40
-13
-12
-21
0
-57
9
49
3
17
-8
-67
10
-64
21
-49
-16
-12
3
53
5
7
-35
-31
-33
-5
-1
34
-26
26
-7
-19
-43
12
-21
-90
-19
-11
-1
71
-21
-26
-94
-15
25
-1
-6
2
-26
33
-49
7
-118
-15
10
-68
6
-35
15
-20
-37
5
-54
-26
27
9
-17
1
-12
8
15
-59
-32
-42
54
-37
-41
-46
48
-43
-43
12
41
-34
-50
-21
-32
-11
-21
-27
-12
39
-71
-140
-76
-31
-21
8
30
10
-18
-36
-47
-15
45
-59
2
-15
-19
12
-9
-39
-14
-76
-29
-59
-44
-43
-53
-13
17
-67
44
-7
-1
-63
-2
-21
-42
2
-74
-47
17
6
7
-9
46
-60
-17
21
28
23
-68
-19
-13
-10
-46
11
64
15
12
4
27
-26
-29
88
26
0
-45
-15
16
-5
9
-46
-73
-32
-48
-15
13
-41
-84
-16
14
-21
15
-25
4
72
-9
-46
-40
-19
-37
18
3
46
-21
-38
-60
-38
-56
30
-69
-11
48
6
-31
56
16
-36
37
-59
38
-18
-49
6
-49
44
-18
-18
-25
-53
-30
27
63
-46
-9
-48
-28
3
30
-21
-47
8
-63
-12
-6
-41
-16
-24
24
21
16
-13
-41
34
-2
-10
19
91
44
-23
16
6
28
-59
-13
-8
58
-49
-68
-30
-91
-2
-37
9
-31
-29
1
39
72
9
-85
-18
-58
18
24
-9
-60
6
15
-58
39
-13
-53
-18
15
71
16
-29
-72
50
-70
2
-19
-26
35
13
7
-40
33
-19
-33
35
41
5
-23
25
-45
-26
-84
-59
-81
34
-71
-14
-7
-79
-52
-58
-69
-39
18
-73
10
-43
13
36
-22
-77
59
27
-11
9
-19
4
13
15
-26
-26
-25
-83
-49
-34
69
-12
-93
-53
-8
-19
-60
-48
-44
29
5
-18
-17
16
-28
44
-10
-29
-30
37
-68
-1
-10
42
30
-41
31
-31
-39
-47
-60
-3
-37
-52
18
1
-52
-1
-82
-29
-35
5
22
-60
-41
-46
-39
-52
-30
-73
-53
-18
2
50
-72
56
6
-17
-59
0
-49
-67
-16
-33
-33
-4
48
-59
-34
61
38
-33
-76
-17
-35
63
-57
-29
24
3
-27
-57
20
15
-4
-27
27
-16
115
-50
-31
-82
10
-12
-28
-2
32
-70
-27
25
-16
1
4
-95
-156
35
59
-45
-38
22
-22
46
43
-1
-23
14
11
-56
-69
-70
-44
38
16
20
-72
11
63
-19
-29
-31
33
-55
22
-13
91
14
49
-100
66
-51
36
25
-8
42
-48
-47
-7
-9
-19
-51
-44
0
19
-31
28
-30
2
-10
-19
-56
1
-6
-32
-91
-22
-40
-22
-64
-21
-58
-39
-4
-19
-4
7
13
-23
-19
-81
63
42
-77
18
115
-6
-71
-1
-79
-31
-40
-25
1
-16
25
-21
-20
-16
44
-77
13
12
28
-64
-7
-22
27
7
-41
-20
50
51
-29
-10
-3
-52
-53
-44
-19
-27
-65
-62
-27
-34
-5
-39
-11
42
-55
-49
-27
115
4
14
-21
-79
-48
-61
-34
-59
31
-7
19
-74
13
-27
-56
-5
-11
-28
6
42
-53
-69
-54
-1
43
6
-37
-94
-75
-7
44
10
13
-56
-33
-49
14
-16
1
-31
-15
-100
8
-13
-29
-47
-51
-21
19
-53
-5
-72
-14
12
-53
-35
-14
-54
-36
-21
11
7
15
-35
-29
-81
-61
7
1
-12
25
-10
4
-1
-20
-11
-91
-32
-37
-49
-6
-62
24
-63
-93
-118
-133
78
-4
4
5
10
32
-31
-27
-53
-3
-12
32
71
13
-23
8
63
-138
68
-68
-10
37
-2
-39
-2
-30
-48
-23
-16
63
-77
-29
-32
-41
-63
12
32
-7
14
26
-4
60
4
1
-15
25
-44
-49
-5
9
19
1
-11
-30
3
-59
-39
-45
15
-57
-5
-32
-17
36
-40
-30
22
-31
-65
-39
-35
-70
-30
-6
78
-21
-25
-43
-47
-45
-4
-30
-52
-6
-48
-58
-7
-104
-20
8
-48
-62
-35
-47
3
-46
23
-1
-53
-3
-63
3
-29
-36
-17
11
56
16
-98
34
-63
-12
38
-67
-44
41
36
-41
55
-30
-11
-58
-9
-1
39
-29
21
7
-45
-13
-39
-44
-8
58
15
-28
36
6
-35
-26
-32
-9
4
-3
-54
-38
-9
-48
-21
-53
-21
40
-54
15
-53
7
-32
29
-35
18
32
-43
4
14
-29
68
-79
19
-19
-54
-63
33
-24
8
-18
1
-8
42
-78
-5
-13
81
-29
-28
-4
9
-112
-33
4
-44
29
-5
7
62
48
35
-24
-32
-78
6
-16
-36
2
2
14
27
-48
-54
-9
31
71
-23
34
-34
13
-31
-24
-15
50
-18
-8
-9
49
-18
-16
-14
-1
-83
11
-9
-63
-17
-16
-19
-46
39
-41
-95
47
-5
-31
-112
44
-24
51
99
-27
-1
14
-52
-44
-3
-22
-25
9
-31
-23
3
-13
-52
-58
-26
-1
49
47
36
21
17
32
53
-5
108
-72
30
-56
-68
-29
0
-18
-88
-36
-56
5
-61
-6
-51
-16
-31
38
-9
28
-29
21
-42
-117
-37
-31
-31
-22
-38
-5
-51
-71
-1
-65
-30
-62
-21
-65
-12
-1
-103
-37
30
26
-15
-24
-10
-31
-112
-72
25
-22
28
-51
-24
-31
-7
-10
-25
-19
-88
-23
-2
-2
-26
-5
-3
-30
-52
9
-28
-52
-21
39
-31
66
32
13
-41
-32
21
25
11
-49
-2
25
33
20
-50
-47
14
13
16
42
6
6
14
-3
-41
16
-11
-28
-82
-103
41
-31
-32
-50
7
-10
-9
-13
-58
-47
-52
8
-57
28
-53
-50
-33
-30
-60
4
-27
71
26
-11
-22
0
-10
-14
-3
-26
-36
-5
-19
-15
-61
19
-12
-51
99
98
-49
-28
-48
