-34
53
25
-28
-74
-57
0
-9
-43
16
-42
66
-24
101
20
13
45
1
9
10
-18
25
35
-58
40
20
-40
3
18
-26
-42
-19
17
-26
-76
-1
13
58
-72
115
27
45
-61
26
72
-15
-82
42
7
13
42
-23
88
79
-18
-41
52
-26
-56
-7
30
17
3
-24
-44
-47
-53
76
57
-39
19
21
38
-38
29
-73
3
80
89
-2
-24
20
-24
16
-28
50
36
-32
-40
-25
2
79
-23
11
-6
12
16
-42
-60
26
13
50
-40
61
1
5
-105
71
-83
-24
32
-38
8
-4
31
-46
34
5
-26
-12
-14
-54
-13
8
-25
-3
-72
2
21
61
1
34
-48
34
-79
-9
-34
-45
-33
-2
-46
-86
-43
-50
44
41
27
-79
9
18
136
17
-19
34
-26
-18
41
13
18
-71
-36
-48
73
-11
84
8
-11
9
-38
-66
8
28
9
-11
35
58
31
-13
-22
7
-14
-63
-11
-79
3
-21
-38
-65
52
67
5
21
56
-23
-17
14
-66
51
-4
-22
-52
16
-2
-7
-30
-21
65
3
33
102
-122
33
35
-58
23
10
1
-13
-13
135
21
-43
26
9
39
-26
65
-11
20
-5
-51
-49
-61
26
46
-14
-24
-29
39
-24
-20
-21
36
23
-98
74
-40
21
-22
-75
-4
37
3
13
23
16
27
-48
-6
-35
0
-11
60
3
-26
13
-29
-22
-15
69
16
-71
32
-84
-160
-45
33
-25
50
-58
38
-9
-36
-37
-48
80
-46
3
35
-15
-43
-59
-23
-12
-76
58
-26
52
-22
-37
-34
2
1
-33
-15
83
-7
54
-104
61
-18
77
13
-24
75
20
-11
-31
60
-46
-40
-40
0
57
-28
-136
1
15
27
91
5
32
69
56
-54
36
-93
-5
19
1
18
26
47
18
-77
59
-30
-38
-33
-26
17
86
-52
-1
69
-7
-13
6
36
24
22
44
40
117
-19
-38
-30
24
-59
-33
-40
-45
30
-17
20
-53
-26
-4
21
38
-11
-28
0
-38
47
60
15
-83
46
14
14
32
-51
26
-60
4
-65
13
-45
-54
2
51
11
-46
-85
11
110
35
21
25
-54
-22
1
42
66
-55
-18
11
-62
7
-28
47
-68
-4
-19
-23
-56
-18
-16
17
79
-12
2
3
6
66
-75
-31
39
38
-17
86
-28
-13
-34
-40
10
8
-59
15
-137
-25
-7
20
-71
38
-5
38
15
-13
22
-9
1
3
-60
-62
-19
-5
-14
-105
-18
16
29
-42
-43
14
23
-23
0
60
-71
-27
24
10
17
61
-46
104
11
24
24
-1
19
89
43
-133
-90
-43
62
20
41
-62
-21
17
-26
25
-21
-4
-152
120
52
61
53
-56
-3
37
104
-20
79
24
8
34
84
83
-13
119
65
4
-29
-80
-58
-6
30
-63
-19
8
-32
25
68
12
-34
8
-12
-21
-16
1
-46
9
-82
29
-73
-4
50
-17
27
-5
2
-1
9
-41
54
-85
-16
89
-35
12
-56
65
70
-27
34
-15
-4
61
28
80
-37
-6
-59
1
2
-6
46
2
-73
-52
-25
-51
35
-18
21
-68
6
25
-30
-20
-23
37
6
17
-25
108
15
-72
-29
-123
32
-63
-19
-36
28
-59
2
-24
86
17
-29
13
-59
-36
-16
-84
162
-76
6
7
-47
-32
3
12
-25
1
36
-83
-22
-19
29
107
100
24
-52
-44
-75
58
-47
-28
-23
0
8
7
-127
-32
-13
-27
43
21
-77
-8
45
-33
50
-165
28
11
-13
53
-32
96
-36
25
78
-99
0
-13
-15
74
144
-2
-21
-35
60
-83
72
-14
-4
-23
-17
-10
-13
-71
39
-11
27
-59
-57
66
46
25
65
29
56
5
14
18
40
17
-13
-33
35
26
-30
-8
-14
25
7
-46
11
77
-40
-14
-45
-6
2
-62
41
-24
31
37
-26
-38
-62
53
-69
108
11
-100
-15
-2
-32
34
55
-35
80
1
16
14
-91
-58
17
26
1
-27
-42
-66
-27
88
79
16
-31
-81
-80
-16
6
-100
106
68
-60
-2
3
-43
51
-15
17
29
-30
-73
-62
-29
34
21
-91
-19
-78
56
-60
64
69
60
-55
85
-68
-33
10
-11
11
33
-25
18
-42
26
-33
-18
8
17
-2
5
38
10
-49
13
-99
-41
-38
25
52
53
3
16
-79
10
-3
50
-46
-120
10
64
9
55
29
32
-55
25
-19
-23
38
84
-51
5
11
-7
-96
11
-30
20
-13
-41
56
20
32
-83
110
17
-7
3
-24
33
-47
-53
-25
-25
-60
-14
-115
96
-83
24
-54
-25
-3
62
-43
-16
-48
7
-3
23
36
11
-108
-54
-41
114
-22
-39
-32
-61
-92
90
59
-17
97
1
14
36
-2
-69
52
0
-4
-32
-47
46
-24
-13
-51
46
38
33
29
-46
-33
-80
-84
-57
-69
-32
15
68
-51
-35
69
-21
-8
9
-44
84
-41
15
96
-77
-17
21
-31
23
54
8
-64
-12
-90
-62
-1
-30
-56
-1
35
49
-25
39
25
-39
16
32
0
114
-24
-40
-59
-3
-18
2
-29
-10
-43
-7
-40
-64
-52
70
69
27
62
-19
-45
-3
-27
34
42
7
-61
68
19
-30
-52
-64
64
27
76
16
-8
-15
-67
1
-28
44
-30
-56
47
-23
55
-2
43
98
-3
89
53
79
24
-67
-11
-1
56
-75
-53
-18
-32
36
77
-43
43
13
-33
-37
86
22
41
-14
42
27
-66
11
-59
-15
33
35
18
1
13
-124
-76
-52
-1
-42
68
6
39
48
55
-83
28
8
26
-8
-23
1
-31
0
24
-21
-24
-19
78
30
64
-6
19
-41
-9
45
2
-66
-11
3
114
-80
-68
4
-1
-2
-42
40
-95
-82
-78
-5
-5
59
-43
14
-65
-35
-2
-13
-58
-60
87
-72
19
107
6
-58
28
-10
39
46
33
17
0
-46
-33
106
-30
63
11
-8
15
4
-83
-78
-19
0
-92
-64
-28
-44
35
87
48
48
75
85
-51
-26
-38
-88
-33
-31
40
4
-58
-45
45
107
-18
-12
-12
-53
-28
79
20
-1
88
31
4
-98
-9
-34
-67
5
-10
18
-57
-11
24
61
63
-63
41
-6
68
38
-48
67
73
23
-16
52
-56
-91
29
-51
-84
-7
-12
39
6
28
-1
25
8
-24
-55
25
-25
-20
42
-14
-52
24
15
-115
-68
-11
16
27
99
-44
85
42
1
50
-109
53
-46
72
-70
32
-27
6
-91
-78
-91
73
55
-83
6
3
-24
-57
-42
15
-83
71
2
99
-15
-57
-19
-22
6
65
9
-40
-40
7
-9
-32
-7
-6
-13
-22
-53
82
29
5
-64
-40
-41
-35
64
86
66
6
-181
20
-8
78
22
-47
121
58
101
35
17
39
96
-59
37
71
-24
-12
6
-24
-68
29
-68
84
7
-43
83
-22
-33
21
63
-24
-68
-12
-48
-40
-3
63
-34
35
11
27
-38
1
112
8
-30
-25
53
-149
43
-34
-26
-12
-67
33
-11
-13
-79
26
36
92
7
59
1
-78
-1
15
-8
-33
60
54
23
-15
-61
11
-32
-68
-100
44
45
-52
-73
34
-14
-46
-3
-86
-7
-5
6
-21
31
-43
-26
-3
-17
-38
-49
-20
-27
1
-57
-22
48
-20
33
-6
20
-74
-6
-41
-42
-30
-25
-70
103
36
80
21
38
-64
-61
-62
-46
-63
-16
42
4
-14
63
-39
-5
-15
-32
55
-4
54
44
37
14
102
-80
-49
-35
-41
-22
18
-7
59
36
-46
-11
10
-15
-83
36
-74
23
3
56
-50
-66
-29
20
-28
64
-39
-11
-67
50
22
88
4
36
-29
-56
-72
24
70
-24
56
-41
-75
-52
1
11
-89
3
102
-40
147
3
-4
4
20
-23
-26
98
-40
-57
-35
99
-57
14
1
21
44
-48
-76
36
-36
-26
14
-86
4
18
-34
-80
-31
6
-38
30
48
54
1
-31
-120
-15
38
-84
-15
-26
37
10
-14
38
-5
-54
-1
-21
-17
56
29
3
-66
9
-58
9
32
-15
-17
-37
14
-1
16
-10
6
89
-36
26
22
-6
5
50
-55
80
-10
47
33
-47
-36
-72
-67
32
13
-62
-2
17
-32
98
-57
-35
1
-40
35
-21
-57
-76
11
10
-44
-11
35
-63
-32
-14
42
-17
-24
-32
-5
-28
23
4
28
15
-53
-12
28
-49
6
120
-16
91
43
109
-29
-80
-71
-39
5
-23
6
20
14
62
49
-59
-31
-45
-49
-42
-26
-65
16
17
-38
6
27
-26
43
-38
-17
64
-6
-39
48
-83
-23
-78
15
-9
-93
-42
38
-22
-38
50
-22
2
-2
-66
17
36
-54
66
-109
23
-125
76
34
34
-11
-23
-2
-4
-14
78
11
28
-20
62
-48
-13
-54
-12
87
25
89
10
16
80
43
-18
-59
27
-68
0
-34
9
-83
64
14
5
1
-5
88
-50
-69
24
-52
34
-3
-98
74
14
-77
2
3
49
27
-63
-42
-33
35
-67
-11
-55
63
-24
-79
47
45
75
-10
-13
-29
-32
-92
-82
-74
-13
29
33
-30
58
33
-63
-44
11
105
-41
14
93
-80
-1
-28
-53
0
-34
85
-2
-2
21
-4
-87
-58
-46
-40
-35
18
-26
-13
62
-66
-40
97
8
3
40
24
16
-20
-45
-33
-44
-28
40
-3
-46
-29
-24
0
-1
6
105
-29
44
-1
34
-28
48
-88
-21
33
55
-38
-15
19
-87
37
23
26
-20
46
44
-28
-20
-56
80
-63
-89
-12
90
35
-3
-46
9
-5
29
8
-21
87
-42
-2
-69
-58
-54
64
3
-5
-71
40
20
96
-4
-6
-91
19
-21
-23
-37
-30
1
-83
11
31
12
-35
35
64
-42
64
-26
-43
7
-12
44
38
-76
25
-49
39
-14
-6
-11
54
5
13
-8
-34
16
-36
-41
-21
-31
55
-65
-69
51
-23
-5
24
-18
-91
17
-27
-24
-36
6
23
1
-26
14
-38
18
-52
38
12
-31
0
92
-23
-23
51
-6
12
-5
43
24
8
-72
-4
-33
-39
57
16
-26
24
62
-50
-12
32
7
-40
-25
-26
35
35
34
64
-21
9
71
45
59
-47
-41
5
-37
-22
-23
58
-54
33
-44
98
-18
31
52
9
55
9
-94
-19
-52
-30
33
2
-29
9
-92
-61
71
10
-32
42
8
63
-55
80
-3
-28
52
-109
-6
-43
-17
-64
-60
33
13
42
14
-25
-77
-56
16
79
-23
39
-44
-33
-25
16
1
-18
-69
74
65
25
-22
-29
-58
67
22
71
-32
-34
7
-61
37
9
-22
-14
-46
-27
23
-22
-63
21
31
30
-16
-27
45
-8
-7
11
-56
35
100
-20
-26
22
-45
-9
1
-78
-61
-52
-36
29
96
-49
43
-27
35
88
-48
-53
38
46
10
34
-7
102
29
43
-18
-18
-26
-15
46
81
-52
-45
18
-33
-53
-48
-41
47
-76
-8
7
-73
-14
-62
-44
64
14
25
12
-22
-41
16
26
26
69
35
55
6
38
-21
35
-70
35
-38
1
68
10
-108
75
13
-23
0
-13
5
42
-12
13
-30
68
-73
-23
-5
24
43
-40
34
-41
-56
-88
23
16
17
-4
-61
24
52
60
110
-45
69
-21
-60
-27
24
-23
20
-29
-37
46
-76
-33
24
-46
-100
19
109
-27
15
-83
-51
31
-16
-12
0
24
15
-7
-43
74
-87
-11
-68
30
91
20
-15
-7
3
-7
34
42
4
102
34
-28
-29
69
5
35
-1
81
-11
-15
60
-39
-84
63
6
-20
66
35
-93
45
4
-4
-26
-32
26
-22
1
39
68
-21
55
54
-89
-56
-31
-9
-49
38
-22
-53
-3
56
4
-130
22
58
-82
-37
-3
46
-37
-45
7
75
105
-47
8
-55
-21
30
-66
-67
-7
-89
-32
86
-11
24
13
-12
10
-43
36
-30
-27
-30
-37
-45
11
0
58
10
-2
-64
-48
-32
-29
-29
36
8
-91
-40
-25
37
-45
27
39
-19
56
57
-74
2
88
40
-72
-21
62
64
55
-16
-12
-8
-55
-9
27
-36
-2
12
13
-12
30
53
35
-19
-51
-16
-1
91
-14
-47
110
79
-69
-1
-53
-7
6
-23
32
49
-45
-11
-10
-2
-1
-137
-31
85
90
55
-6
9
-6
64
-41
-66
10
44
49
-46
-36
-20
18
9
-59
12
48
65
15
60
-54
-20
-1
-63
3
29
-49
45
-32
-14
-34
-84
48
-32
-76
-19
-28
46
16
-42
-126
-28
6
-63
71
-17
21
61
17
14
27
-61
52
65
14
51
9
-22
6
-94
-75
-43
5
55
3
1
47
-61
46
54
0
-10
42
-17
26
54
-3
-26
0
-31
-43
-12
30
-16
-53
24
-109
-40
17
-53
-13
5
26
16
14
51
10
35
35
-46
53
-83
0
-92
25
2
23
96
18
45
-76
-87
18
6
-11
37
5
32
-153
49
-1
60
7
19
-23
88
-1
77
27
-39
52
-1
11
79
6
-7
17
43
-27
-33
-92
-22
59
-7
24
-9
15
-15
-10
-4
-32
-23
-67
9
46
-40
13
88
-49
-13
-39
-1
15
21
52
23
5
-52
87
-22
4
10
-7
69
42
-12
14
-12
-56
-18
-54
46
14
135
-7
-33
50
8
-116
61
-54
25
-30
23
37
88
-85
22
43
13
-6
-34
-88
114
-58
43
74
-66
72
-10
36
7
39
-5
-12
18
-43
-26
17
-12
13
-22
45
2
4
-40
-25
48
-51
-121
-59
0
-42
-52
6
25
9
57
-15
-45
27
7
-55
-139
37
97
0
35
-45
-44
46
6
-52
13
0
38
14
1
40
110
-23
-42
-96
3
14
64
-5
-19
146
59
-78
-12
23
60
5
-13
-76
61
44
14
-100
-83
36
38
-73
-14
-52
-72
-9
25
-36
31
-104
-16
-48
-24
18
62
57
-18
-14
-8
-12
-93
32
-29
2
-26
3
134
29
-47
-39
-51
0
-57
-48
-22
159
0
18
-23
16
17
32
81
13
-43
-28
-49
49
33
4
-39
-11
-57
-49
1
19
13
-85
26
10
-1
-46
-81
57
-39
-37
-18
-5
-4
10
-97
-13
-12
12
27
46
8
-121
9
9
-32
-3
44
75
-63
16
25
-12
-50
25
-47
10
-5
32
-59
-25
-22
6
60
-58
-20
-30
-48
-28
-3
-62
-93
43
-55
41
23
30
-48
-22
41
-19
61
22
-44
-3
28
37
-110
68
-25
6
-58
7
-35
-46
-42
36
55
22
-55
-130
17
-31
-1
36
-55
24
-15
95
1
-72
-6
-32
47
-19
8
55
-31
26
-57
-72
-24
-38
0
15
24
20
35
37
31
-1
7
62
-12
52
-61
11
-41
-76
-27
-18
-47
-32
45
55
-36
-57
18
3
19
28
-58
-73
102
-111
-13
19
34
-67
24
-90
-97
21
-45
-39
-23
13
-3
-28
79
-19
23
-64
-69
-21
-39
70
-40
-12
43
36
48
-12
-25
-40
-101
-26
-84
25
-14
61
5
-65
83
-4
74
-23
-1
-3
58
-5
-35
-13
-35
-31
-24
-53
55
29
11
20
-26
9
-6
27
23
-27
-29
-51
54
90
-2
5
0
-35
-57
-35
-89
-90
-52
-121
11
4
10
68
-46
-3
-16
-31
60
-25
-2
71
33
36
18
-33
18
11
26
-31
8
134
8
50
9
-57
-153
85
-12
25
-39
-92
55
-2
-64
-30
-9
13
-5
-10
32
-23
29
74
70
-52
-37
18
-34
91
54
-10
-46
-67
-45
21
30
21
66
-60
25
-24
34
26
-79
-74
-100
30
18
-34
-108
-54
25
34
-13
32
-49
162
64
48
-34
20
-13
6
-107
-58
-31
47
1
-33
10
46
-11
-21
64
-66
-26
30
24
114
65
-102
-23
-13
22
52
-115
-17
13
6
-40
-42
-46
-22
-1
21
12
-91
-40
-10
-39
21
21
-4
-1
55
60
23
-22
-62
16
-15
5
37
112
-118
-51
-45
-93
17
-78
37
77
-15
43
-50
6
-30
40
-21
-24
-2
-10
-48
39
7
17
-16
64
-50
-47
39
-104
-53
-4
36
-47
-12
48
-43
-15
-76
-133
64
-20
29
-25
13
26
112
-72
40
10
45
-7
59
37
63
8
24
3
-86
2
36
-54
-21
30
-32
102
100
-92
-45
73
-63
42
71
60
-71
-27
-37
5
0
39
127
38
-6
8
-57
51
-31
21
-43
26
-57
46
-89
5
-36
-42
-103
-4
-17
64
-21
6
7
-55
72
88
24
-27
-10
20
15
-1
-55
-38
-2
14
-53
69
64
-26
0
33
69
-127
22
45
50
29
39
-22
-24
82
-28
15
-5
-40
-11
-23
-43
0
-121
-43
-11
-36
-54
29
-73
30
-4
57
-45
70
5
4
-29
8
30
-14
75
40
26
-47
27
41
-19
7
-33
-45
-27
53
-39
-1
38
5
34
46
9
136
35
48
-5
-45
-30
4
-42
-12
8
-1
-40
-6
-46
-2
1
-83
-13
5
12
45
38
-97
42
18
-41
26
-31
-105
43
44
115
0
0
-43
10
3
-45
27
-13
-63
-18
22
14
-63
-60
-125
14
37
17
29
44
134
-43
-29
26
-23
0
-6
14
19
-41
-10
25
-6
47
16
-56
-45
32
-7
32
130
-1
78
102
-74
80
0
-66
21
10
100
-7
13
-67
38
61
-23
-62
35
-40
4
-35
34
-17
67
-73
-75
-21
69
-1
-14
-73
-97
-63
19
-115
61
-95
7
43
-20
-74
-22
-1
-72
65
0
32
27
-42
14
26
-54
79
5
-23
33
-42
4
-50
100
-33
-31
36
27
15
-12
-76
9
-63
-29
-110
-9
-2
-71
7
-19
44
-5
-23
13
-4
67
68
31
-5
-43
-72
-12
38
9
52
-70
-11
76
15
44
66
36
52
35
50
3
-37
-17
-65
-13
0
-52
-69
-17
61
-27
45
-66
14
43
-45
35
-37
-58
87
93
38
43
-43
-68
-42
-9
27
-31
65
36
32
-23
4
-64
6
-63
33
5
-1
-26
22
53
-2
54
12
15
-60
62
-57
-4
61
-25
6
25
-23
93
-22
-4
-18
37
8
16
-34
-15
-120
-30
57
-120
-11
-39
-16
14
-50
-63
73
-75
49
43
79
-16
82
-32
-3
52
44
-25
-76
0
48
-71
-85
11
57
-9
22
-2
-27
-30
12
-27
-55
-16
102
10
17
15
-32
-91
10
20
2
117
19
87
5
-16
-76
-79
-79
8
-5
11
-56
-30
25
68
118
14
88
-24
-6
-46
-24
-49
24
26
50
-16
-34
17
73
53
-15
-33
6
7
-26
-2
-12
-84
-9
-6
20
-4
-11
-87
-51
-11
60
61
2
-12
19
7
2
-63
8
9
-20
90
-13
-5
-11
38
43
-4
29
-11
-2
-17
-10
64
26
-90
27
31
15
26
-12
-5
-37
-38
-40
80
-20
-57
0
-42
1
-33
28
-99
9
-25
-32
9
-1
-99
43
-5
-9
-35
-38
5
-60
29
69
-34
-111
-42
-2
-3
-56
55
-20
-69
-5
-73
-16
-6
17
4
74
4
30
-42
20
-16
-33
-46
-16
27
-38
-121
-1
62
-1
11
46
-2
-4
17
13
-40
20
71
100
-26
37
13
37
48
-60
-6
-44
-40
-46
26
-95
60
-29
-15
34
-127
97
-15
37
3
-11
-69
-85
45
-37
1
14
-20
-70
10
-3
-53
-89
-2
97
25
101
-32
-28
-57
16
34
-2
52
-37
-40
-6
-27
-14
9
-16
15
-9
37
17
-34
-87
1
-49
75
-30
-82
-11
-22
-4
61
5
-32
-55
-8
-11
-108
-78
-3
-25
-16
-72
-48
-11
-38
13
-35
57
-15
-56
31
-7
69
-39
-2
71
-11
32
55
-45
-29
30
-1
20
-46
29
-58
-94
-68
50
8
-19
7
-12
-41
7
2
61
-132
-44
-32
10
38
4
-4
55
-2
46
55
48
-94
-102
-7
36
74
19
7
-32
103
0
-43
-27
-97
90
26
-14
-19
-53
2
17
33
46
-31
-73
32
1
-16
38
-45
-59
57
-16
93
33
-56
30
5
-47
-49
-73
-41
27
-31
4
-128
-6
-103
-28
-4
14
-40
38
9
-28
5
3
-21
-33
-16
-28
23
-39
-31
28
43
16
-28
125
27
17
-21
-49
-54
-5
38
49
-68
-26
-14
110
71
42
-1
24
8
24
-8
-34
-1
-9
-1
-17
-23
77
28
-34
49
-3
55
-53
37
13
-22
-37
-4
-26
-56
13
14
4
-49
-15
26
-2
56
-30
24
59
14
57
33
-82
37
-9
-80
102
22
55
48
35
-18
-80
-40
-19
-10
-48
58
10
-82
-30
-17
117
-28
14
8
114
6
-6
49
-83
-38
-44
-27
5
-46
-44
13
51
102
-39
9
7
2
120
8
30
-69
29
76
-82
93
24
-16
24
33
22
-55
-14
0
-5
0
45
-74
-30
-45
32
1
-94
49
-3
3
100
-25
-23
-5
-30
-77
-25
2
-22
-28
-5
18
8
-15
20
-2
18
40
-35
-33
29
-21
-28
-42
-21
42
28
59
69
23
19
34
58
-19
14
-41
-8
15
-61
-35
63
-40
-35
-9
-11
-48
51
12
-38
17
-35
21
-64
-44
94
-95
-6
8
-24
46
125
6
121
-73
25
70
-37
34
66
9
-33
23
-55
-47
18
-92
-18
4
-75
-22
-32
12
15
-26
31
33
90
-11
36
45
6
-124
-90
73
-68
-100
37
157
45
-1
136
-1
34
11
8
106
-10
35
1
-40
0
11
-38
67
85
-33
6
73
70
-35
-181
53
-59
-13
-41
2
23
-21
-28
84
93
-12
-41
19
18
14
9
-32
51
27
-84
4
-10
-22
46
-52
87
-19
80
-64
9
14
33
-5
-55
-122
25
-20
-58
-71
25
52
27
-15
-12
41
33
-39
5
-31
-16
40
30
-37
20
-4
-39
-14
-39
30
-52
-1
9
-3
-18
50
75
39
18
35
92
23
28
-1
73
7
26
-8
-1
95
-6
45
23
102
23
-121
55
-51
-9
34
4
-50
67
-1
-35
-80
48
-10
-86
116
-1
5
-51
18
2
20
-64
-16
-139
-41
14
10
-55
-90
14
10
-85
-35
2
-11
-14
53
49
31
23
15
54
-17
-14
16
43
5
-15
16
-5
2
8
46
-24
-15
32
151
-73
-58
-1
-69
-14
60
-19
-43
-22
-1
-49
62
20
21
-11
-23
40
15
13
-46
1
-51
57
11
64
-33
26
-32
-70
-35
47
36
-33
-59
-30
19
34
36
-7
29
-36
100
33
-6
-38
-3
35
-6
-3
-30
21
-23
-46
-78
17
-71
-20
25
-68
-9
15
-24
3
-33
-42
-16
-46
-62
6
20
-2
-121
136
-21
-39
19
21
-40
64
36
15
-38
-10
10
5
29
39
32
18
-75
14
-13
34
12
-52
-87
-58
27
-2
-22
-46
29
-48
42
57
-32
69
107
-51
-29
-66
-10
60
79
30
32
-7
-21
2
56
40
-3
-20
-61
51
38
45
-30
-12
15
90
-26
-2
11
54
-19
38
-11
14
1
17
67
-50
-43
-78
64
-46
-68
-32
-25
-59
51
-45
7
-8
0
-51
-50
-26
13
81
-48
55
-5
5
-70
7
41
54
29
-11
-53
-34
2
9
32
70
32
-1
5
-3
-19
-82
16
-4
9
-41
51
-3
6
-50
-10
58
-55
43
-81
-29
54
-24
0
-21
-48
-49
-44
-101
4
1
-65
15
-6
17
35
-21
14
-25
-70
47
-45
-80
34
-116
78
-39
-24
-3
48
-45
-10
2
-7
-1
2
7
19
-3
-3
47
-95
27
35
87
-2
66
-6
11
68
-30
-25
75
-28
29
-18
-12
49
43
22
-15
30
-28
-95
-25
26
-16
-20
-71
-54
-28
43
-79
-27
27
-35
-34
-4
-76
54
-24
37
-96
131
20
-46
-26
-69
-41
-38
87
1
9
-25
-33
-34
-34
24
38
-85
1
14
-37
-40
9
14
70
-9
-1
73
20
-22
-16
16
-42
62
19
15
-5
-24
4
-33
-76
5
16
-101
59
29
22
-3
12
63
-24
11
-12
-11
-64
-12
59
33
-12
63
-23
-40
26
-54
-34
-41
-54
-39
43
-48
52
72
18
-19
73
75
-5
-34
7
-56
53
-19
-25
-6
-16
4
-2
90
1
-12
-134
18
29
1
-3
-17
100
-61
-42
49
-6
-43
0
-11
-58
7
0
-8
38
-16
25
-24
-44
-43
37
-17
7
59
-10
11
-81
-56
-1
-42
-46
-43
-29
-42
-55
15
97
-11
-11
86
30
-38
-20
50
9
23
54
-44
75
28
30
-46
62
-13
-22
8
31
107
7
-27
-47
56
27
11
33
32
1
-82
-92
41
-104
66
8
37
-42
-37
-32
48
-13
70
22
-100
9
33
13
-3
6
-29
105
56
5
-19
-80
-31
48
44
-18
12
9
10
8
-5
7
29
-40
79
-49
-12
89
-53
-31
-71
-7
-61
28
-6
30
-8
50
6
-19
-112
-2
26
13
-71
-52
145
37
8
-54
21
18
-39
-2
56
-19
-3
41
23
48
-10
-15
-41
23
-39
0
43
26
-44
20
10
40
-24
-57
92
29
0
-4
-13
-37
-1
2
41
-45
-97
-45
12
16
35
62
-54
39
11
-5
28
-20
14
39
4
91
87
15
55
-67
-4
-87
-31
-70
-94
-15
-56
-24
53
-66
-25
-2
64
10
-36
-55
-30
-28
14
-40
108
-31
20
103
-63
25
41
-16
-42
-13
-51
-27
59
-46
50
-3
88
23
-4
-22
4
4
-2
-98
-37
-42
-52
-149
-8
29
-37
-23
-12
-31
-4
12
-21
-13
-9
5
-17
10
3
-5
3
29
37
-43
-13
80
2
-78
26
25
75
0
19
-6
-27
14
-115
6
36
23
-42
-22
61
-77
-5
-42
39
-57
-60
-34
25
-9
-104
51
13
48
16
30
-67
-84
-44
-46
-65
-27
17
32
-5
0
-31
-13
-4
-12
10
-54
-3
16
-36
59
4
-24
-19
28
-40
63
-11
-14
-7
24
-18
-43
47
36
27
34
10
20
5
64
-40
-26
-10
-19
41
29
26
-61
30
-3
-3
-17
28
1
68
-34
-49
20
5
86
4
-43
-11
-17
64
-39
-52
-13
-37
-40
-61
-7
-96
-5
-15
-18
2
-23
6
-15
-38
25
-38
35
14
-2
-51
74
-21
-40
-66
10
33
-67
-54
36
49
-20
-20
29
31
-41
-39
36
-46
46
49
5
-25
-79
74
-13
36
67
70
-23
-4
-90
-49
11
-39
-52
-9
-9
-78
-40
45
-39
64
27
28
-27
-61
38
-44
-20
-68
16
-66
-79
-5
22
13
-13
-6
26
47
-20
16
32
-104
45
34
-3
91
10
-63
25
-19
-22
-52
-6
2
14
29
-49
-19
-71
9
-28
24
14
9
-8
-13
29
-20
42
-40
60
-18
1
-132
21
-104
26
-3
23
-12
43
8
-79
-66
60
-20
35
1
34
-25
-13
43
-16
-48
105
-57
-51
-46
28
-75
-57
16
61
3
-27
-1
-35
-91
58
-28
-5
-22
12
-52
-86
5
-26
12
-108
-39
49
-5
33
-28
-5
9
117
31
30
-96
-36
5
1
34
43
20
-14
-11
25
-54
158
-36
35
47
-85
7
-3
-14
-38
-4
-12
-24
7
-81
-74
-45
-83
-40
-27
-20
43
19
-85
-31
14
-165
-4
-17
93
42
68
-22
-18
-26
-13
27
82
-24
82
-27
-19
-11
43
-59
40
-72
11
-46
0
-62
35
19
-19
-28
-58
34
-28
-57
-9
14
-13
-60
12
85
8
2
-7
-27
56
-88
3
-21
-125
-33
-3
8
-55
70
55
56
14
-46
4
-6
3
-75
6
18
4
-84
75
1
-15
9
18
25
87
31
-34
3
13
-26
-8
7
63
-39
60
-125
-19
-24
2
1
-18
-17
-10
31
27
-11
-58
-15
2
-15
-56
13
-89
-33
21
8
-1
-25
-26
-45
44
7
-36
43
-23
-49
-28
-33
25
-51
15
18
-22
-65
-4
-14
-9
-48
9
-4
61
45
5
-22
-30
-23
44
11
-2
45
-15
91
23
-43
76
-4
34
-72
17
24
-2
32
65
-6
-1
-36
22
-124
-15
-49
-10
-39
-93
76
116
-72
20
29
-14
-22
-50
-45
-78
34
9
-50
43
15
54
-18
9
63
-75
13
20
-50
-11
-74
-25
-18
-85
-149
-39
36
96
-31
67
-13
-13
-59
19
28
-13
49
-53
-77
-3
4
1
-31
-35
-53
-5
72
7
24
-61
14
-21
-20
-35
8
-11
74
-34
-52
51
10
28
16
-5
75
-60
-8
21
-45
-26
3
-5
-21
-40
36
-34
-1
49
18
45
13
13
46
-31
-7
69
-7
-31
-18
49
34
22
34
64
-26
71
17
43
12
67
-75
-25
75
5
-25
-18
-23
9
21
-60
-42
30
-44
0
-6
11
79
23
11
56
-87
-73
110
-39
-53
-37
-17
50
-5
-52
-40
-14
-57
-2
-31
90
22
-40
-41
-61
60
-37
-66
58
2
-61
-4
-3
30
-109
-59
20
-40
-66
-24
24
14
12
38
-18
6
76
9
22
1
-3
41
-41
-71
0
26
-3
2
-45
44
94
112
-60
-68
-13
51
50
-38
44
-20
-51
14
51
-14
29
69
-5
101
-9
-41
-7
1
-58
10
-9
28
7
-35
-52
-61
-58
40
15
35
31
-63
-41
107
-44
45
-72
13
48
69
-61
-1
30
-42
48
-36
56
-108
-60
39
71
-34
-2
-44
12
-49
26
3
-63
-57
87
-11
-26
-19
29
60
-46
-6
-66
-41
-49
-51
-31
95
-58
29
37
55
-16
-39
-6
-99
62
5
-92
-31
-27
73
35
-54
-85
36
32
30
-28
63
24
-61
53
-48
-48
-20
-52
-82
6
-94
32
32
23
32
-23
-32
39
-11
-47
-22
35
-47
17
7
15
80
7
65
-4
-91
-5
12
-32
-11
75
-36
-62
-50
5
40
31
-42
-24
-6
-21
-5
0
45
105
42
-50
14
-47
-45
46
22
-1
-44
74
9
-21
-52
-4
26
-74
14
13
-23
14
64
-29
-111
-16
19
38
-11
45
-10
49
-63
17
-34
-149
-41
77
-10
3
-34
-12
13
-70
-39
-23
-25
-26
33
-46
13
50
63
91
-33
-19
21
-85
-50
21
49
-4
7
8
63
25
-78
-24
16
17
-15
2
-27
-65
-135
6
-33
41
-42
28
-5
-45
66
59
-6
-71
-79
-34
73
-108
-64
69
-7
0
40
-14
-24
-25
-41
-53
-25
-39
-68
-25
-85
20
59
51
-13
-39
-1
-113
64
-39
15
-43
64
39
14
18
-19
-85
-43
-38
-121
-35
-74
56
37
38
-48
64
24
-64
-36
22
-19
9
-42
41
-48
-52
-4
16
-26
-8
4
33
24
-118
-1
-152
53
-20
-31
61
82
-146
24
63
53
-93
58
-37
-41
82
-40
17
-78
3
-81
-46
-5
-26
-27
-3
-17
69
-33
-1
8
-63
-42
-79
1
27
1
32
40
31
-26
1
15
-38
74
10
-2
2
-43
68
71
-21
-11
20
-54
43
-32
15
-22
57
-1
-5
-1
-5
16
-41
-28
73
-24
-28
25
98
8
-42
66
-40
54
-20
-32
3
-57
-8
-18
10
-46
60
9
-13
37
-65
36
-15
-32
33
-56
-65
-83
1
98
-25
-35
16
-37
6
36
46
40
-1
-9
59
29
32
30
-82
-59
40
34
19
37
-20
7
47
17
25
41
-61
-44
20
16
-74
-40
0
9
66
-22
-74
-63
69
25
-59
-5
-67
17
-5
-13
-83
46
-8
145
74
3
50
-45
34
-52
-2
-23
-50
-7
6
-1
-30
-31
6
-27
18
34
-35
-43
-49
-46
55
-5
24
-39
-13
87
98
-57
-5
-89
42
-54
31
27
21
-27
-54
14
14
-38
14
0
-34
-38
17
114
56
10
46
37
9
-1
-38
-125
29
33
-43
54
-2
69
-10
-73
28
-12
-97
53
-37
42
-26
15
10
63
-4
13
11
11
54
29
-20
45
-5
-80
29
-28
-15
-68
-46
10
-13
-16
39
-29
52
-17
-4
-24
-66
-1
-2
33
-50
-3
29
13
-13
-50
6
-70
-2
58
-44
-17
-24
59
38
-7
55
47
-65
-11
-20
-13
74
28
18
-113
34
-23
61
38
-25
-93
-35
70
-13
-88
-11
-16
-39
-15
4
-14
-45
37
45
-4
-50
18
-90
19
-89
12
-55
26
5
-55
23
45
-40
-34
23
6
67
39
-11
-15
-17
28
44
-17
35
-43
98
13
58
-65
-47
-67
-50
-10
-77
-45
-35
16
110
-8
-4
20
-57
-75
61
-15
31
-66
-15
-26
13
-26
159
-27
-92
8
64
105
-61
-23
-26
-60
30
3
-25
-96
57
0
-76
-32
-60
-4
-81
-55
-66
33
-35
9
-98
8
24
64
12
28
-51
38
28
0
-68
-43
-31
33
-8
43
-3
5
-67
28
43
53
120
-72
39
-28
-34
-60
8
-5
50
22
-13
107
10
-75
-22
-74
56
-13
-13
-45
-33
-21
13
-55
36
56
-5
33
146
-16
34
-70
-45
-25
-24
-55
-56
-38
-13
-42
93
-25
8
-24
-41
-107
27
41
-50
62
-29
36
35
50
-59
-97
-44
