-28
-40
-44
-20
-21
-8
-37
-64
-77
17
-96
-36
-41
-66
-113
-12
-22
-75
-111
-85
-115
-15
-104
-35
-11
-102
-128
6
-98
-43
-125
-60
-7
-69
-20
-99
-79
10
-128
-66
-90
-64
-107
-33
-104
-63
-21
-13
21
-68
-68
-62
-80
-33
-86
-37
-62
-64
-140
14
-63
-37
-7
-24
-35
-35
-41
-80
-55
-22
0
-67
-21
-90
-27
-72
-6
-10
-71
-33
-47
-27
-48
-69
-80
-37
17
-41
-87
-91
20
-12
-1
-67
-35
-122
-66
-78
-50
-56
-51
-57
-71
-48
-36
13
-50
-47
7
-17
-86
-46
-64
-84
5
-2
-39
-48
-27
-27
-76
-56
-27
-55
-22
-85
-91
-46
-60
-25
-28
-37
17
-78
-57
-52
-9
-20
-44
3
-26
-27
-24
-39
-66
-61
-67
-25
-79
-103
-104
-50
-130
-34
-22
-21
-90
-11
-54
-63
-64
-81
-99
-69
4
-27
17
-13
-41
-38
-18
-86
-76
-21
9
-30
23
-72
-75
-49
-83
-120
-28
-108
-98
-56
-43
-18
-74
-97
-41
-34
-10
-41
9
-59
-96
-40
-105
-77
-7
-33
-45
-38
-74
-22
-39
-53
-65
-28
-61
-84
-99
-35
-83
-7
-53
-71
-23
-136
-105
-52
-46
-107
-44
-34
13
7
-42
38
-108
-46
-71
-81
-49
-46
-58
-64
-9
-45
-69
-68
-68
-76
-58
-84
-66
-70
-39
-71
-29
-54
-31
-57
-37
-35
-75
-31
-63
-97
-105
-77
-28
-33
-43
-34
-46
-114
-65
-61
-74
-77
-58
-17
-56
-94
-21
-22
-41
-57
-22
-45
-64
-62
-4
-117
-42
-21
50
-59
-112
-42
-78
-85
-41
-57
-56
-5
-60
-94
-78
6
-81
-78
-69
-88
17
-75
-65
-57
-57
-34
-8
-71
-88
-87
-39
-89
-29
-21
-66
-27
2
14
-50
-82
-15
-44
-54
-42
21
21
-77
-119
-95
-19
-77
-53
-53
-2
-22
-66
-46
2
-60
-44
4
8
-36
-67
-33
-68
-21
-97
-58
-92
-43
-86
-27
-37
-39
-84
-21
-76
-43
-63
3
-86
22
-90
-58
-51
-74
-27
-35
-60
-84
20
-64
-74
-33
-90
-70
-74
-32
-78
-4
-35
12
-54
-51
-32
-32
-52
10
-65
-15
-100
-44
-29
-56
-51
-24
3
-27
-60
-13
-75
-61
-9
-51
-19
11
-93
-81
-94
-95
-55
-5
-40
-39
-65
-80
48
-29
-39
-106
-79
-13
-115
-46
-18
-87
-23
-51
-81
-42
-11
-68
-87
-28
-115
-74
-28
-43
-24
-64
-20
-55
-43
-75
14
-23
-32
2
-74
-81
-68
-30
-27
-54
-14
-70
-63
-78
-59
25
-9
-47
-19
-10
-59
5
-74
-140
-42
-116
-57
-59
-28
-28
-15
-25
-41
-52
-34
-65
-57
-11
-42
-71
-68
-34
-26
-27
-159
-58
-20
-70
6
-35
-21
-65
-26
-30
-23
-14
-29
-43
-25
-81
-20
-90
-4
-16
-72
-25
-23
-45
-46
-42
-97
-25
-72
-23
-91
-108
-46
-10
-78
-16
20
-15
17
-20
-85
-46
-31
-69
-65
-32
-78
-30
-14
-42
-70
-41
-48
-53
-37
-25
30
-76
0
-76
-29
-63
-25
-65
-89
-3
-63
-6
-104
-58
-52
-39
-80
-48
-66
-39
-54
-19
-71
-52
-94
-9
-32
-72
-47
-89
-100
-35
-33
-116
-4
-24
-47
-26
-93
-22
7
-24
-15
-64
-21
-57
1
-26
-19
-50
-35
-62
-116
-36
-47
-120
-65
-58
-87
-60
-35
-45
-50
-52
-79
-61
-70
-93
-64
-61
-23
-60
-20
-32
-136
-56
-27
-103
-39
-42
-38
-20
-35
0
-48
-1
-36
-41
-30
-94
-60
-76
-24
-50
-28
-80
-63
-15
-12
-45
-20
-62
-68
-60
-35
-22
-48
-61
-32
-6
-42
-21
-13
5
-14
-6
-26
-39
-20
-44
-31
-78
-92
2
14
-23
-70
-68
-72
-69
29
-88
-61
1
-1
10
-90
-57
-117
-34
-68
-136
-45
-57
-81
-93
-18
-101
14
-20
-66
-10
-120
-74
-40
-44
-126
10
-50
-83
6
-50
-68
-54
-11
-72
-95
-36
-73
-46
-46
-62
-31
-29
-146
-84
-39
-69
-9
13
-72
-62
-49
-21
-21
-36
-50
-70
-71
-51
-53
-25
-29
-61
-85
-90
-80
-2
-73
-72
-45
-49
-32
-33
-85
-85
-27
-39
-42
-29
-33
-5
-21
-69
-26
-87
12
-111
-35
-35
-63
-76
-41
-32
-69
-76
-99
-73
-13
-9
4
-68
-40
-89
-46
-60
-37
9
-35
16
-40
-60
-89
-60
-89
-41
-77
-60
-99
-103
-48
-69
-67
-86
18
14
-22
-108
-20
-68
-82
-112
-103
-82
-23
-12
20
-15
-51
-29
13
-23
-41
-39
-63
-43
-22
-77
-75
-65
-11
-53
12
-131
-44
-58
-81
20
-64
-28
-100
-41
-68
-120
-65
8
-161
-51
4
-69
-37
-32
-58
-62
-54
-76
-23
-29
-73
-36
-87
-27
6
-83
-48
-89
-111
-15
-120
-104
-104
-42
-46
-57
-25
-11
-33
-22
-41
-47
-15
15
-21
-10
-51
-19
-131
-15
37
-8
-29
-19
-56
5
-58
-60
-8
-52
-18
-53
-29
-65
-99
-75
-54
-29
-68
-19
-23
-40
1
8
-79
-20
-21
-4
-14
-61
-1
-13
-25
-65
-9
-72
-91
-68
-83
-71
-51
-107
37
-60
-61
-64
-47
-4
-55
33
-23
4
-61
-22
-23
-31
-72
-65
10
-76
-52
-61
-5
-83
-45
-47
14
-37
-95
-64
-168
-55
-19
-71
-55
-33
-85
-18
-78
-73
-68
-68
-63
-60
-31
-116
-12
-1
-4
-58
-40
-29
-40
-120
-97
-103
-43
8
-86
-83
-53
-22
-37
21
-84
-63
32
-37
-128
-31
-51
-63
-72
-89
-135
18
-92
-55
-29
-80
17
-84
-74
-10
-26
1
-22
-32
-45
-39
-110
-7
-53
-22
-38
-103
-63
13
-10
-59
-47
-71
-44
-94
-58
-58
-66
-47
-76
-62
-62
-68
-20
-4
-77
-87
-70
-51
-82
-45
-73
-38
-73
-83
-24
-6
-27
-97
-80
-36
-34
-36
-86
-108
-66
-72
0
-35
-101
-68
-59
-66
37
-18
-56
-1
-24
-120
-46
-120
-10
-87
-23
-96
-52
17
-20
-116
-70
-47
-9
-46
-60
-47
-13
-68
-111
-44
-85
-105
-4
-12
-51
-90
-90
-32
-67
-22
-22
-89
-44
-77
-89
-47
-2
-15
2
12
14
-43
-39
-51
-1
-41
-87
27
-88
-90
-105
2
-18
-60
-83
-45
21
-36
-34
-47
-76
-25
-63
0
-56
-56
-68
-1
-7
-58
-72
-41
-78
-96
-52
-48
11
-78
-11
-61
-90
-30
-70
-67
-65
-125
-73
-63
-25
-52
-21
-56
-65
-101
-3
-27
-11
-27
-51
-63
-52
-60
-55
-18
-41
-60
-81
-34
-16
-79
-43
-34
-29
-140
-10
-26
-72
-56
-79
-23
5
-37
-2
13
-12
-33
-71
-40
-50
-139
-56
-60
-56
-68
-80
-64
-84
-44
-98
-69
-10
-17
-29
-39
-87
-60
-53
19
-32
-52
20
-19
-44
-76
-79
-64
-45
-58
-83
-25
-61
-99
-56
1
-26
-70
-57
-5
-52
-27
-107
-55
-68
-2
-52
-70
-56
-19
-104
-44
-64
-58
-75
-102
-86
-9
-54
-101
-39
-39
-61
-2
-76
-5
-17
-37
0
-43
-70
-11
51
-63
-79
-76
-77
-34
-39
-55
-60
-75
-53
-46
-14
-38
-40
-79
-80
-85
-68
-48
-54
-56
-58
-71
-35
-50
-37
-136
-59
-72
-39
-37
-78
-24
-116
-24
-72
-103
-54
-88
-11
-21
-85
-34
-63
-23
-24
-51
-61
-44
-36
2
-77
-19
-115
-85
-9
23
-64
-100
-69
-32
-79
-43
-20
-48
-55
-15
-21
-50
-8
27
-1
-77
-33
-21
-86
-69
-70
9
-6
22
-28
-104
-20
-107
-49
-76
-38
-57
-74
-42
13
-8
-61
-44
-21
-46
-6
-42
-26
-69
-9
-65
-68
23
-52
-116
-33
-47
14
-75
-82
-69
-14
-19
-64
-104
-78
-33
-64
-116
-49
-38
-2
-100
-57
-74
-5
-39
-57
-1
-65
-58
-52
-15
30
-27
-25
-54
-147
-39
-95
-54
-62
-66
-24
-38
-36
24
-66
-62
-51
-7
-7
-103
-52
-86
-70
-1
-14
-26
-9
-85
-89
-63
-35
-46
-43
-64
-15
-29
-42
-8
-104
-132
-15
-76
-66
11
-70
-72
-46
-66
-73
-117
-25
-69
-96
-77
-122
-8
10
-33
-49
-34
-11
-47
-73
-52
-135
-77
-163
-8
-64
-107
-158
-7
-86
-42
-27
-77
-98
-72
-10
-85
-12
-94
-39
-45
-61
-22
-81
-54
-63
-27
-46
-89
-47
-77
-41
-46
-18
-138
-37
-119
-52
-50
-40
-32
-51
-33
-23
-79
-82
-140
-71
-72
-57
-61
15
-43
-88
9
-106
-62
2
-43
-59
-83
-37
-62
-29
-47
-11
-9
-42
-83
-22
-48
-46
-51
-44
-40
9
-7
-75
-56
-33
5
-59
-67
-53
-61
3
7
-127
-75
-35
-7
-76
-16
-42
-73
-71
-63
-76
-72
-77
-31
-69
-49
-24
-72
-51
-73
-55
-85
25
-10
-2
-86
-24
10
-68
-88
-35
-14
-38
-48
-47
-2
-20
-147
-100
14
-58
-45
-157
-36
-53
10
-90
-41
6
-38
-78
-33
-48
-40
-61
-33
-120
-111
-61
-125
-8
-83
-73
-56
-35
-51
-9
-115
-98
-72
-69
-78
-62
-60
-50
-77
-26
-19
22
-21
-22
-53
-70
-67
-41
-33
-44
23
-59
-21
-26
-36
-47
-98
-45
-25
-23
-35
-60
23
-78
-31
-44
-72
-96
9
13
-58
-77
1
-25
-71
-26
-76
-95
-46
-75
-36
-94
-22
-27
-39
-5
-13
-59
-102
-1
-66
-50
-19
-69
-33
-52
-122
-51
-41
-40
-43
22
-58
-49
-67
-81
-26
-100
-36
-31
-90
-22
-45
-10
-74
-55
-84
-61
3
-100
7
-66
-89
-51
-89
-79
-56
-78
-88
-33
-70
-79
-102
-36
-116
-66
-76
-116
-78
3
-71
-40
-108
-83
-58
-26
6
-47
27
-58
-32
-31
-21
-72
-5
-69
-27
-9
-24
-25
26
-35
-83
-56
-86
-23
-54
-52
-80
-65
-34
-51
-47
21
-89
-26
-67
-44
-25
-84
27
-39
-71
-101
-48
-83
-67
-51
-66
-70
-35
-11
-119
-128
-72
-69
-68
-10
-85
-91
7
-34
40
-27
-27
-13
10
-62
-39
-38
-2
-11
-46
-69
-35
-23
-41
-9
-54
-52
-81
-64
-15
1
-32
-80
-29
-14
-48
-38
-126
-75
-28
-17
-60
-47
-6
-82
-111
-56
-44
-20
-76
-40
-55
-24
-70
-20
-98
-45
-20
-96
-58
-29
-73
-124
-51
-40
-38
-69
-22
-74
-35
-53
-91
-59
-121
-26
7
-73
-89
-16
-10
-70
-52
-87
-81
-50
-50
-48
-55
-72
2
-65
25
-63
-5
-31
-29
-64
-19
-69
-37
-91
-61
-111
-85
-50
-69
-62
-47
-34
-66
-60
-36
-72
-53
-40
-65
-28
-30
-61
-57
-91
-79
-110
-3
-97
-85
-25
-10
-12
-4
-37
-53
-82
-50
-31
-21
-46
-55
-34
-28
-75
-13
-39
-68
-43
-20
-45
-78
-27
-24
-48
-65
-41
-77
-6
-31
-140
-48
-38
-30
-59
3
-32
-24
-52
-33
-57
-51
-25
-81
5
-17
-118
-33
-11
19
-39
-5
-21
-19
-5
-54
-76
-75
-21
-44
-25
-28
-86
-5
-101
-14
-54
-19
-51
-102
-25
-53
-69
-23
-69
-62
-74
-81
-37
-15
-78
-116
-8
-60
-26
-26
-83
-32
-19
-40
-54
-87
-92
-73
-38
-86
-72
-23
-35
-106
-20
-8
-44
-40
-77
-18
-84
-51
-27
-108
-8
-61
-28
-48
-25
-51
-60
-50
-82
-112
-36
19
17
-47
5
-115
-28
-79
-29
-54
-2
-47
-53
-53
-74
-57
-22
-1
-51
-49
-35
-51
-41
-58
-15
-140
-9
-78
8
26
-39
-46
-2
-46
-21
-73
-1
-121
-57
-2
-100
-55
-16
-58
-28
-19
-107
-27
-77
-58
-48
-19
-69
-63
-86
-105
-76
-80
-95
4
0
-20
-28
-64
-10
-34
-75
-35
30
-33
-93
-32
-65
-35
-28
38
-27
-60
-26
-31
-21
-19
-58
-40
-60
-81
8
-64
5
-37
-65
-13
-16
-25
-16
-46
-66
-89
-77
-68
-82
-119
-27
-31
-91
-50
-50
-88
-4
-55
-37
-58
-63
-10
-50
-85
-93
-14
-72
-37
-35
-55
-48
-99
13
-79
-85
-94
-31
-58
-63
-51
-21
-60
-19
-40
-24
-68
-61
-31
-45
-61
-125
-80
-86
-68
-93
22
-83
-66
-30
-110
-53
-22
-14
15
-62
-59
-49
-27
-31
-5
-62
-63
-87
-49
-65
-87
-43
-51
-38
-21
-83
-53
18
-26
-35
-45
-115
-1
10
33
-64
-64
-77
-59
-63
-55
-2
-31
-44
-51
-67
-62
-83
-17
-74
-47
-45
-29
16
2
-66
-6
0
-24
-86
-39
-72
-34
-59
-45
-58
-71
-15
-134
-58
-37
-18
-49
-122
-11
-26
-44
-34
-64
-6
0
-62
-72
-39
-47
-71
-73
-18
-4
-51
-16
-124
-45
-45
-69
18
-22
-83
-42
-76
-89
-44
-39
-60
-90
-30
-6
-28
-18
-32
-70
-59
-20
-26
-88
-45
-53
-41
-64
-14
-49
-1
-83
-47
-99
-19
29
-35
-29
-13
-55
-74
-51
-85
-35
-79
-77
-87
-34
1
-53
-69
-54
-15
-62
-67
-72
-24
-48
-70
-34
33
-27
-52
10
-17
0
-55
-27
-36
-67
-45
-47
-38
-17
-21
-101
-121
-45
-54
-75
-111
-42
-32
7
-57
7
-45
-25
-77
-83
-51
-52
-94
20
-55
-66
-15
-67
-63
-119
-70
-20
-76
-32
-103
-47
-18
-80
-53
-60
27
-26
-27
-29
-81
-37
-102
-60
-21
-21
-70
0
-121
9
-37
-40
-70
-23
-81
-46
-14
-93
-28
-28
-75
-58
-26
-50
-62
-60
-43
-50
31
-22
-72
-108
-23
-24
-75
-11
-26
-18
-70
-64
-25
-31
-13
-38
-28
-31
-52
-46
-12
-95
11
-111
-81
-107
-43
-33
-29
-67
-4
-88
-80
-37
-61
-4
-18
-35
-65
-18
-72
-22
-40
-61
-87
-9
-36
-60
-20
-76
-22
-35
-71
-69
-31
-8
-68
-65
-74
-39
-69
-40
-90
-80
-65
-90
-1
-54
-37
-69
-83
-78
-64
-104
3
-25
-40
-37
-97
-24
-63
-26
-8
-78
-50
-55
-48
-23
-88
-25
-78
-42
-32
-27
-54
-8
4
8
-33
-62
-18
-46
-59
-2
-26
-63
-120
0
-57
-17
14
-42
17
-14
-66
-21
-120
-52
-43
-47
-38
-31
-83
-10
-17
-83
4
-9
-93
-61
-62
-76
-55
-29
-48
-82
-45
-21
-42
-76
-86
-70
-39
-45
-124
-10
-66
1
-120
-63
-17
-81
-89
-72
-26
-18
-11
-98
-48
-37
-85
-88
-93
-19
-13
-100
-28
-53
-94
-87
-51
-32
17
6
-22
-66
-68
-70
-14
7
-91
-1
-75
-6
-33
-55
9
-85
-135
-70
-51
-64
-54
-35
-81
-19
-4
-19
-16
-76
-61
-56
-64
-73
-71
-73
-85
-91
8
-14
-73
-22
-30
-39
-85
-60
-51
8
-26
-9
-28
-8
-69
-17
-53
-34
-44
-64
-55
-36
-27
-62
-81
-24
-23
-46
-7
-68
-80
-64
-23
-91
-2
-2
-63
-60
-39
25
-111
-59
-58
-41
-45
-71
-55
-19
-58
-28
8
-59
-48
-55
-126
-58
-63
-25
-43
-61
-21
-26
-20
-86
1
-13
-51
-34
-64
0
-127
-54
-124
-42
-127
-39
-72
-77
-24
7
-21
-35
-41
-32
-50
-5
-80
-33
-22
-26
-79
-113
-28
-161
-87
-50
-44
-15
-69
-119
-15
-66
-124
-127
-44
-63
-68
-20
-68
-20
-11
-63
-9
-102
-1
-63
-69
-100
-101
-55
-49
-28
-41
-28
-15
5
-107
-37
-2
-11
-95
-99
-4
-91
-55
-108
-1
-77
-85
-10
-28
-27
-27
-6
3
-70
-27
-111
-56
-79
-16
-42
-59
-74
-69
-38
-68
-45
-39
51
-22
-68
-81
-81
-56
-60
-30
-22
-5
-92
-45
-26
-49
21
-61
-80
-73
23
-46
-62
-47
-80
-33
-43
-45
-57
-24
0
-74
-7
-46
-39
-63
-58
-81
-28
-63
-69
-51
-99
0
-51
-27
-124
-93
-24
-120
9
-31
3
-84
-10
-28
-75
-68
-68
-112
-28
-24
-61
-40
-70
-1
-65
-82
-37
-33
-44
-81
-44
-53
-91
-26
-51
-39
-83
-59
-35
-80
-22
-40
-41
-93
-61
-49
-78
-6
-90
-1
-34
-39
22
-51
-49
-96
-35
-22
-114
-51
-98
-79
-78
-82
-62
-95
-59
-14
-55
-79
-67
-9
-29
-16
-53
-73
-21
-82
-69
-29
-63
-154
-29
-131
-45
-121
-5
-40
-45
-61
-68
-43
-85
-77
-39
-21
-84
-6
11
-82
-44
-95
-103
-36
-26
-75
-7
-47
-38
-11
1
-3
-38
-19
26
-26
-71
-69
-51
-55
-24
-91
-8
-46
-83
2
-40
-55
-51
-46
-17
1
-38
-78
-111
-15
18
-83
-21
-15
-57
-80
-36
-71
1
-51
-17
-72
-113
-81
-42
-61
2
-101
-71
-18
-77
-11
-90
-58
-95
-119
-8
-90
-35
-22
-93
-43
-35
-102
-42
-33
-55
-105
-101
-69
-22
-65
-39
-119
-46
-12
-26
-100
-45
-79
-36
-75
-88
13
21
37
-46
-80
-28
-58
-100
-46
-31
-82
-116
-54
-31
-75
-56
-22
-32
-71
-69
-32
-45
-35
-63
-28
-52
-37
-29
-6
-52
-63
-79
0
-83
-76
-22
-62
-75
-55
-98
-62
8
-95
-44
-58
-83
-75
-124
-79
32
-55
-39
-26
-99
-9
-26
-41
-102
-30
-64
-74
7
-36
-111
-35
-73
-117
-90
-19
-57
-52
-41
-76
-88
-85
-39
-83
-37
-34
-86
-20
-16
-51
-18
-73
-73
-26
-70
-106
-41
-54
-46
-1
-24
-50
-41
-110
-36
-62
-53
9
-84
-21
-31
-77
23
-46
39
-8
-24
-4
-111
-64
-101
-34
-69
-25
-18
26
-9
-105
-6
-75
19
-37
-72
-27
-71
-29
-2
-63
-69
-85
-58
-62
-63
-66
-29
-64
-80
-90
-78
-62
-77
-93
-27
-8
-79
-19
-4
-65
-32
-22
-28
13
-11
-79
-61
16
-24
-66
-30
-42
-62
-26
-90
-62
-86
-10
-24
-89
-61
-25
-85
-101
-26
8
-76
-131
-40
-82
-50
-62
-48
-14
-85
-24
-51
-71
-24
-106
2
-115
-64
-92
-15
-50
-37
-77
-116
-33
-28
-72
-46
-71
-69
-89
-31
-88
-56
-86
-13
-109
-38
-91
-106
-63
-82
-62
-61
-17
-12
2
-22
-62
-65
-91
-64
-45
-66
-41
-68
-92
-56
-92
-33
-59
-6
-82
-23
-38
-103
-41
-63
-15
-62
-25
-155
13
-20
-86
-73
-44
-70
-31
-46
-56
-73
-89
-76
-3
4
-76
-47
-32
-54
23
-35
-4
-30
-88
-88
-89
-5
-105
-70
-20
-94
-32
-90
-47
-20
-72
-21
-66
-75
9
-17
-25
7
-28
-28
-53
-24
-33
-8
-47
-45
-27
-58
37
-91
-26
-65
25
-26
-88
-31
-55
1
-50
-51
-15
-36
-68
-69
-91
-29
6
-1
-55
-23
-8
-92
-46
-12
-19
-72
-63
-66
19
-38
-49
-52
-41
-70
-77
-30
-62
-86
-51
-52
-102
-10
-22
-60
-84
-48
-13
-6
-2
-59
-95
-24
17
-81
-28
-66
-93
-44
-61
-28
25
-51
-38
-53
-60
-75
-34
-81
-41
-41
-32
-55
-52
-14
-76
-45
-104
-28
-26
-3
-35
-17
-121
-73
-77
-30
-64
-54
8
-22
-1
-21
-31
5
-53
-48
-52
-98
-76
-23
-44
-63
-68
-68
-58
-57
7
-15
-61
-87
5
-34
-16
23
-77
-99
-70
-70
-82
-30
-57
-49
-38
22
-57
-8
-52
-88
-64
-76
-76
-39
-68
-91
-69
-66
-64
-30
-103
-51
-26
10
-87
-54
-78
-72
-48
-88
-21
-70
-90
-71
-57
-90
1
-48
-20
-77
-60
-106
-16
-66
-59
-23
-55
-21
29
-75
-61
-44
-8
-50
-56
-63
-95
-54
-41
-78
-53
-76
-88
-12
-90
-92
-44
-58
-64
-70
-45
-15
-39
-61
10
-51
-90
-16
-28
-42
-78
-99
-3
-69
5
-55
-18
-28
-78
-49
-47
-46
12
-24
-79
-9
-92
1
-45
-25
-27
-51
26
-102
-79
-19
-64
-46
-65
-53
-143
-63
-106
-66
-25
-152
-69
-25
-30
-61
-78
-52
-101
-83
-66
-48
-12
-62
-77
-7
-42
-77
-55
-44
-32
-55
-35
-18
-28
-47
-93
1
-44
-45
23
-62
-12
-25
-104
-15
-15
-22
-58
-53
-36
-38
-66
-58
-67
-40
-57
-132
-28
-40
-53
-71
-79
-23
-76
-42
-38
-70
-105
10
3
-67
-72
-76
-32
-74
-25
-17
-32
-18
-61
-36
-26
-14
-32
-25
-19
-11
-20
4
-38
-25
24
-47
17
-59
-40
-30
-52
21
-44
-20
-48
-6
-57
-23
-52
22
-37
-18
-30
-53
-86
-71
-69
-83
-51
-16
-22
19
-55
-75
-98
-71
-62
-100
-75
-19
-73
19
-65
-34
-46
-26
-59
-17
-47
-94
-22
-72
-28
-14
-15
-60
-15
-77
7
-87
-65
-67
-84
-65
11
-70
-103
-18
-90
-28
-52
-62
-74
-52
-72
-85
-30
-69
-80
19
-47
-64
32
-61
-91
10
-80
-37
-46
-21
-82
-57
-87
-37
-77
-79
-70
-62
-101
-86
14
-26
-49
-157
-61
-63
-55
-86
-102
-45
-52
-59
-114
-73
-28
-51
-36
-45
-88
-42
-101
-66
7
-66
-15
-45
-54
-136
-4
-9
-61
-63
-50
-85
-80
-31
-95
-25
5
-53
-39
-71
-72
-56
-45
-14
-27
-111
-80
-7
-81
1
-80
-17
-33
-108
-31
-82
-67
-86
-59
-80
-46
-25
-43
-135
-56
-43
50
-27
3
-44
-68
-67
-77
-66
-65
-75
-36
-71
-76
-38
-28
-80
-61
-13
-30
-6
-51
-71
-41
-21
-27
-34
-30
-72
-79
-76
-62
-4
-37
-72
-47
-69
-44
-13
-25
-103
-26
-19
-59
-31
-57
-67
-19
2
-61
12
-22
-90
-80
-76
-4
-31
-100
-44
-74
-2
-32
-22
9
-34
-12
-25
-60
-91
-78
-54
-71
-22
4
-39
-62
22
-73
-65
-76
36
2
-22
-74
-64
-44
-15
18
-104
1
-38
26
-85
-17
-19
-82
6
-57
5
-12
-82
-1
-51
-67
-47
-25
-76
1
-29
-59
-30
-34
-84
-89
-44
-87
-33
-53
-20
-50
-58
-89
-65
-53
-48
-26
22
-63
-51
-69
-71
-29
-76
-39
-47
-107
-46
-39
-67
-78
-32
-56
-22
-92
-7
-47
-33
-110
-19
-27
-68
-68
-13
2
-54
-95
-42
-42
8
-19
-53
-109
-72
-46
-65
9
-55
-12
-103
-42
-44
-64
-74
-17
-99
-66
-88
-29
-22
-73
-78
-83
-18
-21
-27
-25
-71
-27
-24
-85
-25
-24
-25
-58
-27
-118
-108
-29
-56
-25
-75
-49
-44
-50
-68
-3
-107
-27
-44
-76
-28
-7
-31
-40
-53
-14
-69
1
-53
-80
-28
-30
-27
-22
-25
-1
-6
-55
-40
-56
-52
-39
-19
-73
-18
-42
-28
-33
-58
-26
-2
-41
-104
-3
-57
-52
-41
-93
-103
-78
-69
17
-9
-86
-74
-9
-39
11
-57
-56
-13
-28
-58
-68
-78
-4
-106
-61
-13
-86
-72
-45
-132
-120
32
-43
-22
-58
9
-37
-65
-44
-56
-23
5
-9
-16
-24
-59
-26
-150
-37
-76
-28
-65
-59
-71
-64
-11
-48
-67
-36
-39
-69
-14
-77
-38
-39
-69
-29
10
-56
-78
-73
-56
-8
-25
-62
-55
-78
-39
-60
-45
-93
-79
-115
-111
-84
-14
-22
-27
-83
-47
-20
-76
-54
-80
-33
-44
-40
-63
-23
-32
-8
-2
-39
-76
-36
-37
-80
-2
-64
-29
-101
-38
1
-99
-161
-74
-23
-18
-34
-54
-127
-42
-79
-40
-51
-49
-37
-33
-33
-94
-49
-19
-120
-31
-35
-51
-72
-64
-24
-27
-82
-53
-93
-32
2
-26
-52
-10
-82
1
-47
-91
-40
-94
-76
17
-46
26
-48
-24
-37
-75
-49
-31
-75
-78
-53
-35
-8
10
-65
-42
-33
-54
-35
-42
-29
-8
-51
-154
-87
-13
-30
-75
-37
-71
-2
-79
5
-5
-48
-68
-56
-40
-75
-28
-49
-51
-23
-4
-88
-94
-32
-2
-70
-47
-25
-43
-21
-45
-26
-30
-69
-28
-14
-44
-69
-48
-30
-59
-66
-60
-41
-41
-32
-75
3
-98
-16
-66
-49
-11
-21
-47
-70
-29
-29
-17
-61
-12
-1
-65
-5
-73
-22
-78
-69
-63
-13
-19
-120
-20
-91
-98
-80
-54
-41
-93
-36
-66
-76
-28
-19
-25
-52
-70
-77
-50
-22
-64
-51
-16
-27
-25
12
-47
-95
-20
-145
-32
-33
-58
-56
-105
-46
-57
-86
-70
-62
-78
-17
-69
-77
-1
-84
-98
-91
-89
6
-87
-79
-19
-103
-72
-57
-41
-59
-30
-30
2
-85
-67
-77
-33
-76
-2
-38
-64
-60
-68
-37
-39
-89
-70
-115
-54
-27
-91
-39
-58
-61
32
-48
-45
-105
-4
-5
-36
-53
-42
-61
-45
-55
-32
-117
-18
-32
-43
-14
8
-66
-70
-65
-111
5
-47
-57
-41
-58
-60
12
-43
-28
-52
-44
48
-82
-28
-47
-23
-20
-31
-55
-31
-38
-44
-41
-53
-20
-84
-71
10
-29
-104
-107
-44
-27
-62
-90
-28
-65
-117
-102
-47
-43
-29
-51
-49
-79
-89
-48
-16
-45
-39
-21
-32
-76
-78
-113
-41
-10
-41
-11
-30
-53
22
-2
-72
-32
21
-21
-61
-72
-61
-54
-21
-37
-13
-9
-77
-48
-63
-36
-24
2
4
-10
-32
-35
-87
-63
-40
-82
-72
-55
-76
-84
18
-21
8
-21
-29
-36
7
-81
-45
-116
-29
-26
-17
-35
-34
-88
-18
-11
-64
-53
-83
-10
-41
1
-40
-63
-27
-80
-62
4
-100
-45
-58
7
-28
-99
-58
2
-78
4
-82
-39
-4
-29
-71
-12
11
6
-73
-91
-17
-22
14
36
-24
-41
-65
-20
-115
-12
-51
-32
-18
-24
-42
-72
-88
-79
-4
-11
-40
-43
-86
-27
-88
-46
-11
-125
-62
-51
-125
-105
-88
-39
-107
-70
-39
-43
-46
-35
-63
-69
22
10
-93
-66
7
-128
-2
13
-59
-5
-36
-55
-57
-10
-7
-20
-83
-71
-54
-67
-59
-15
-63
-9
-61
-53
-20
-36
-20
-87
20
-58
-47
6
-35
19
-79
-28
-17
-102
-21
-98
-87
-84
-54
-75
-48
-46
-120
-91
-43
-45
-42
-6
-117
-116
-32
-71
-17
-75
-62
-74
-55
-74
-111
-82
-77
-88
-20
-76
-35
-21
-72
-82
-78
-63
-136
-44
-48
-57
-32
-15
-71
-106
-66
-60
14
-77
-38
-38
-75
-92
10
-37
-77
-34
-32
7
-49
-36
-67
-50
-2
6
-10
-90
-30
-26
-63
12
-42
-64
-27
-86
-103
-79
-63
-34
-145
-93
-61
-66
-13
-14
-90
-79
-47
-104
-44
-23
-21
-83
-53
-71
-52
-111
-39
-62
-70
-31
-89
-22
-34
-46
-41
-79
-21
-85
-1
-68
-48
-48
-76
-9
-79
-14
-76
-53
-49
-72
-102
-155
-20
-28
-26
-24
-79
-18
-64
-15
-38
-61
-61
-93
-18
-65
-42
-86
-11
-54
-101
-85
-77
-72
-71
28
-19
-75
-76
-80
-52
-52
-25
-69
-78
-84
-29
-61
-46
-66
-76
-33
-28
-71
-85
-18
-103
-66
-54
-50
-68
-75
-72
33
-74
-20
-70
-8
21
-82
-16
-97
-52
-64
-43
-66
9
-48
-78
-103
-14
37
-98
-52
40
1
-48
-27
-32
-15
-77
-81
-53
-25
-63
-31
-56
-24
-66
-21
-51
-56
-86
-24
-69
-63
-39
-50
-3
-116
-49
-37
1
-27
-47
-48
-53
-67
-36
-41
-40
-21
-57
-30
-27
-67
-19
26
-18
-20
-10
-24
-53
-47
-41
-72
-25
-83
-28
-19
2
-85
-22
-49
7
-25
-55
-96
-43
-17
21
-98
-41
-48
-24
-5
-20
-8
-70
-104
-31
-55
-75
-4
-58
-27
-62
-31
-61
15
-59
-20
-102
-7
-81
-4
-32
-110
-32
-102
-62
-75
-15
-117
-79
-34
-82
-56
-55
-45
-66
-48
-3
-59
-80
-20
-32
-26
-57
-6
-53
-69
-101
29
-50
-37
9
-53
-132
-29
12
-61
-86
-43
-71
-7
-61
-134
-37
-33
-74
-124
6
-84
-53
14
-64
-124
-4
-28
-33
-50
-61
-49
13
-28
-74
-1
-7
-25
16
-51
6
-22
23
-36
-77
-102
-75
-33
-94
-67
26
-54
-50
-98
22
-16
-48
-80
-110
-87
-53
-70
-32
-38
-64
-13
-92
4
-74
-68
-45
-80
-69
-22
-93
-69
-37
-43
-92
-71
-58
-3
-62
-41
-25
-134
-118
-50
-55
-86
-73
-60
-44
-42
-90
-79
0
-10
-35
-139
-54
-62
-46
-43
8
-99
-97
-53
-72
-36
13
-5
-35
-58
0
-53
-21
-8
-40
-64
2
24
-102
-70
-66
-57
-84
-27
-66
-52
-26
-78
-76
-13
-66
15
-81
-18
-54
-35
-38
-29
-79
-67
-78
-38
-42
-21
-39
-6
1
-64
32
-66
-71
-51
-69
-69
-15
-34
18
-28
-75
-34
-55
-125
-100
-61
-29
-150
-72
-18
37
-51
-81
-46
-73
-92
-40
-63
-59
-102
-72
-121
-28
-83
-39
-26
-51
-48
-90
6
-22
51
-87
2
-60
37
-52
-38
-66
-32
-93
-95
-82
-66
6
-40
-29
-40
-73
-12
-43
-59
-83
-41
-47
-84
-71
-45
-28
-47
25
-27
-29
-105
-50
-20
-119
-58
-94
-72
-115
-14
-24
-51
-65
-85
-82
10
-6
-124
-78
-95
9
-103
-105
-70
-42
-99
-40
-27
-96
-62
-53
-58
-44
-78
-36
-88
-121
-99
-43
-161
-58
-85
-31
-72
-88
-20
-47
-68
-137
-58
-54
-103
-115
-37
-1
-60
21
-41
2
-25
-55
-71
-120
-22
-25
-122
-77
-79
-46
-63
21
-22
-34
-41
-15
-47
-115
-26
-72
-59
-16
-26
-28
-51
-38
25
-68
-9
-81
-21
-15
-53
-41
8
-105
-82
-65
-25
-74
-104
-143
-38
-45
-24
-40
-1
-58
-66
-20
-6
-16
14
31
-42
-32
-30
-89
-4
-20
-28
-83
-73
12
-22
-114
-163
-79
-25
-100
-52
18
-71
-8
-46
-98
-6
5
-71
-72
-8
-62
-53
-7
-43
-48
-81
-79
-43
-51
-44
-58
-47
-22
-7
-30
-84
-105
-30
-27
-22
-32
-50
-49
-81
-97
-37
-126
-53
-53
-35
-150
-65
-1
-53
-34
-128
-37
-119
-66
-89
-54
-66
-38
-34
-35
-41
-14
-127
1
-40
-89
-18
-64
-22
-41
-9
9
-39
-82
-94
-37
-58
23
-122
-53
-55
-69
-59
-90
8
-32
-57
-58
-82
-78
12
-90
9
-53
-49
-74
-92
-55
-86
-54
10
-44
-28
-47
8
-80
-45
-4
-27
-62
-72
-34
-65
-20
-129
-108
22
-45
-9
-26
-25
-37
-44
-59
-8
-11
-35
-114
-76
-103
-86
-40
-41
-19
-4
-36
-17
-87
-50
-9
-67
-57
-68
-75
-26
13
-57
-100
-1
-48
-16
-71
-34
-42
-65
-64
-21
30
-94
-22
-78
-120
21
-72
-27
-87
-64
-9
-31
-59
-83
-71
-55
-76
51
-77
-61
-59
-69
-20
-73
-44
-41
-53
-86
-33
-46
-63
-108
-35
-36
-75
-9
-110
-49
5
2
-28
12
-74
-85
-42
-35
-35
-90
-64
-47
-86
-31
-55
-39
-84
-8
-34
-68
-5
-70
-87
-23
-4
-32
-18
-56
17
-21
12
-21
-53
-90
3
-103
-58
-94
-77
-44
-28
-29
-72
-16
-73
-67
-55
-55
-38
-14
-44
-21
-60
-91
-71
-22
-123
-60
-25
-29
-65
-52
-90
-112
-55
-46
-37
-77
32
-24
-81
-11
-28
-56
-46
-76
5
-68
-84
-69
-105
-82
-37
-34
-52
-41
-65
-42
-46
-42
-9
-35
-68
-81
-40
-60
-59
-35
-65
-80
18
-35
-79
-125
-104
-89
-35
-15
-65
-71
-87
-26
-58
-49
-53
-67
-7
-61
9
-59
-54
22
-58
-59
1
-64
-59
-51
-9
-54
-121
-43
-91
-62
-27
-53
-21
-89
-101
-26
30
-50
-22
-38
-29
-90
-27
-52
-48
-24
-34
-50
-78
-81
-44
-56
-19
-6
-90
-80
-14
-68
-19
-68
-92
-11
-28
-39
-83
-55
11
-25
-57
-100
-13
-39
4
-48
-46
-46
-120
-50
-32
-19
-136
-90
-100
-69
-76
-18
-2
-23
-61
-6
-31
-31
-40
-59
-34
-80
-52
-47
-18
-26
-53
-77
-68
-58
-78
-46
-63
-21
-7
-56
-16
-14
-18
-43
-70
-20
-58
-4
-32
-82
-72
-115
-58
-20
-17
-22
-12
-36
-119
-76
-83
-72
-23
-44
-10
-19
-79
-72
-24
-41
-44
-46
-43
-51
-21
-110
-20
-68
-82
-104
-18
-58
-59
-4
-63
-7
-95
-33
-108
-53
-57
-14
-76
-76
-74
-50
-103
-24
-41
-41
-26
-74
-68
-8
-82
-79
-10
-112
-77
-59
-17
-51
-80
-40
7
-98
-23
-46
27
-19
-32
-21
-15
-74
-32
-81
-100
-42
12
-47
-27
4
-77
-71
-94
-26
-44
-31
-90
-41
-44
-63
-61
-44
-56
-66
-54
-59
-101
-46
-24
-68
-51
-47
-66
-114
-56
-1
-5
-66
-34
-72
-88
-48
-136
-28
-62
-66
-46
-51
-23
-101
-49
-31
-47
-33
-54
-71
-27
-42
-71
-92
-44
-103
-24
-47
-46
-9
-71
-34
-30
-34
-15
-46
-6
-28
-64
-10
-65
-86
-75
-7
-20
-78
-71
-97
-19
-24
-82
-15
-21
-105
-45
-137
-49
-63
-77
-15
38
-107
-76
-143
-60
12
-56
10
0
-35
-38
-138
-24
-47
-34
-8
-75
-9
-32
-89
-55
-75
2
-27
-10
-85
-66
-6
-25
-79
-42
-29
9
-80
-19
-11
-62
-80
-80
-54
-76
-63
-41
-48
-92
-36
-21
-101
-61
6
-50
-71
-13
-37
-84
-38
-60
-59
0
-119
-21
-81
-25
-46
-17
-106
-119
-36
-80
-82
-1
-48
-57
-75
-60
12
20
-1
-87
23
-83
-81
-33
-66
12
-48
-4
-19
-73
-22
-22
-2
-35
-41
-87
26
-43
-36
-32
-41
-98
-107
-41
-79
-24
-34
-38
-107
-45
-34
-97
-25
-61
-77
-61
6
-41
-54
-98
-71
-29
-73
-53
-44
4
-98
-25
-120
-71
-23
-66
-53
-79
37
-63
-50
-68
-40
-102
-43
-16
-40
-20
-11
-36
20
-72
-34
-63
-70
-98
6
5
-62
-90
-67
-48
-10
-24
-48
-60
-70
-103
20
-81
-43
-69
-89
-80
-8
21
-77
-92
-13
-52
-109
-57
-79
-50
-54
-42
-61
-33
-41
-19
-23
-31
15
-2
-34
-62
10
-69
-43
40
-45
40
-109
-4
-83
-30
-14
-56
-11
-39
-58
-41
-94
-37
11
38
-41
-98
-56
-49
-18
-21
6
-24
-49
-69
-80
-44
-27
-62
-91
-5
-19
-43
-97
-66
-26
-47
-70
41
-22
-1
-71
-23
-44
-41
-34
-64
25
-55
-61
-1
-22
-59
-55
-26
-38
-48
-49
-27
-68
-76
-10
-98
-47
-50
-64
-10
-107
-98
-77
-83
-51
4
-34
-55
-70
-70
-78
-72
-8
-78
-38
-68
-46
-44
-12
-78
-32
-41
-62
-64
-57
-48
-6
-57
-35
-17
-12
-139
-83
-72
-56
-34
-43
-59
-102
-60
-18
-117
-72
-32
-62
-26
-28
-50
-41
-21
-117
-75
-70
-5
-92
-86
-20
-37
-34
-35
-35
-67
-64
-19
-50
-54
-106
-41
-54
-41
