27
-61
1
-41
-34
-5
0
8
-5
-13
1
40
-6
4
-91
43
-32
18
1
6
-61
-23
-70
-6
-84
74
31
-28
0
-12
-16
78
-33
41
71
7
-45
-14
-84
-7
7
-30
-34
12
75
-16
-61
-35
-36
-17
-70
70
-71
-12
39
46
-10
-49
18
-31
-56
-43
23
39
-24
-16
32
51
43
34
-45
-21
-15
1
95
-34
42
19
72
-9
-26
-68
19
-14
10
44
54
5
72
-2
14
52
3
20
-21
-54
-2
18
9
-42
32
-74
-77
4
-28
-52
-90
-22
2
-55
5
36
-58
8
-3
18
-34
-77
-4
-11
118
16
-18
-44
-11
131
10
2
-66
-31
-16
-88
3
-34
-114
-49
-14
-127
-25
50
24
-98
8
-6
102
65
-111
-55
41
9
-45
-1
43
34
-25
95
-14
-57
-58
78
121
3
61
-30
14
-20
-7
43
-53
7
-109
57
-44
-28
8
-26
-66
-27
31
-45
26
-5
-1
-32
-93
-23
26
-58
-25
-66
-25
-1
-52
19
27
-20
-26
-109
-40
-54
0
-24
-9
-48
-85
40
60
34
8
-38
-88
-53
-74
-7
-26
20
-20
21
-68
29
-11
-4
-37
-5
99
16
45
-31
20
22
75
38
-54
-9
3
21
43
-28
30
-2
1
-75
82
-24
-45
54
13
-62
-5
65
-38
-2
-11
-55
-21
-20
-39
13
16
-6
16
73
-59
-57
-138
-22
62
-70
9
-32
39
-52
38
12
8
-15
1
6
-58
49
-26
-27
73
-27
-33
37
-89
131
45
31
44
0
98
-42
12
-5
0
-66
43
126
11
5
-50
-13
38
26
10
-32
-30
-30
-41
85
-87
20
26
19
-9
2
-3
-15
-49
-44
1
38
-67
-9
-84
19
-48
-15
-53
-47
-1
-48
-20
1
-10
-1
23
-11
11
100
-45
-25
-31
14
-82
8
1
-14
-68
-21
48
31
19
-20
21
24
-73
37
64
-4
-2
-41
-13
-65
-88
-16
67
20
-19
-50
-39
-74
-6
65
-9
136
-45
27
-30
-89
-37
-35
64
-1
14
-23
6
57
26
-72
23
-15
-2
-50
30
31
-3
47
26
21
33
-18
-1
-49
-10
106
-33
-35
62
-71
14
-71
6
17
57
72
-3
-47
-15
-78
-79
-4
-25
8
4
-99
18
-77
-2
34
41
2
-81
-37
-1
21
-3
84
-88
-26
-36
-7
0
34
-63
-39
10
-24
-52
21
44
-21
-16
-90
39
-10
14
-9
85
17
45
50
38
15
56
34
52
-45
-26
26
-60
53
-1
12
13
-7
-30
1
4
-101
-31
-71
2
51
28
-5
-53
-82
31
27
-70
-23
-24
9
-63
-36
-16
53
-27
2
93
14
30
-2
-49
-41
-23
-14
-36
2
27
26
41
3
-45
14
68
21
-11
8
-97
-20
13
-27
28
53
38
26
-51
50
29
-26
-1
-39
28
-116
-14
-23
18
-9
3
36
48
59
-12
-68
-73
-23
-6
-41
-14
-7
-94
-80
-165
-3
19
-61
-38
-1
-18
10
-6
-40
-51
26
27
-10
-37
32
-24
-44
-93
10
-67
53
48
-36
16
37
-8
-43
-40
30
-29
-120
80
-25
-71
64
60
-23
-2
9
-10
111
34
90
6
-64
25
7
102
-14
-36
-37
-39
14
-52
-46
-85
70
45
15
-57
-67
3
81
-43
-23
11
-33
22
-68
50
65
0
-32
34
120
-23
3
5
31
-114
-3
16
-1
46
15
-58
-20
-10
14
-135
-9
-12
-2
-37
-34
-26
0
-8
-17
-109
-23
-26
-5
14
1
-40
-62
15
2
75
20
-46
7
-37
33
26
7
62
16
36
-51
-77
6
10
-48
16
10
12
-41
-78
16
-21
33
46
-40
22
-41
57
-50
22
16
-28
-38
116
-33
-2
26
20
-32
-34
-40
-60
43
31
-28
-68
79
6
18
-37
87
-32
94
37
-16
-26
-9
-24
22
-40
-9
22
6
-8
-7
-22
-64
7
9
10
-24
12
-48
83
-32
-37
39
-16
-69
-15
24
32
46
23
-54
27
-57
-5
-89
-57
-1
-18
31
-12
5
-8
-43
-38
12
-28
34
36
-40
36
11
-2
-62
3
-47
36
-26
78
19
-38
73
-50
13
-3
37
21
-13
-6
-65
6
85
-28
24
5
-12
33
29
-23
45
-90
-30
-34
-19
-26
-31
-15
10
-27
-24
9
-51
76
48
-12
19
-33
4
-16
1
31
-3
42
-15
6
43
-20
39
-17
2
25
-67
18
32
-77
-40
-34
-88
27
-1
21
-48
-81
47
-1
17
-59
-82
5
-19
60
30
18
33
23
-6
0
48
-40
30
-50
40
20
120
7
1
-41
13
-118
-11
-16
-40
31
28
54
17
-35
37
-64
-45
5
-49
-40
0
-34
-50
47
-9
37
-53
-46
2
29
23
-41
32
18
69
-29
11
-31
-13
-71
12
-29
7
62
78
-2
-22
19
-7
3
-53
1
-48
-11
-2
38
10
-55
0
-2
20
74
-47
-22
-75
8
50
-18
2
-58
4
-35
-41
-25
-48
-20
-14
28
-131
-48
-16
-4
-105
-82
87
-52
-38
8
-4
-16
-35
22
-48
55
13
14
-16
-96
-51
-49
-21
-2
-2
-18
22
-13
42
-8
-56
16
33
-115
-2
-1
62
36
-44
-7
30
54
24
-65
-32
78
12
-19
-20
62
-7
13
5
35
18
44
-8
-16
14
-1
1
-71
-68
-25
-23
-52
-27
-6
-30
-12
-20
-55
-6
22
-24
29
26
40
34
-14
6
16
-26
11
-33
-94
-59
39
-18
-80
6
63
-63
-30
35
-43
-29
61
-63
3
-28
36
-1
49
-15
22
4
123
21
30
-11
11
73
30
-80
37
22
-44
-35
27
-74
-2
-61
7
-20
-23
-30
19
40
39
59
-17
-15
-5
44
-25
-24
44
62
1
39
-12
60
-16
-36
-11
-32
4
0
46
-51
-42
-6
-127
-8
-24
20
2
75
24
32
2
-86
-6
18
-113
3
-22
10
-22
-10
-29
-16
-42
-49
-21
34
-48
-55
-19
1
-35
-28
-37
-47
18
32
-6
-51
-93
32
-34
14
64
32
115
53
28
-15
-43
-84
52
4
-13
13
5
29
3
-4
-51
-90
-26
5
18
1
-37
-111
24
-55
32
-28
-8
35
-43
14
-65
45
-32
-68
-15
-6
-18
-36
63
-63
5
61
-22
26
-28
32
-116
-27
45
19
-36
-45
7
-66
0
-27
5
44
-82
18
14
-46
-24
-25
24
7
26
6
-5
-10
-35
-27
-29
-26
14
-61
-49
43
21
-2
-25
-99
-14
8
22
3
-25
-6
-13
-9
3
-20
19
-18
48
20
44
-21
-37
-64
81
25
7
-43
95
14
-89
-13
7
-60
-37
49
58
-15
-115
-31
-33
-45
-14
76
44
-23
55
-18
-31
14
-6
11
112
7
53
-47
61
31
20
-54
-50
74
29
-102
-7
-63
-15
-8
51
-117
-10
24
-7
66
31
-3
-6
-6
-37
17
-55
-89
53
-24
2
17
-9
-21
-28
-46
-7
-9
-14
1
-62
16
33
-46
-54
18
-53
38
-54
-84
6
29
40
18
-3
16
3
-11
-6
-5
14
-37
-14
-28
30
32
21
-18
84
61
-12
-21
-13
-46
12
57
69
14
-26
16
-56
-1
-21
42
-23
145
-8
-29
37
-12
-34
73
51
26
-30
-20
-32
-16
-23
-6
41
17
-103
-27
44
-35
-26
-32
31
48
-21
-43
-64
-39
-6
40
-37
3
1
3
-28
-49
-62
-77
7
7
25
-66
-84
44
61
-2
-47
48
-28
42
44
29
-31
42
26
-62
23
3
-17
-37
-13
-63
-60
26
13
4
73
21
-8
-19
-17
-32
13
-15
-118
40
-19
-42
-13
3
-91
-9
-18
24
38
-52
-22
-1
70
-45
98
-7
26
-78
-51
15
-33
22
39
18
-9
-16
-1
69
-22
1
-35
47
-56
-47
6
-48
-12
-26
-44
-12
-2
13
-18
-2
24
-44
49
1
-28
18
-100
-127
23
50
-34
-39
29
-72
121
-22
-80
-39
-40
4
-91
23
1
-11
-23
12
-91
11
24
48
-64
-45
-2
-52
-82
19
54
22
-8
-9
-19
46
-6
-24
30
-6
2
24
-23
31
46
-20
-42
11
-25
30
-108
1
111
-51
-1
-29
-8
-25
13
53
26
40
-1
-25
5
-38
48
1
-2
-45
-71
-49
-2
-30
14
118
30
-30
28
2
-23
36
35
-29
-10
25
39
22
-70
8
-30
-79
17
-54
-22
-21
-14
-88
-60
-20
-78
0
92
-22
-20
28
52
5
-14
2
-31
-16
103
3
39
-25
-25
1
65
-35
73
21
-79
24
-70
-24
40
-2
16
-24
-2
50
-92
-7
-16
21
3
11
3
29
5
-45
22
-20
-14
8
34
-18
34
-29
-48
10
-9
-8
-21
-25
-25
-25
-12
11
-1
1
-16
23
-27
75
-46
95
19
-16
46
-84
13
16
-64
-65
61
45
-16
-64
-46
-33
-56
73
60
19
-23
9
14
-20
17
-28
-37
-37
-68
-90
55
43
101
1
-48
-19
-64
-23
-35
56
-26
42
139
-37
16
-72
-45
-28
-120
-1
-72
-73
-16
3
13
-40
50
-16
65
26
22
42
87
-3
-14
71
-25
9
-47
32
58
-1
-39
-50
38
-40
6
-25
-48
35
-2
74
20
27
50
-98
-26
4
-79
-60
8
4
-5
-70
26
-37
35
-45
10
-10
-3
-5
-4
-5
-76
-59
-59
-41
59
-20
-136
-8
-34
58
61
1
-44
58
28
-85
-48
10
1
0
-24
5
-15
-38
-24
2
-88
-20
28
-5
68
24
-28
-31
-66
27
-14
-61
51
-80
95
89
56
46
75
-14
13
-18
-44
52
-58
-32
-44
-8
-8
-42
38
-42
-50
-2
-18
11
-50
-57
29
7
-25
22
14
34
59
-21
-25
-70
9
35
-73
-19
-18
95
42
58
-21
-2
14
-6
-29
2
26
75
44
35
65
-27
-16
-77
-55
17
-67
-16
34
22
30
47
89
-32
62
1
-62
43
-46
36
-10
-49
85
-27
9
-11
-15
13
-45
-29
11
-12
-36
-13
24
-15
68
49
-6
-45
-27
-77
5
-52
-23
65
11
-13
-28
-8
69
14
102
10
-70
-47
-50
65
-15
5
-49
41
64
7
-54
-19
-62
-22
81
-1
-35
-110
6
-64
-49
88
17
13
-101
0
12
-16
11
-14
31
-60
13
47
-38
3
-2
30
22
-46
-52
-40
-37
-10
37
3
26
-22
22
21
-72
14
-67
-48
-18
6
-56
12
-21
-15
-76
-17
5
-36
51
-66
-54
-104
-31
54
-61
62
12
-66
34
-13
53
-74
-1
135
-20
-35
-62
-17
36
44
-25
50
3
5
-14
-52
32
-1
85
-61
-93
9
-48
14
17
26
24
-29
-36
9
5
-1
-36
-56
-12
1
-2
28
-9
-8
-20
1
-31
-57
-92
6
8
52
20
-3
-32
56
54
-49
-3
-39
-19
0
-1
30
-37
38
132
-3
81
86
-28
-50
-8
-61
-6
7
-70
25
2
21
18
44
-2
24
-28
-14
-70
-46
3
14
-61
34
-64
46
-19
-88
-24
4
-30
19
1
36
-51
-23
62
-49
52
38
-31
-73
9
-15
-42
6
44
-15
-8
83
144
55
-51
-58
-22
-64
-38
-23
14
35
-52
-34
-20
-24
31
-38
-16
-19
-3
23
8
-88
-23
-15
22
26
53
-66
-51
-88
-7
-15
77
-13
-44
34
-38
-92
-33
-45
13
-14
-50
-34
-2
-13
26
21
-80
-18
-19
0
41
62
5
-36
35
30
-18
-30
-56
-73
36
-28
13
-71
-31
43
-14
-25
-22
21
-102
-33
-11
5
-45
20
76
-14
-49
34
-37
-80
-51
31
-32
-98
12
-34
-37
-103
45
-67
41
-58
4
-37
72
-21
31
-19
-3
-39
-94
36
-22
40
-11
15
-32
-20
-38
-15
-61
-70
-53
32
-56
-24
13
-48
-60
-57
4
-14
-31
-31
51
-48
36
-20
-20
-26
26
82
81
-5
-1
15
24
-54
10
10
40
47
18
42
-13
52
-50
10
70
-35
10
23
47
-1
39
-58
-42
15
-43
-54
67
40
47
10
-88
23
39
-29
-129
20
-10
-12
17
136
13
62
34
29
-20
-91
22
0
-66
3
-4
6
7
-7
-21
-43
-31
-10
-18
-45
97
44
31
8
-18
-91
-40
-37
-21
29
-27
24
-35
-1
44
-39
-50
37
-35
59
71
67
-60
-15
43
-54
28
21
-21
36
-81
62
-90
-57
67
31
-49
-10
-44
-37
-14
7
47
37
-34
6
4
34
2
-12
56
36
14
-7
-103
52
-20
105
9
48
97
-63
32
3
-34
64
-4
4
-6
-101
-39
62
-34
-53
3
20
9
-26
47
-57
-20
7
14
20
-46
24
11
-8
-19
-155
37
23
63
-33
-7
-30
1
56
18
55
-41
4
-45
-77
59
41
34
-22
12
-63
15
-45
-31
54
-21
-54
-36
-30
43
21
24
-29
-11
56
20
6
32
29
-18
-20
-2
-5
1
82
105
-55
14
-87
-10
-80
-31
90
24
-40
-19
-11
32
18
-18
18
16
13
-75
-2
28
0
74
17
2
-73
46
-7
-46
-58
36
-18
123
18
17
-18
2
-63
8
-30
13
-79
-1
-9
-7
30
-15
56
-48
-109
14
65
-2
18
-14
-37
55
-25
-51
-74
-9
61
-84
32
-77
-38
-39
90
-33
41
-12
-7
-57
18
2
-45
14
-70
-18
-29
16
-48
-34
-25
-13
-20
1
4
-9
-103
-16
26
-31
3
16
3
19
-59
24
-66
120
49
1
47
33
-6
-52
-2
10
-46
53
-91
22
96
77
-34
25
-31
46
-45
-17
-35
114
-2
48
-6
-43
-54
-40
64
-30
7
15
-13
-26
-79
32
-26
-21
-35
-27
40
-16
-19
5
-57
-19
-9
12
-91
54
-30
-36
37
68
-28
-1
-31
-14
-25
-16
-78
-35
-3
-25
-12
-1
8
7
-66
28
-85
16
-31
-11
25
6
-24
25
-18
-26
-3
58
-1
-59
-29
87
-48
26
-62
11
-6
61
-18
14
11
-39
43
-38
1
-36
-65
37
50
-1
49
7
-3
27
-27
-10
29
-80
65
17
-38
22
-48
-18
3
-35
9
-15
26
15
0
-37
32
-37
34
-14
84
-115
-44
10
-1
-33
3
-70
20
-76
-68
66
-44
-59
-26
28
49
-109
12
111
-12
64
-7
-12
-22
-33
37
95
6
1
-14
-54
-4
42
63
74
45
-12
-2
-69
-6
-50
-15
-71
6
11
84
-6
6
-51
-68
-30
3
25
12
-38
-46
20
-8
51
21
-44
-10
5
-17
45
-74
-60
-72
40
-6
-24
-47
-28
-5
-36
36
-90
47
-30
-16
26
18
-7
-28
18
77
-46
-84
42
-39
-26
12
-25
-53
-57
-10
-67
-10
62
-18
62
78
22
-4
-23
-18
-1
6
5
35
92
-41
-56
19
-70
-31
34
36
2
-32
-24
-6
27
38
-46
-80
-10
-4
17
93
-12
21
84
-23
69
20
18
-28
4
-14
-7
-31
-25
26
-43
136
-1
73
68
22
-1
31
-75
-52
-28
-15
52
66
15
5
-47
-7
21
28
46
-2
84
-23
27
65
-8
56
50
-102
-87
39
21
-16
-110
10
-11
-40
26
-15
2
-54
37
9
-40
-79
-69
-15
-1
9
-61
-84
49
-8
-27
-37
27
22
44
-86
19
-50
80
-18
-62
35
34
-32
-24
-29
13
-16
24
9
1
45
30
-33
34
10
9
-54
-24
-29
-83
-4
3
-22
-49
31
21
-30
55
-62
-15
-62
-42
-60
-89
-17
84
-48
2
-52
19
48
-78
-20
-13
9
-60
-48
-57
43
77
-3
-127
-1
-12
8
-23
-76
42
15
-56
-44
-21
-48
19
-80
24
58
-32
7
7
-19
-31
-24
-21
-65
19
62
53
40
-50
-108
-26
-29
-32
-32
11
-4
-65
66
-18
-9
-35
-73
-33
21
64
-62
23
7
69
72
-30
114
-17
51
21
-39
-46
35
53
-18
24
42
7
10
53
42
-31
23
34
-11
-52
47
12
5
-37
-26
42
-29
-52
-35
6
-16
37
-62
-37
-11
-5
28
-50
-52
-5
34
32
-89
17
-21
14
-66
-43
-47
9
-9
42
52
44
-31
75
6
28
3
-21
-7
-72
25
79
14
33
65
-30
-44
34
48
62
-54
65
-69
5
-61
-30
-33
-44
47
-24
2
-11
-19
10
-40
18
9
-31
10
11
41
-101
-14
-1
-66
-36
-27
-31
2
7
-25
-35
-26
2
-13
-60
-29
23
-12
-34
-31
27
-26
11
-4
-72
-166
11
-21
-28
-46
-8
68
71
-19
70
-63
-4
-8
-84
-69
-37
7
-19
-17
16
30
91
0
-2
-17
10
-47
24
-9
46
-33
6
-25
-85
39
6
37
68
10
-8
-40
48
-63
-65
0
-71
-12
-25
14
12
5
-72
-32
72
-37
-59
-21
-30
-21
-16
-1
44
10
26
23
-72
7
-18
-8
-103
-67
-88
-48
-20
115
77
-14
-44
-16
55
-44
70
-14
12
-53
0
-78
-26
-45
60
9
-103
26
11
-19
-70
-15
35
-17
0
-28
14
5
-9
11
-45
62
-20
45
-48
-26
-23
9
-1
-54
24
-42
-6
-42
49
66
111
-5
26
0
-19
-3
-18
-94
-23
61
62
-21
-21
-30
1
35
-37
-74
64
-62
-102
-7
19
30
-20
-66
44
0
-11
34
62
-24
1
-42
-52
-64
7
92
40
0
-7
6
24
29
-32
11
27
-18
65
28
-63
-39
13
-8
1
-23
-40
-60
-3
32
-62
25
-19
5
49
-44
15
5
-26
21
42
-27
25
58
58
21
5
-30
22
4
-1
69
-38
5
-15
40
-94
4
-14
-15
26
-1
-37
-45
14
10
-85
-42
-7
-38
-77
105
-10
31
-26
-28
13
-15
-31
-34
-28
23
-74
-15
-7
-14
59
-16
31
-102
2
17
-32
-4
4
-19
-4
88
0
-60
-14
31
-16
-52
-18
-63
5
18
28
-69
-17
93
-54
-114
19
-2
30
6
-25
10
-43
-69
19
-32
23
35
-35
7
-71
-44
2
-46
-37
13
-107
6
-6
-51
-17
-10
-15
-37
-25
5
69
6
-33
-60
-38
-48
-23
-19
-17
-84
26
-29
-48
123
84
-3
74
48
41
66
-102
-82
20
-15
58
-39
19
1
28
-44
-59
16
-24
15
4
27
-44
30
-22
-30
-115
-15
-77
70
-59
52
-6
-80
-29
13
42
-61
-6
-38
27
14
17
50
6
45
-18
-41
-26
-34
-63
-12
-132
29
73
-15
-10
-33
21
2
-54
2
7
-69
39
2
99
42
-6
42
23
-63
33
-27
-74
-35
-52
-35
-65
-17
-16
37
-37
-103
12
-10
-31
42
-44
60
-12
24
-46
-18
-56
-22
16
-46
-42
-91
-53
29
-32
-10
-14
-49
23
104
-48
-36
-45
14
-25
-52
49
-36
-41
69
112
-80
22
-73
-65
-71
-8
-10
-32
-45
14
4
-91
23
-26
23
66
41
-64
-127
24
24
-51
-81
-7
-65
36
69
-43
49
-18
3
35
41
21
-8
-28
16
84
25
-25
30
9
25
-85
79
-27
-62
-33
27
-30
-14
-5
-59
-25
-32
114
-54
-21
-32
-54
-28
14
50
-37
-13
17
-10
-25
20
-34
51
0
53
55
-45
8
-23
-39
29
31
-16
-58
-44
-25
4
-82
-60
-5
95
-15
56
-4
118
-8
22
146
-33
39
-52
15
-18
-50
24
31
-59
-30
-26
12
-61
60
-33
-21
-16
-15
-70
84
32
13
-1
-71
-32
-28
-12
-61
-23
48
17
-49
21
-2
61
-15
56
-58
-12
-34
105
18
3
-36
-21
78
48
11
64
-23
-15
20
114
-65
146
-8
-83
5
1
13
-13
-33
-14
31
-42
-59
41
6
-66
107
5
64
18
71
87
49
60
-56
81
-56
-25
-15
-24
81
102
-5
-60
-102
-9
27
-47
-59
-87
22
39
-7
-16
-61
102
5
-74
36
27
43
63
-74
-26
-9
14
44
13
-1
-20
-42
-68
35
10
-34
-45
-132
-1
-27
-32
12
14
-24
7
-38
2
-93
-16
-14
14
-35
26
32
-46
-37
-40
-47
6
21
77
38
60
-21
8
-61
-27
-25
25
-67
-18
23
-36
41
40
10
54
-74
6
5
-71
24
-51
-8
-19
47
19
-9
-1
-47
-25
3
-40
32
14
-6
-7
-54
-44
-44
-40
95
47
18
-66
39
2
-62
55
45
30
-44
5
-9
-24
-80
-1
-43
13
-61
35
-84
-83
10
33
1
-74
33
-103
63
-60
-14
-37
-65
112
-13
-71
-39
57
-33
-6
-27
-18
14
55
-3
-64
22
-31
32
21
-36
-52
-47
-23
-34
-13
24
-22
8
-40
24
-45
-41
-9
101
0
9
-58
3
21
-44
54
68
24
5
-17
-55
-68
1
49
-94
-37
-50
64
-56
-19
-44
-58
15
-24
-71
-26
2
-46
-39
-49
-54
-64
-31
-48
-77
-9
-23
0
48
-48
93
-28
12
20
55
-70
118
22
47
35
9
57
-36
33
-18
7
-27
-6
54
-19
-7
-62
-17
20
-52
-7
-33
95
79
-16
17
49
-8
30
31
-15
-72
11
-39
-12
-44
19
24
-29
-42
51
-43
28
21
19
33
-56
44
94
-20
50
70
108
55
-29
-45
29
-42
-22
28
-19
6
-62
9
-42
51
-36
29
-4
-29
-38
-12
5
26
-60
-46
4
31
61
15
70
30
36
-78
1
81
32
-1
47
-19
-44
-21
37
-19
26
-5
-63
-90
15
-76
40
22
-41
-35
-4
18
56
48
-23
49
41
31
9
-92
97
-85
38
-16
-17
-43
48
-7
78
53
7
-88
-85
3
-5
-53
-38
-23
1
-11
-54
126
-11
19
5
24
-29
43
-5
-23
-84
-31
44
47
68
145
-26
9
-54
14
-3
-24
-23
68
-8
-28
-25
-79
-93
-4
-15
-14
-50
-37
-2
39
20
21
-55
-44
66
-27
-13
-6
-60
39
-30
-3
-2
9
11
-52
-3
-28
-48
16
-18
-61
17
39
22
28
-13
37
-22
-28
-29
3
-12
74
-50
3
-59
19
-109
-28
78
-3
48
-98
-19
-21
49
-30
-12
24
-16
-26
-30
-60
-24
23
-8
-60
-44
-26
-4
-48
-44
66
-48
36
-36
-34
43
-110
-66
61
8
39
-1
-44
-89
-59
-34
-125
-27
-13
-72
-18
-1
-17
-72
-9
-17
-22
10
-87
-43
-45
27
-23
-52
-24
-36
-27
51
-43
-12
-31
-4
7
-5
28
-61
-23
-21
-17
24
-57
30
66
-17
24
-74
18
21
-30
-7
-27
-74
37
16
-15
-49
-25
-93
8
-29
101
117
74
21
-40
-13
56
-52
-8
-25
-49
-71
10
78
63
-41
21
5
-1
-85
-11
-32
-1
12
-22
-27
-71
59
-54
-66
51
30
15
12
5
3
-23
-15
-28
-86
52
-40
53
5
-11
19
9
44
-44
67
-69
27
8
-52
-78
-14
-28
52
-32
-23
6
-20
-27
57
-11
-51
43
-90
15
-12
18
-16
70
12
-105
-46
13
69
-78
-24
-37
20
-1
-19
60
-18
-84
-21
-42
18
54
49
-45
-50
-39
7
48
-31
-64
34
-70
27
7
-56
-23
-36
-27
3
39
-22
-135
77
-87
-12
36
8
-65
-32
14
-79
47
-5
-43
-8
140
45
-12
-29
3
41
1
-31
-3
-29
51
-121
27
-45
66
-24
2
1
123
-45
-56
33
-119
-36
30
-34
139
6
79
-20
30
52
-61
-28
8
-13
20
-86
-48
-28
-74
4
35
-25
-31
-86
-99
-46
-78
-16
-48
-58
15
9
-52
-16
55
23
-20
-15
-68
50
-22
16
-34
-17
-33
-2
23
-22
-7
5
-12
-2
93
35
13
-47
-21
-20
-1
-1
37
-33
-88
38
-16
-34
16
90
-52
9
35
43
60
77
6
-50
50
-21
9
-36
-31
-41
-15
-27
40
30
-3
5
-13
43
-21
-50
23
-36
37
32
15
-57
-52
153
59
-20
14
28
-51
-27
34
11
-20
-1
38
1
-11
5
-14
25
-6
-74
-38
-26
66
-13
-34
48
13
-86
-31
-10
9
27
43
-27
0
-23
24
-18
-55
-71
-9
-7
-30
35
-37
-8
-35
11
-94
-11
-64
-15
-8
-38
3
-20
-34
-21
-63
-28
58
-12
-26
-29
-1
-30
-46
-88
7
72
-59
31
43
-37
-94
38
-87
-37
-24
29
-48
-95
-39
37
5
12
48
58
-98
9
-63
24
-7
-1
48
4
5
-32
84
-38
-108
33
19
-17
32
0
-44
19
-70
34
33
-2
-34
17
116
-38
18
22
78
-29
-64
75
-23
-23
-42
5
-34
-2
71
27
44
39
13
-71
-7
34
-21
4
84
-40
-22
-2
54
-78
-58
24
53
75
46
-15
-68
42
-37
78
3
-11
73
-119
19
-139
-14
-93
40
-25
-68
27
-6
-34
-51
1
-54
26
-24
-7
-12
-48
-6
26
-80
98
-61
53
20
-49
-32
-14
-43
-17
35
102
23
56
-49
-16
-3
-14
45
-23
-14
74
14
15
41
-13
-13
-41
8
5
-21
-10
42
-21
1
-56
32
5
-27
-23
-11
25
64
-27
-42
-56
-53
-1
-65
-16
35
-2
-67
-103
-121
-14
12
16
-57
-2
64
-45
-21
-4
32
-43
5
-78
-16
-8
36
53
-49
3
55
7
-50
-5
-57
-3
-13
-20
126
-27
23
-12
-61
-15
-25
-48
-66
30
-71
-18
-23
43
61
30
19
14
81
-24
-18
70
-45
12
-33
49
-23
-77
-14
-21
53
12
-5
14
36
12
-10
28
54
13
16
32
22
-3
12
-4
53
29
-24
-17
68
-62
40
-2
-20
-69
-10
63
-36
6
129
50
44
31
-37
-108
-2
-11
35
-39
-70
64
81
-47
2
9
-46
-24
-90
10
39
59
-38
-23
-32
-58
-24
-26
49
-78
62
-59
48
-58
5
-63
-102
-31
-73
-40
3
-27
-90
-66
36
27
-62
-49
-31
29
-15
36
23
95
-21
84
28
2
-45
-8
43
106
-34
-8
0
-46
22
-97
8
5
-32
54
20
25
12
-1
47
12
-69
45
-44
-12
-45
-20
-86
-29
34
-13
-26
-4
47
-3
-44
-12
-61
-37
92
37
41
21
-10
-29
16
3
-82
-4
36
-88
-42
-34
-2
15
-80
61
16
2
-29
11
9
52
6
40
-28
40
41
13
31
-47
-3
-11
62
-56
-4
-75
16
-28
-24
-39
80
78
-15
34
-60
-58
52
-44
64
54
-7
28
-48
-74
30
0
-8
102
40
7
-37
-86
-62
-74
-31
106
2
28
-80
63
46
-42
21
19
-22
-63
-49
5
48
-29
-56
-14
-1
50
50
-7
-13
-70
31
29
-28
-3
-67
30
-33
-39
53
-57
-20
35
13
105
24
75
11
49
-19
-68
-14
-98
-48
-52
72
-91
21
-70
41
-16
70
0
77
-18
-29
78
-45
-93
26
-17
-14
-35
11
38
-27
-26
-5
-16
-39
9
27
-47
-37
-46
-16
-28
-18
-16
18
5
-30
-84
72
73
-17
-61
-71
55
-22
-29
-18
21
39
-25
-12
-57
88
46
-39
12
15
35
51
-54
-35
18
48
-14
-40
-105
-2
37
51
62
53
-31
7
-75
-4
-61
1
2
-75
100
-25
-60
-91
28
83
17
15
74
-17
11
54
-37
10
-37
-38
-71
-30
5
134
61
17
-13
-22
-4
69
-41
13
-34
60
-32
55
-73
6
-51
-75
111
28
-19
22
-56
-31
-52
24
-41
57
-12
-28
-10
-43
-30
59
59
-27
30
25
-32
11
-67
-43
-47
-63
-32
-33
-119
0
23
-51
15
40
-56
-42
-34
60
-30
67
-61
-98
-101
132
2
-25
6
60
-2
69
14
21
-16
-48
-10
-60
-51
27
-21
-52
-30
36
41
12
105
-45
7
14
25
-10
-21
-2
-24
38
136
-41
46
0
52
-55
4
44
8
10
-8
82
-51
-24
-21
-32
-13
-1
-8
4
-1
31
-9
24
23
-50
-24
-11
-18
31
31
62
-89
83
-8
-50
22
5
-18
81
12
-53
-35
-29
-20
7
8
17
51
17
83
-67
30
0
39
19
36
-29
47
27
6
42
22
7
15
-37
-17
-14
5
11
-7
27
50
-28
5
29
52
52
37
-33
-5
32
-7
5
-28
15
-32
-47
-2
7
9
-36
20
95
-34
-12
-90
3
0
40
34
-72
17
8
48
1
-63
-49
14
-29
45
-10
-44
126
-11
62
-30
-29
24
-12
-32
-24
-89
35
-16
2
31
-1
34
5
-58
-10
-23
-3
-12
48
66
-52
7
5
-48
-10
-45
93
-28
-46
30
7
-2
-52
42
19
29
92
-19
-41
-30
-85
153
-56
20
6
72
-14
-1
0
6
-67
33
-11
-18
-50
-16
46
95
43
-23
1
9
6
-79
-33
-7
-31
-37
-89
18
15
74
-6
19
25
-30
-29
92
35
-89
-62
24
20
58
66
14
33
-38
-59
41
52
47
-22
-84
-14
-15
-20
-35
-32
-7
-19
-34
35
-11
52
29
-23
6
-23
45
0
-48
-61
-24
-6
60
-60
8
60
-14
-136
-56
-30
-47
-10
31
-37
26
-6
-57
24
-24
41
50
-44
16
8
-16
-50
-57
56
45
-71
-1
26
-5
12
4
74
-13
-25
85
14
103
-37
-41
32
-42
36
-107
2
36
-13
17
28
69
-73
-84
17
2
-22
-28
58
20
-94
-38
84
1
-23
51
58
-67
-121
17
8
-32
69
5
26
-48
7
4
28
19
-48
54
10
21
-10
-54
-4
-1
-17
-44
-63
-11
-18
-48
35
34
9
16
14
-5
-22
-4
-32
-77
-67
-35
-120
-28
-61
55
26
-10
7
-23
18
-6
41
-8
21
-44
-19
-33
-16
2
16
-25
-103
-53
-34
-3
-13
-48
-25
-26
19
-136
-30
-48
16
0
17
36
-10
-11
2
25
-15
17
95
-2
60
35
45
-31
-60
-71
50
-41
19
-45
-13
-38
6
40
45
-43
-43
-9
11
64
34
13
-62
50
6
5
-25
-19
41
45
-69
5
44
11
-27
96
-18
20
48
21
45
-5
-25
44
-3
30
21
117
8
10
-77
4
79
101
29
-21
53
-28
-21
20
-5
-32
-32
-28
-143
57
-8
-11
69
-32
48
-40
85
-6
25
25
8
-68
-10
-26
-53
3
36
77
49
26
1
-11
-32
4
11
37
-45
23
-25
2
43
15
-37
49
-4
46
21
-31
56
26
31
-30
56
54
-10
-44
71
-15
-5
-80
-118
47
23
-8
-33
60
-41
49
4
-3
15
-65
28
-48
40
4
-62
-120
-60
-24
-35
32
38
-44
46
24
-32
16
-13
8
60
10
-20
-29
75
66
21
-15
34
18
34
-20
-26
27
-42
84
-23
-9
37
53
56
38
-36
8
42
18
-1
-25
-37
40
43
-53
37
28
-84
48
-17
-10
13
-40
-4
-48
21
50
-25
-51
-5
15
52
-5
28
81
54
-1
-53
22
-6
26
34
29
-12
18
29
-42
-18
-28
9
69
-6
20
-37
63
-16
14
13
29
7
-2
39
-29
48
-31
-64
7
43
7
44
-6
18
-19
-47
-60
45
37
32
-47
-19
-34
-13
-8
-18
30
29
7
11
-24
-53
49
20
-15
4
-71
30
40
-28
-37
-4
-24
43
62
26
13
-64
66
-44
-12
-30
78
-63
24
9
25
-9
73
-83
53
44
-1
-45
-47
39
38
-82
-16
71
-93
-68
-25
-48
-81
33
-70
2
-84
-20
-16
7
-117
-25
-49
-39
29
8
0
-65
7
-8
-24
-2
45
-51
-51
-71
-22
3
48
-63
27
-19
-17
-52
58
-17
-32
49
-6
-69
-5
27
-86
-21
69
0
23
-49
14
-67
-62
0
-20
44
-31
-44
25
1
-75
-44
69
-1
-48
8
31
10
53
40
-46
-48
75
13
-12
36
16
-46
-24
19
36
13
-38
22
-114
50
51
-37
21
-29
-21
29
13
18
-66
-63
-79
-5
-43
-23
5
60
53
140
16
-22
73
6
-127
-37
44
-46
73
-56
76
-3
-34
50
6
-6
64
-28
57
26
0
40
-51
104
-14
-75
-17
-46
-30
-13
59
-23
43
25
-22
8
-84
104
-23
-15
48
35
-75
-17
134
-25
106
-25
-37
-72
-40
40
-7
-20
-10
-32
-24
56
-28
-1
41
24
-67
4
32
12
27
-29
-13
108
80
15
40
-65
-38
-56
-23
-16
-29
-44
18
-30
-20
12
-43
30
-14
44
-1
-49
58
-37
15
-14
38
75
6
-71
31
2
-33
-70
44
-43
90
-67
-94
66
-66
-3
61
33
-12
64
19
29
-54
22
-26
-23
-29
30
27
-4
-64
-44
13
48
11
12
24
37
-5
-19
9
16
8
-6
48
82
8
48
-14
-64
2
-25
-37
-63
-27
43
9
-22
4
-22
27
37
6
-56
-27
-31
-30
30
-25
-69
-59
-121
-72
38
-51
17
29
-63
-52
-23
-10
-2
-23
-20
32
-30
-94
-22
54
-38
-53
-4
-42
-21
24
-34
-81
10
-23
-97
17
38
22
4
12
-110
-62
21
29
-3
-84
-28
26
4
52
-16
-36
15
-55
4
2
-25
-36
38
-63
-18
111
-5
47
15
25
-4
45
17
-25
27
19
-23
-30
-16
28
-18
-57
-22
22
-22
22
-65
20
-127
28
-54
-3
-47
-9
7
-25
-32
-37
-38
-4
-24
1
