-105
-49
-67
-91
-54
-67
-110
-82
-60
-88
-40
-46
-74
-77
-72
-41
-97
2
-83
-103
-76
-97
-83
-76
-67
-109
-59
-77
-58
-92
-95
-62
-62
-114
-101
-60
-80
-90
-88
-67
-78
-87
-57
-33
-57
-41
-95
-107
-89
-75
-46
-51
-48
-93
-45
-81
-80
-63
-41
-62
-79
-49
-47
-42
-64
-45
-79
-62
-63
-96
-105
-101
-90
-74
-101
-98
-63
-121
-86
-90
-98
-40
-43
-95
-63
-101
-81
-59
-53
-66
-92
-94
-20
-66
-70
-107
-56
-60
-75
-68
-114
-69
-63
-63
-97
-42
-90
-82
-84
-101
-82
-51
-52
-55
-90
-55
-135
-88
-46
-112
-58
-61
-80
-90
-59
-55
-75
-50
-60
-107
-62
-62
-76
-42
-114
-90
-55
-78
-93
-62
-76
-57
-88
-85
-100
-127
-41
-96
-71
-108
-96
-110
-45
-98
-46
-101
-92
-32
-80
-80
-125
-84
-71
-94
-87
-70
-66
-56
-61
-100
-64
-64
-85
-60
-34
-94
-93
-47
-87
-85
-97
-36
-75
-36
-79
-81
-56
-55
-110
-71
-89
-47
-57
-79
-60
-79
-94
-62
-58
-82
-73
-93
-88
-56
-131
-67
-39
-82
-86
-80
-71
-68
-75
-87
-73
-77
-113
-77
-64
-91
-68
-115
-26
-58
-68
-74
-101
-105
-73
-61
-58
-52
-36
-57
-39
-42
-111
-94
-26
-55
-97
-43
-80
-99
-102
-81
-42
-53
-109
-76
-83
-85
-45
-68
-48
-91
-84
-48
-41
-75
-97
-87
-105
-104
-85
-80
-59
-110
-74
-99
-47
-42
-50
-56
-26
-71
-90
-96
-61
-70
-116
-88
-87
-85
-99
-52
-93
-55
-74
-87
-97
-92
-69
-41
-136
-25
-116
-54
-55
-74
-68
-80
-46
-84
-79
-118
-82
-66
-75
-80
-105
-107
-78
-76
-69
-36
-125
-58
-89
-93
-63
-73
-91
-67
-68
-85
-64
-74
-102
-85
-47
-59
-69
-49
-63
-68
-86
-113
-49
-69
-82
-65
-80
-37
-77
-90
-86
-55
-94
-24
-83
-96
-66
-133
-67
-91
-57
-72
-75
-69
-82
-34
-91
-72
-73
-61
-101
-28
-66
-79
-79
-33
-87
-69
-75
-23
-86
-68
-86
-96
-37
-69
-85
-73
-82
-37
-108
-25
-113
-71
-29
-49
-33
-60
-51
-107
-82
-81
-49
-78
-77
-33
-74
-99
-108
-67
-89
-78
-115
-74
-94
-42
-72
-66
-62
-112
-61
-106
-29
-99
-65
-85
-91
-56
-82
-53
-69
-19
-81
-81
-23
-106
-117
-88
-78
-61
-98
-42
-69
-78
-80
-86
-81
-100
-32
-96
-95
-111
-95
-90
-94
-93
-50
-59
-40
-95
-111
-111
-108
-66
-98
-134
-64
-99
-67
-67
-41
-63
-57
-81
-132
-61
-85
-82
-93
-87
-83
-40
-69
-103
-69
-80
-57
-25
-51
-28
-82
-72
-57
-43
-58
-80
-122
-116
-41
-105
-75
-60
-113
-39
-85
-59
-68
-42
-52
-49
-57
-34
-29
-55
-81
-111
-93
-79
-66
-110
-52
-68
-76
-90
-98
-72
-64
-42
-59
-87
-105
-114
-100
-76
-88
-73
-67
-32
-69
-66
-68
-89
-96
-66
-39
-91
-124
-75
-81
-90
-71
-49
-54
-51
-73
-66
-68
-75
-100
-78
-40
-83
-49
-62
-40
-93
-104
-46
-74
-60
-86
-95
-69
-44
-45
-62
-98
-88
-91
-121
-99
-112
-101
-80
-90
-99
-56
-98
-77
-88
-65
-29
-22
-59
-33
-52
-58
-85
-66
-66
-50
-63
-83
-123
-59
-74
-45
-100
-20
-87
-67
-99
-108
-123
-48
-105
-66
-34
-44
-86
-61
-59
-80
-97
-118
-41
-82
-103
-90
-32
-84
-46
-102
-63
-81
-49
-53
-55
-27
-135
-72
-107
-97
-106
-34
-36
-66
-91
-45
-44
-85
-75
-73
-87
-45
-47
-60
-43
-82
-73
-101
-49
-56
-108
-63
-95
-86
-72
-52
-39
-87
-93
-101
-80
-103
-64
-54
-70
-64
-72
-42
-105
-30
-85
-116
-63
-76
-95
-91
-59
-71
-67
-92
-66
-71
-112
-48
-79
-105
-116
-71
-73
-64
-35
-127
-89
-77
-119
-91
-51
-74
-51
-82
-69
-52
-99
-69
-66
-90
-60
-55
-46
-101
-91
-58
-84
-111
-46
-90
-110
-62
-78
-67
-53
-83
-67
-70
-49
-82
-46
-76
-85
-104
-117
-82
-60
-107
-73
-69
-92
-96
-135
-75
-87
-90
-89
-39
-76
-36
-50
-52
-53
-96
-133
-95
-101
-86
-89
-80
-44
-124
-23
-44
-46
-80
-67
-45
-87
-62
-94
-64
-54
-82
-91
-91
-76
-68
-92
-68
-90
-94
-58
-86
-74
-74
-125
-74
-73
-73
-74
-95
-105
-80
-56
-26
-127
-71
-76
-16
-99
-119
-64
-1
-1
-40
-40
-78
-78
-28
-34
-69
-82
-95
-119
-105
-46
-90
-92
-56
-94
-53
-73
-66
-84
-55
-44
-101
-102
-58
-114
-86
-65
-41
-60
-54
-85
-37
-77
-73
-72
-89
-94
-102
-50
-87
-71
-77
-47
-43
-69
-107
-77
-100
-107
-74
-78
-80
-45
-70
-62
-51
-106
-107
-79
-94
-88
-62
-71
-78
-52
-25
-106
-87
-75
-64
-109
-87
-72
-93
-81
-63
-55
-90
-52
-53
-57
-63
-68
-89
-102
-47
-83
-107
-41
-115
-83
-55
-134
-82
-100
-60
-92
-83
-86
-52
-85
-96
-44
-80
-40
-61
-98
-33
-95
-75
-80
-135
-83
-116
-2
-39
-60
-64
-58
-100
-77
-89
-54
-80
-43
-65
-37
-92
-82
-68
-35
-80
-99
-54
-57
-89
-77
-65
-79
-86
-36
-71
-63
-85
-48
-70
-103
-104
-70
-46
-122
-18
-91
-90
-75
-64
-59
-49
-73
-77
-80
-51
-63
-42
-97
-49
-80
-61
-130
-52
-75
-72
-83
-89
-103
-40
-91
-46
-36
-67
-52
-64
-102
-102
-105
-76
-90
-95
-90
-74
-48
-110
-74
-104
-68
-63
-96
-96
-95
-73
-33
-108
-77
-76
-105
-89
-63
-64
-44
-106
-93
-53
-8
-67
-116
-70
-63
-76
-72
-31
-92
-39
-28
-83
-80
-62
-58
-72
-69
-93
-108
-114
-69
-83
-62
-102
-108
-90
-66
-74
-92
-13
-55
-57
-94
-77
-98
-67
-63
-108
-83
-92
-53
-66
-97
-71
-45
-93
-63
-70
-94
-101
-92
-99
-87
-42
-17
-42
-38
-100
-34
-88
-84
-94
-87
-90
-105
-54
-48
-61
-82
-112
-101
-61
-99
-88
-100
-68
-101
-67
-116
-16
-52
-57
-117
-76
-58
-93
-95
-60
-49
-44
-56
-94
-83
-66
-70
-95
-91
-84
-116
-70
-73
-67
-112
-71
-64
-93
-77
-90
-76
-43
-96
-88
-64
-29
-77
-112
-112
-80
-66
-70
-95
-71
-49
-64
-20
-77
-55
-96
-35
-87
-84
-51
-65
-89
-96
-89
-49
-52
-52
-94
-59
-51
-45
-63
-96
-80
-85
-86
-119
-107
-36
-114
-62
-104
-103
-70
-69
-135
-68
-47
-54
-41
-32
-46
-105
-93
-65
-92
-55
-58
-102
-95
-107
-64
-73
-89
-83
-87
-76
-75
-82
-92
-83
-44
-53
-112
-62
-77
-73
-78
-76
-98
-82
-82
-60
-125
-49
-83
-73
-80
-65
-66
-83
-68
-74
-73
-57
-89
-92
-95
-101
-89
-42
-92
-48
-25
-76
-92
-102
-107
-20
-79
-75
-84
-110
-69
-54
-54
-91
-97
-101
-71
-55
-62
-41
-67
-68
-77
-98
-67
-105
-77
-97
-99
-60
-83
-101
-87
-75
-80
-67
-75
-103
-19
-64
-82
-78
-54
-86
-45
-85
-62
-87
-50
-18
-84
-62
-79
-81
-87
-27
-36
-85
-57
-54
-86
-91
-43
-74
-69
-119
-64
-57
-54
-99
-67
-93
-77
-62
-48
-34
-80
-70
-56
-84
-94
-92
-46
-73
-67
-86
-102
-52
-88
-87
-96
-79
-55
-85
-65
-97
-37
-66
-75
-90
-94
-91
-100
-56
-64
-88
-71
-68
-69
-101
-94
-115
-60
-63
-88
-102
-77
-116
-81
-44
-103
-88
-91
-43
-28
-40
-73
-40
-98
-52
-101
-67
-84
-39
-64
-81
-124
-26
-74
-65
-27
-95
-76
-64
-57
-101
-62
-92
-100
-61
-53
-61
-82
-87
-96
-86
-52
-44
-64
-75
-91
-21
-62
-58
-77
-108
-105
-82
-32
-66
-109
-113
-75
-75
-55
-98
-14
-94
-84
-101
-72
-59
-81
-89
-36
-50
-67
-71
-102
-53
-82
-28
-90
-80
-82
-109
-42
-100
-85
-81
-35
-12
-55
-31
-73
-69
-81
-72
-91
-92
-86
-56
-86
-94
-77
-47
-25
-35
-104
-84
-49
-109
-74
-87
-113
-79
-49
-109
-85
-112
-31
-87
-108
-129
-65
-76
-47
-82
-51
-43
-35
-73
-85
-66
-66
-64
-84
-72
-77
-122
-74
-50
-67
-104
-88
-40
-66
-65
-92
-64
-80
-20
-77
-50
-74
-49
-41
-61
-58
-35
-36
-64
-47
-109
-94
-85
-70
-75
-89
-39
-41
-71
-99
-99
-94
-104
-66
-41
-78
-54
-36
-105
-63
-87
-64
-40
-115
-96
-84
-78
-36
-76
-64
-110
-78
-58
-75
-39
-67
-78
-82
-50
-89
-44
-40
-86
-45
-85
-72
-63
-73
-45
-69
-53
-76
-62
-67
-97
-52
-86
-93
-50
-56
-78
-62
-94
-103
-94
-98
-100
-65
-58
-108
-111
-95
-36
-61
-47
-94
-50
-84
-46
-120
-47
-66
-77
-87
-72
-51
-98
-92
-37
-32
-109
-95
-90
-94
-69
-85
-27
-38
-71
-50
-70
-85
-82
-122
-33
-46
-54
-71
-96
-91
-55
-33
-72
-106
-71
-133
-53
-97
-111
-67
-52
-28
-74
-74
-52
-80
-58
-72
-71
-64
-76
-50
-40
-56
-123
-105
-41
-51
-124
-84
-90
-69
-79
-78
-110
-75
-93
-99
-81
-76
-87
-79
-79
-79
-42
-79
-56
-53
-90
-78
-91
-67
-96
-55
-60
-103
-84
-69
-19
-28
-100
-95
-74
-81
-87
-95
-82
-52
-73
-81
-68
-56
-108
-69
-87
-71
-64
-99
-56
-69
-117
-59
-49
-33
-78
-76
-72
-59
-67
-94
-100
-77
-83
-44
-56
-49
-131
-117
-67
-77
-89
-70
-131
-68
-64
-88
-51
-74
-45
-60
-65
-71
-34
-114
-52
-71
-104
-41
-64
-93
-91
-53
-63
-67
-87
-62
-77
-91
-61
-54
-116
-59
-89
-21
-46
-86
-59
-124
-75
-61
-49
-78
-72
-105
-79
-84
-52
-104
-98
-97
-112
-69
-67
-49
-72
-69
-39
-64
-31
-78
-106
-70
-25
-58
-90
-90
-64
-91
-114
-98
-92
-51
-55
-92
-75
-55
-91
-61
-59
-61
-61
-93
-105
-42
-54
-81
-45
-82
-77
-52
-61
-86
-69
-62
-105
-105
-72
-83
-78
-67
-79
-79
-87
-67
-73
-57
-76
-90
-62
-110
-46
-70
-111
-82
-90
-87
-60
-91
-80
-64
-42
-36
-97
-112
-77
-51
-72
-70
-69
-113
-48
-53
-64
-81
-44
-62
-84
-88
-88
-91
-106
-89
-62
-89
-51
-81
-84
-67
-59
-103
-94
-96
-80
-76
-49
-122
-55
-30
-77
-57
-68
-75
-98
-62
-61
-88
-119
-69
-84
-52
-46
-91
-86
-54
-99
-130
-116
-80
-114
-94
-58
-55
-101
-78
-59
-90
-112
-89
-87
-98
-106
-48
-58
-27
-51
-47
-59
-90
-57
-55
-103
-79
-63
-55
-76
-103
-82
-44
-71
-52
-101
-125
-95
-50
-83
-69
-71
-63
-53
-99
-128
-69
-71
-39
-64
-75
-69
-74
-118
-90
-89
-90
-44
-36
-113
-37
-111
-41
-44
-90
-94
-86
-51
-43
-84
-94
-73
-88
-72
-71
-92
-75
-48
-111
-81
-89
-87
-34
-98
-71
-45
-90
-81
-58
-62
-100
-18
-65
-97
-89
-91
-112
-44
-71
-81
-103
-68
-102
-45
-90
-100
-49
-76
-65
-48
-67
-87
-87
-63
-113
-56
-76
-60
-79
-70
-70
-62
-66
-67
-76
-67
-105
-99
-82
-65
-95
-53
-107
-52
-91
-42
-70
-69
-95
-68
-48
-67
-86
-80
-97
-100
-89
-141
-86
-73
-74
-74
-115
-102
-52
-98
-73
-83
-114
-66
-94
-71
-98
-63
-80
-31
-58
-57
-55
-113
-70
-126
-42
-62
-95
-43
-97
-80
-66
-68
-67
-89
-127
-88
-122
-92
-76
-105
-21
-72
-69
-91
-50
-83
-80
-85
-90
-76
-70
-95
-33
-95
-72
-86
-82
-87
-75
-113
-95
-54
-88
-47
-66
-116
-90
-135
-82
-64
-90
-53
-70
-84
-39
-109
-39
-61
-73
-61
-79
-67
-98
-72
-66
-27
-63
-82
-93
-76
-80
-80
-46
-60
-50
-82
-66
-103
-116
-77
-41
-118
-103
-91
-74
-59
-48
-82
-74
-77
-109
-35
-47
-82
-70
-46
-28
-89
-81
-93
-96
-98
-93
-58
-76
-82
-92
-100
-111
-104
-98
-39
-75
-108
-37
-51
-81
-86
-59
-61
-90
-29
-55
-72
-40
-98
-73
-82
-95
-64
-95
-96
-97
-83
-81
-75
-63
-83
-114
-80
-76
-97
-70
-48
-90
-81
-92
-25
-94
-82
-98
-56
-49
-73
-71
-64
-63
-111
-44
-68
-79
-82
-64
-66
-49
-91
-103
-75
-57
-90
-64
-56
-112
-84
-114
-126
-87
-31
-106
-92
-111
-90
-52
-76
-92
-59
-74
-46
-109
-72
-90
-67
-74
-104
-66
-68
-116
-85
-45
-80
-79
-67
-63
-102
-92
-75
-99
-91
-77
-35
-51
-86
-112
-63
-125
-35
-105
-40
-90
-120
-70
-45
-29
-106
-69
-96
-63
-80
-91
-63
-70
-44
-67
-84
-117
-34
-43
-123
-53
-83
-83
-76
-43
-96
-106
-63
-49
-111
-99
-71
-98
-66
-107
-71
-41
-55
-64
-91
-117
-38
-76
-71
-54
-40
-112
-58
-78
-84
-85
-49
-86
-29
-65
-80
-44
-81
-80
-117
-54
-103
-96
-97
-22
-77
-56
-71
-58
-42
-35
-61
-81
-76
-73
-73
-20
-80
-77
-95
-76
-99
-78
-67
-86
-81
-62
-34
-78
-62
-47
-37
-114
-85
-79
-110
-31
-63
-56
-51
-53
-76
-63
-92
-54
-115
-45
-79
-34
-61
-81
-47
-88
-71
-56
-58
-91
-83
-66
-113
-54
-119
-64
-47
-99
-64
-72
-62
-94
-78
-77
-83
-64
-61
-76
-58
-112
-54
-45
-86
-59
-77
-73
-59
-100
-72
-81
-67
-17
-50
-89
-62
-55
-72
-91
-36
-117
-91
-23
-79
-99
-97
-27
-86
-56
-57
-30
-87
-62
-49
-80
-93
-114
-80
-75
-56
-80
-40
-41
-119
-36
-72
-20
-107
-134
-95
-139
-41
-48
-117
-87
-105
-89
-33
-40
-142
-76
-120
-117
-58
-63
-74
-93
-66
-98
-87
-93
-93
-38
-54
-90
-75
-87
-53
-103
-86
-87
-94
-58
-75
-44
-72
-51
-124
-48
-69
-42
-129
-74
-51
-44
-35
-111
-89
-82
-95
-47
-40
-46
-91
-95
-103
-73
-118
-21
-69
-71
-35
-72
-47
-90
-95
-83
-52
-58
-94
-78
-90
-104
-82
-106
-92
-111
-103
-70
-97
-106
-114
-72
-66
-41
-50
-74
-47
-68
-107
-78
-72
-127
-70
-91
-29
-106
-112
-91
-109
-47
-45
-63
-101
-61
-79
-98
-87
-84
-68
-92
-108
-74
-37
-72
-75
-16
-86
-74
-40
-49
-106
-107
-3
-89
-34
-95
-96
-53
-36
-65
-97
-61
-29
-106
-140
-27
-95
-147
-85
-84
-69
-72
-1
-96
-108
-31
-80
-125
-60
-98
-76
-55
-87
-72
-99
-90
-64
-33
-64
-19
-33
-39
-58
-67
-71
-101
-63
-82
-94
-88
-115
-59
-90
-58
-60
-10
-101
-74
-109
-50
-61
-74
-58
-29
-77
-94
-109
-79
-119
-87
-100
-48
-114
-85
-87
-95
-80
-109
-115
-53
-96
-67
-46
-126
-129
-52
-80
-48
-111
-82
-81
-24
-87
-98
-84
-67
-99
-114
-82
-87
-99
-98
-95
-55
-58
-81
-94
-105
-91
-79
-85
-71
-21
-41
-61
-82
-102
-83
-81
-74
-52
-42
-91
-88
-49
-89
-54
-76
-62
-115
-76
-87
-53
-84
-54
-85
-93
-109
-103
-83
-82
-82
-82
-35
-93
-42
-90
-65
-54
-84
-108
-101
-56
-105
-98
-123
-70
-107
-79
-70
-82
-76
-65
-42
-59
-45
-46
-50
-106
-108
-90
-17
-134
-51
-88
-88
-44
-67
-77
-99
-89
-99
-91
-52
-46
-36
-91
-77
-89
-104
-96
-47
-89
-100
-57
-70
-67
-118
-74
-53
-93
-75
-72
-52
-110
-95
-94
-107
-64
-114
-57
-63
-105
-69
-47
-79
-120
-101
-67
-76
-71
-124
-67
-47
-29
-61
-108
-59
-84
-66
-68
-64
-61
-121
-55
-34
-67
-79
-65
-94
-51
-71
-32
-21
-58
-73
-58
-38
-81
-57
-60
-81
-73
-76
-116
-78
-93
-59
-92
-91
-104
-89
-56
-125
-77
-53
-59
-67
-103
-108
-82
-95
-91
-70
-102
-88
-47
-74
-93
-98
-67
-84
-64
-66
-33
-102
-129
-55
-54
-61
-73
-57
-85
-104
-66
-51
-62
-52
-45
-98
-66
-78
-91
-47
-58
-53
-28
-104
-63
-75
-125
-94
-71
-39
-50
-59
-88
-89
-76
-54
-59
-53
-108
-55
-85
-84
-94
-110
-83
-90
-80
-123
-74
-70
-70
-101
-85
-90
-101
-111
-100
-56
-87
-88
-39
-94
-105
-79
-27
-86
-87
-49
-96
-55
-40
-34
-87
-101
-37
-77
-102
-82
-45
-116
-100
-105
-61
-21
-94
-130
-73
-96
-64
-63
-101
-75
-79
-85
-39
-77
-91
-58
-105
-37
-133
-83
-54
-89
-105
-84
-73
-88
-77
-58
-68
-76
-67
-94
-96
-52
-98
-60
-56
-52
-35
-81
-77
-96
-59
-49
-44
-85
-43
-106
-60
-94
-73
-66
-51
-92
-91
-25
-82
-101
-78
-104
-80
-117
-48
-109
-90
-100
-119
-42
-33
-98
-44
-76
-73
-120
-134
-73
-82
-79
-108
-97
-64
-69
-95
-21
-96
-43
-69
-59
-79
-78
-84
-48
-72
-92
-109
-74
-54
-49
-29
-66
-63
-111
-81
-62
-70
-72
-118
-44
-68
-87
-97
-28
-53
-79
-53
-96
-95
-64
-77
-70
-125
-74
-97
-63
-113
-35
-80
-115
-46
-128
-60
-97
-56
-39
-18
-82
-89
-128
-88
-104
-43
-98
-112
-49
-47
-85
-77
-88
-69
-104
-90
-93
-57
-107
-28
-56
-88
-65
-99
-35
-26
-66
-60
-115
-89
-45
-91
-74
-53
-84
-73
-63
-109
-88
-81
-53
-79
-93
-107
-62
-107
-65
-69
-90
-59
-105
-23
-114
-40
-40
-85
-69
-35
-108
-59
-78
-75
-29
-73
-80
-104
-61
-100
-96
-114
-67
-92
-77
-107
-76
-106
-77
-87
-56
-56
-47
-73
-71
-89
-59
-79
-77
-95
-84
-79
-70
-95
-76
-62
-61
-62
-48
-87
-109
-57
-53
-30
-85
-64
-92
-83
-85
-56
-77
-89
-102
-64
-54
-47
-39
-44
-53
-85
-83
-119
-73
-93
-93
-74
-118
-101
-66
-94
-113
-71
-78
-72
-64
-85
-45
-79
-120
-73
-68
-68
-67
-91
-68
-82
-88
-102
-29
-98
-78
-129
-105
-112
-35
-28
-99
-82
-48
-64
-86
-105
-58
-44
-54
-86
-88
-87
-82
-56
-75
-61
-92
-106
-36
-93
-94
-41
-78
-84
-70
-91
-92
-104
-65
-103
-44
-79
-75
-74
-54
-32
-71
-82
-93
-103
-98
-73
-78
-42
-70
-55
-105
-52
-41
-86
-87
-70
-79
-40
-46
-28
-91
-77
-69
-73
-53
-79
-105
-113
-85
-80
-125
-69
-61
-119
-69
-21
-74
-65
-118
-45
-105
-51
-69
-98
-64
-65
-57
-65
-59
-52
-63
-88
-95
-70
-121
-73
-62
-65
-131
-53
-84
-8
-87
-90
-73
-73
-60
-77
-59
-83
-79
-90
-69
-97
-68
-87
-74
-55
-9
-92
-100
-98
-69
-84
-85
-79
-84
-96
-119
-54
-106
-88
-55
-64
-89
-77
-55
-91
-53
-47
-58
-83
-32
-110
-83
-95
-80
-76
-101
-78
-97
-78
-39
-77
-73
-71
-72
-65
-118
-64
-105
-74
-99
-68
-102
-98
-88
-71
-70
-82
-105
-94
-99
-76
-51
-83
-115
-115
-75
-78
-69
-50
-77
-52
-71
-59
-86
-79
-39
-96
-90
-35
-89
-73
-73
-68
-48
-81
-94
-50
-104
-69
-90
-131
-80
-63
-48
-109
-76
-79
-51
-90
-103
-78
-81
-61
-85
-109
-19
-116
-73
-70
-85
-71
-68
-51
-105
-37
-99
-61
-63
-95
-73
-74
-25
-85
-82
-50
-74
-75
-45
-88
-46
-82
-25
-90
-76
-74
-125
-90
-53
-81
-81
-43
-94
-106
-55
-89
-43
-107
-89
-127
-92
-60
-85
-77
-69
-99
-75
-88
-74
-104
-29
-92
-50
-58
-70
-82
-73
-63
-69
-90
-61
-84
-78
-40
-81
-51
-23
-75
-104
-52
-87
-42
-110
-108
-92
-85
-91
-72
-45
-75
-98
-55
-65
-34
-47
-87
-57
-67
-61
-40
-113
-72
-103
-118
-97
-34
-77
-65
-91
-84
-59
-80
-77
-111
-85
-82
-79
-100
-71
-99
-31
-99
-125
-95
-78
-89
-61
-73
-66
-86
-77
-91
-95
-120
-63
-91
-73
-50
-72
-98
-70
-66
-74
-76
-65
-95
-92
-114
-26
-101
-41
-104
-104
-78
-102
-23
-108
-79
-90
-106
-56
-66
-85
-80
-84
-58
-32
-86
-116
-87
-52
-42
-49
-63
-75
-87
-112
-79
-77
-106
-80
-57
-57
-91
-93
-46
-70
-111
-60
-81
-91
-100
-63
-74
-75
-69
-108
-71
-68
-67
-65
-63
-45
-44
-88
-73
-86
-83
-61
-81
-79
-65
-81
-49
-83
-82
-34
-86
-79
-73
-14
-81
-103
-124
-47
-59
-68
-75
-98
-95
-56
-74
-72
-63
-75
-99
-40
-95
-67
-65
-64
-47
-80
-76
-69
-69
-39
-75
-76
-83
-80
-62
-76
-76
-89
-84
-74
-127
-27
-50
-37
-71
-119
-44
-84
-66
-61
-68
-57
-88
-89
-89
-93
-92
-74
-100
-73
-101
-94
-61
-80
-71
-69
-99
-61
-123
-70
-108
-81
-61
-17
-55
-97
-108
-88
-106
-98
-80
-123
14
-36
-91
-54
-78
-100
-49
-59
-116
-86
-132
-87
-83
-111
-78
-84
-76
-72
-56
-30
-90
-55
-76
-28
-83
-83
-44
-95
-75
-97
-45
-92
-120
-106
-67
-90
-67
-62
-74
-78
-67
-99
-103
-58
-113
-49
-77
-74
-56
-136
-70
-50
-106
-68
-94
-87
-56
-64
-49
-73
-94
-84
-68
-87
-70
-53
-14
-89
-14
-87
-54
-93
-59
-64
-86
-63
-72
-74
-63
-87
-125
-68
-108
-62
-68
-57
-72
-51
-96
-91
-76
-86
-118
-80
-64
-79
-52
-84
-76
-62
-98
-104
-68
-98
-62
-60
-67
-67
-98
-56
-126
-57
-83
-55
-87
-50
-64
-36
-60
-83
-63
-42
-34
-39
-61
-67
-93
-85
-79
-96
-60
-116
-93
-50
-24
-105
-78
-52
-52
-96
-103
-115
-82
-96
-69
-85
-47
-66
-77
-71
-78
-68
-85
-103
-79
-82
-72
-69
-73
-89
-58
-69
-73
-71
-82
-104
-65
-77
-82
-88
-78
-114
-112
-35
-118
-84
-85
-97
-64
-44
-112
-56
-111
-64
-63
-80
-90
-50
-58
-84
-84
-84
-95
-102
-139
-28
-69
-67
-56
-90
-58
-101
-110
-102
-107
-81
-62
-35
-82
-82
-95
-60
-3
-98
-87
-62
-79
-73
-123
-61
-80
-86
-114
-118
-78
-51
-88
-78
-91
-34
-56
-41
-76
-53
-86
-66
-112
-102
-47
-90
-92
-23
-72
-71
-81
-27
-87
-37
-102
-96
-69
-98
-86
-71
-47
-53
-61
-93
-99
-77
-82
-99
-75
-70
-69
-42
-93
-76
-95
-82
-67
-87
-45
-72
-127
-77
-61
-51
-93
-65
-64
-86
-105
-114
-80
-116
-70
-79
-92
-69
-42
-71
-88
-75
-111
-68
-71
-68
-79
-91
-120
-109
-99
-110
-84
-81
-59
-64
-108
-61
-85
-82
-120
-110
-85
-39
-100
-99
-55
-82
-83
-113
-57
-92
-65
-67
-82
-87
-92
-65
-67
-79
-33
-94
-86
-58
-56
-96
-77
-94
-68
-94
-54
-81
-84
-49
-97
-63
-96
-60
-38
-42
-64
-74
-68
-10
-87
-45
-56
-86
-67
-63
-116
-76
-85
-141
-80
-93
-91
-55
-101
-85
-34
-49
-81
-97
-88
-45
-81
-80
-95
-97
-40
-95
-86
-83
-74
-77
-90
-70
-72
-71
-89
-71
-71
-98
-86
-115
-61
-62
-95
-96
-65
-85
-85
-70
-78
-98
-115
-14
-61
-84
-64
-54
-79
-75
-58
-50
-56
-72
-97
-128
-52
-79
-98
-87
-64
-92
-94
-60
-109
-113
-79
-110
-65
-28
-68
-41
-93
-99
-108
-72
-80
-60
-122
-80
-91
-34
-87
-88
-55
-89
-67
-66
-51
-135
-47
-78
-93
-105
-80
-54
-71
-80
-65
-95
-105
-55
-35
-109
-90
-94
-33
-36
-102
-54
-90
-80
-76
-87
-75
-71
-77
-102
-95
-94
-106
-76
-62
-46
-93
-98
-55
-55
-87
-82
-94
-118
-89
-94
-112
-90
-75
-61
-80
-87
-69
-112
-39
-49
-107
-79
-48
-97
-82
-42
-119
-96
-103
-89
-84
-61
-121
-117
-99
-38
-103
-68
-45
-73
-67
-61
-80
-46
-67
-87
-96
-48
-62
-83
-108
-83
-95
-80
-83
-91
-101
-95
-78
-101
-81
-74
-77
-71
-30
-87
-51
-84
-88
-60
-101
-44
-90
-98
-94
-81
-69
-30
-115
-47
-66
-93
-16
-66
-98
-46
-70
-100
-62
-112
-69
-115
-65
-91
-69
-106
-93
-87
-63
-95
-78
-24
-91
-84
-100
-49
-94
-61
-73
-87
-51
-98
-99
-83
-73
-88
-54
-73
-52
-51
-84
-104
-93
-73
-69
-69
-88
-81
-68
-65
-68
-85
-64
-88
-82
-90
-94
-67
-81
-76
-41
-94
-53
-91
-134
-91
-86
-72
-92
-88
-101
-64
-84
-61
-90
-73
-74
-77
-97
-91
-50
-87
-92
-56
-67
-65
-88
-86
-120
-94
-69
-84
-48
-50
-80
-75
-54
-57
-36
-35
-72
-49
-66
-72
-108
-82
-54
-78
-100
-129
-100
-96
-89
-55
-68
-64
-134
-118
-118
-111
-44
-79
-50
-79
-45
-61
-98
-82
-60
-96
-113
-73
-74
-62
-83
-71
-79
-70
-29
-101
-84
-54
-76
-72
-81
-82
-88
-107
-87
-84
-77
-104
-111
-39
-77
-85
-56
-62
-86
-103
-65
-111
-76
-63
-73
-83
-44
-105
-99
-52
-80
-51
-83
-33
-62
-76
-45
-117
-96
-64
-97
-68
-96
-118
-41
-76
-60
-48
-71
-83
-84
-91
-45
-86
-66
-97
-73
-80
-77
-98
-62
-82
-86
-82
-72
-43
-86
-58
-114
-111
-102
-75
-91
-95
-113
-99
-84
-60
-79
-85
-51
-81
-78
-71
-72
-95
-59
-88
-45
-80
-83
-50
-73
-79
-74
-98
-53
-95
-66
-91
-78
-86
-71
-33
-103
-92
-35
-93
-111
-94
-73
-71
-61
-80
-35
-67
-14
-97
-103
-60
-78
-91
-90
-61
-89
-47
-102
-80
-93
-108
-68
-99
-71
-91
-107
-69
-69
-37
-91
-59
-91
-88
-73
-49
-69
-65
-51
-90
-82
-39
-84
-88
-36
-112
-65
-108
-41
-99
-39
-104
-51
-27
-94
-17
-69
-36
-51
-61
-76
-72
-89
-66
-77
-93
-87
-87
-25
-71
-27
-46
-89
-66
-108
-80
-87
-111
-91
-93
-105
-78
-29
-74
-94
-74
-64
-72
-56
-51
-87
-63
-91
-54
-80
-65
-103
-81
-72
-60
-61
-88
-101
-75
-84
-91
-42
-51
-34
-52
-78
-134
-62
-28
-79
-65
-91
-39
-51
-97
-64
-112
-103
-90
-91
-55
-72
-77
-100
-71
-52
-66
-84
-102
-58
-90
-81
-64
-83
-62
-102
-64
-82
-83
-58
-63
-103
-57
-78
-112
-55
-116
-32
-89
-32
-99
-36
-25
-81
-87
-66
-103
-91
-111
-76
-77
-86
-50
-61
-86
-49
-2
-70
-58
-98
-69
-125
-81
-64
-67
-70
-88
-52
-105
-68
-100
-76
-55
-63
-56
-44
-84
-47
-62
-97
-75
-93
-33
-71
-114
-39
-80
-49
-60
-43
-65
-57
-59
-78
-51
-80
-118
-77
-103
-119
-113
-81
-104
-104
-71
-91
-52
-84
-92
-76
-71
-100
-80
-78
-96
-107
-88
-99
-72
-80
-87
-77
-79
-88
-93
-88
-47
-44
-78
-60
-81
-53
-44
-52
-12
-82
-72
-98
-78
-81
-86
-70
-64
-107
-90
-78
-68
-85
-67
-90
-75
-100
-101
-94
-70
-90
-74
-71
-40
-62
-87
-65
-61
-75
-81
-76
-87
-67
-87
-81
-30
-57
-92
-56
-79
-51
-91
-61
-82
-90
-74
-61
-41
-89
-50
-74
-27
-94
-66
-82
-102
-84
-99
-86
-96
-88
-72
-60
-57
-77
-87
-82
-60
-74
-64
-9
-94
-90
-85
-58
-93
-36
-41
-115
-56
-78
-107
-99
-68
-86
-79
-102
-93
-86
-49
-61
-60
-49
-83
-61
-90
-94
-91
-105
-48
-77
-75
-72
-56
-108
-69
-96
-88
-86
-77
-63
-76
-94
-88
-74
-100
-94
-56
-106
-54
-42
-126
-60
-31
-95
-83
-94
-129
-45
-53
-58
-75
-99
-94
-62
-24
-100
-89
-37
-102
-70
-101
-59
-69
-107
-102
-47
-57
-90
-86
-86
-81
-65
-81
-111
-63
-95
-50
-87
-75
-82
-46
-77
-88
-71
-39
-70
-82
-78
-47
-126
-78
-96
-66
-40
-57
-57
-61
-130
-39
-68
-89
-64
-44
-86
-76
-76
-89
-71
-66
-98
-69
-83
-67
-64
-83
-62
-69
-79
-67
-100
-103
-44
-47
-65
-76
-78
-53
-77
-74
-78
-96
-31
-91
-60
-78
-51
-58
-44
-105
-52
-76
-91
-72
-128
-59
-46
-46
-57
-126
-52
-108
-56
-71
-57
-84
-84
-61
-79
-109
-75
-87
-75
-99
-78
-45
-111
-89
-108
-86
-128
-71
-82
-95
-62
-53
-91
-64
-124
-64
-122
-88
-49
-119
-90
-37
-39
-37
-103
-114
-53
-61
-66
-98
-38
-23
-73
-85
-71
-60
-87
-61
-70
-80
-26
-102
-101
-119
-47
-97
-105
-90
-80
-86
-81
-89
-53
-49
-99
-91
-82
-35
-52
-65
-109
-50
-73
-91
-95
-95
-81
-28
-57
-89
-89
-82
-38
-98
-117
-80
-89
-85
-45
-77
-106
-23
-65
-93
-87
-108
-67
-75
-82
-68
-86
-66
-99
-44
-48
-87
-68
-126
-70
-20
-38
-72
-79
-84
-76
-55
-59
-80
-76
-100
-75
-79
-42
-72
-106
-67
-95
-37
-95
-80
-106
-66
-110
-86
-108
-57
-82
-78
-106
-99
-51
-96
-111
-95
-79
-44
-34
-38
-95
-98
-85
-81
-71
-55
-43
-72
-90
-68
-74
-26
-68
-34
-61
-68
-79
-81
-64
-46
-72
-57
-87
-54
-95
-83
-72
-97
-71
-88
-108
-72
-39
-86
-39
-46
-99
-66
-21
-74
-48
-34
-48
-66
-110
-90
-104
-89
-60
-117
-55
-63
-70
-78
-74
-78
-58
-94
-125
-95
-44
-83
-50
-104
-49
-85
-105
-82
-81
-12
-96
-64
-90
-100
-67
-47
-73
-49
-72
-52
-70
-27
-101
-58
-109
-77
-99
-59
-74
-58
-51
-47
-44
-49
-61
-69
-78
-22
-65
-89
-66
-82
-57
-2
-82
-79
-110
-57
-65
-77
-123
-65
-98
-60
-58
-41
-100
-134
-96
-57
-35
-71
-103
-117
-85
-99
-127
-82
-57
-111
-86
-101
-79
-33
-119
-93
-73
-110
-57
-28
-77
-52
-46
-53
-22
-79
-66
-96
-72
-112
-73
-95
-94
-128
-72
-82
-61
-103
-78
-68
-122
-54
-81
-89
-54
-47
-76
-87
-86
-45
-72
-50
-64
-76
-73
-64
-27
-76
-62
-111
-25
-104
-96
-94
-85
-85
-68
-105
-56
-100
-99
-70
-71
-79
-91
-71
-71
-83
-21
-127
-76
-54
-82
-61
-79
-48
-86
-28
-77
-42
-77
-54
-45
-86
-27
-69
-60
-82
-93
-44
-117
-44
-112
-62
-111
-101
-108
-82
-81
-64
-77
-73
-72
-82
-106
-54
-104
-78
-106
-64
-66
-97
-105
-68
-93
-58
-81
-110
-55
-51
-46
-60
-40
-81
-70
-69
-99
-59
-73
-84
-86
-86
-77
-48
-57
-96
-105
-68
-23
-109
-82
-99
-73
-101
-78
-77
-71
-85
-107
-47
-78
-89
-104
-105
-90
-105
-104
-46
-80
-112
-51
-98
-98
-23
-64
-80
-80
-38
-75
-77
-95
-90
-45
-90
-57
-65
-90
-65
-75
-62
-69
-41
-83
-29
-88
-100
-91
-79
-103
-39
-93
-50
-100
-107
-39
-54
-64
-68
-98
-51
-46
-83
-31
-101
-73
-61
-82
-87
-77
-101
-70
-27
-59
-93
-120
-61
-56
-55
-55
-44
-71
-23
-81
-27
-90
-40
-83
-78
-65
-49
-73
-57
-103
-61
-53
-63
-110
-83
-56
-85
-111
-84
-76
-74
-84
-68
-40
-65
-76
-58
-87
-100
-78
-74
-69
-46
-59
-61
-112
-110
-70
-13
-49
-91
-96
-54
-66
-98
-66
-44
-107
-91
-52
-67
-82
-66
-88
-96
-93
-55
-70
-116
-123
-90
-103
-47
-81
-61
-110
-106
-39
-40
-72
-66
-67
-88
-54
-111
-81
-89
-86
-56
-115
-53
-91
-84
-55
-72
-67
-90
-62
-57
-93
-96
-35
-108
-54
-84
-57
-33
-50
-60
-84
-55
-91
-70
-59
-35
-111
-88
-93
-39
-84
-72
-91
-105
-107
-93
-79
-53
-84
-128
-46
-83
-78
-80
-114
-84
-102
-28
-102
-84
-119
-98
-26
-39
-77
-75
-133
-76
-58
-49
-31
-114
-99
-94
-64
-94
-67
-35
-66
-40
-77
-128
-58
-65
-45
-61
-73
-33
-115
-63
-52
-56
-98
-94
-16
-96
-77
-66
-46
-104
-54
-33
-115
-49
-73
-66
-44
-67
-39
-91
-84
-72
-62
-73
-80
-92
-79
-61
-43
-111
-58
-82
-90
-59
-83
-80
-33
-106
-35
-52
-69
-56
-59
-91
-131
-67
-76
-113
-97
-104
-99
-92
-87
-87
-55
-68
-76
-112
-102
-91
-117
-108
-98
-94
-79
-117
-110
-106
-51
-94
-63
-117
-98
-84
-100
-79
-61
-115
-110
-87
-69
-105
-91
-75
-65
-107
-75
-94
-107
-64
-91
-105
-102
-101
-84
-87
-81
-51
-56
-80
-40
-134
-39
-82
-45
-72
-59
-49
-82
-108
-74
-83
-119
-73
-61
-72
-80
-107
-70
-46
-77
-56
-76
-85
-79
-123
-14
-107
-32
-98
-48
-106
-88
-82
-83
-74
-98
-102
-44
-46
-67
-100
-98
-75
-89
-75
-88
-96
-70
-63
-81
-35
-48
-95
-62
-41
-54
-71
-77
-100
-87
-112
-132
-79
-112
-36
-98
-85
-88
-46
-77
-94
-80
-53
-99
-129
-73
-109
-92
-96
-59
-94
-101
-64
-96
-113
-30
-84
-68
-127
-40
-94
-75
-63
-30
-43
-79
-51
-112
-70
-124
-61
-86
-78
-47
-48
-52
-103
-46
-63
-85
-111
-78
-74
-85
-47
-83
-112
-86
-42
-114
-78
-62
-105
-91
-90
-77
-83
-101
-77
-48
-59
-33
-44
-33
-82
-58
-67
-56
-68
-95
-73
-100
-76
-77
-66
-57
-67
-86
-81
-110
-88
-21
-74
-64
-73
-53
-53
-86
-75
-70
-51
-64
-37
-61
-18
-61
-88
-71
-60
-46
-109
-70
-72
-91
-4
-36
-64
-82
-50
-91
-37
-69
-85
-75
-110
-101
-63
-98
-102
-56
-68
-71
-74
-64
-64
-67
-111
-80
-58
-121
-94
-79
-107
-95
-96
-85
-87
-102
-64
-91
-79
-35
-95
-85
-87
-51
-59
-55
-107
-78
-82
-75
-103
-44
-88
-72
-39
-69
-91
-45
-96
-41
-95
-54
-104
-102
-58
-49
-125
-62
-86
-101
-48
-45
-76
-53
-77
-101
-89
-115
-96
-60
-27
-91
-108
-74
-89
-82
-94
-42
-91
-86
-87
-91
-82
-86
-101
-104
-88
-67
-129
-62
-57
-84
-56
-35
-94
-119
-65
-125
-65
-129
-91
-113
-97
-114
-73
-87
-97
-107
-71
-62
-113
-51
-53
-81
-84
-92
-120
-84
-60
-37
-92
-67
-62
-54
-72
-79
-43
-85
-44
-107
-95
-99
-95
-126
-97
-71
-104
-81
-91
-57
-106
-104
-101
-52
-85
-26
-89
-79
-57
-69
-60
-129
-71
-79
-62
-36
-49
-75
-119
-73
-105
-34
-85
-59
-79
-52
-26
-36
-72
-113
-18
-79
-86
-87
-101
-133
-77
-41
-64
-69
-73
-102
-72
-68
-96
-77
-74
-95
-56
-74
-77
-120
-81
-32
-77
-132
-125
-72
-88
-99
-41
