377
-251
-117
-366
1097
368
363
-221
365
112
150
661
-145
472
-349
340
-1283
265
-1620
-27
-953
638
-39
-1334
-468
744
294
300
858
278
321
-514
258
502
536
326
374
-973
-212
160
-1568
-279
203
457
-561
-1554
-549
316
634
-862
356
828
173
25
450
435
53
591
444
385
368
506
-518
147
-345
110
-477
265
670
254
93
546
189
214
-345
488
14
242
-957
-272
121
-1523
409
356
399
74
787
144
460
-1143
-561
315
503
328
-410
358
325
333
265
-1190
-117
-79
361
289
-1144
64
-1425
257
-1794
-833
56
-611
-1473
77
418
-446
-1216
645
487
486
188
-30
268
121
-510
-136
208
179
-951
253
171
-1583
264
64
18
-225
436
-190
-783
353
438
303
591
408
495
126
256
335
-1864
23
523
433
662
-475
-81
333
453
342
639
149
554
359
58
443
264
231
184
-731
16
-726
451
590
0
243
491
21
74
590
290
-1
79
-791
-111
-100
445
-1363
-214
188
-956
165
514
-121
497
-152
272
-1734
-634
-99
-832
-1241
29
-927
-801
-127
504
511
-205
528
-1177
492
339
362
-816
-1296
-103
343
-155
-944
-442
396
-177
-450
609
679
-51
-308
985
324
751
218
42
272
-1240
332
237
352
195
479
-825
-70
239
464
-593
849
332
57
369
634
109
392
-1257
-1259
270
418
530
1051
257
-796
-131
406
-1322
-1696
10
-73
124
-231
384
144
371
171
152
246
-321
-429
262
-62
98
204
-114
376
-1357
394
331
-577
165
-1310
301
-214
290
-89
573
72
349
-1840
360
305
-1857
-232
-296
317
204
239
-127
132
-1584
489
-902
-441
-320
564
-103
519
181
157
-548
309
-279
360
195
570
-61
-1434
441
-136
548
433
-740
176
353
-22
475
300
244
280
-1122
-76
-13
-922
706
254
472
537
328
471
335
341
-756
421
-670
458
353
455
534
796
-68
594
151
510
322
385
-302
520
-1521
358
133
-1852
-1224
495
282
74
-1190
163
-508
366
411
598
-464
327
-1071
-1829
494
270
-521
-829
-680
84
-28
451
899
-494
142
131
318
798
640
-38
22
99
-1505
-495
726
398
112
988
75
-76
586
0
277
206
-130
213
-663
108
-543
412
513
-21
-906
465
-87
-77
-214
377
211
-1618
-248
275
-815
220
-553
-161
413
-530
-169
-1373
-498
353
533
166
3
231
-677
69
-934
346
-530
29
-825
335
-153
74
225
18
336
408
35
181
-1076
40
-460
289
-325
455
-564
541
-790
388
138
-750
-1500
268
-1854
-1393
-627
371
-975
120
476
334
459
-663
503
449
-70
370
454
327
-1214
209
563
-565
-13
-58
152
259
407
-28
-100
466
196
-92
158
397
-362
134
-27
293
376
-614
253
-200
570
480
-600
-1868
498
-294
-463
1017
393
511
864
-127
-254
46
-68
108
-348
-1143
-1863
69
444
140
109
279
287
325
-1334
-57
233
-1773
-258
373
194
313
492
-316
-726
179
598
245
294
-1569
-319
-1136
50
348
507
-812
-492
-944
356
-1586
449
-162
236
270
211
300
418
-540
-143
243
-590
-91
226
523
-713
-736
486
503
-41
-694
461
87
133
397
-46
-1841
535
651
-1321
105
140
417
342
-5
216
500
54
466
176
194
-336
-96
404
300
-217
401
44
455
-357
-80
-1719
-345
347
-958
270
446
177
-944
468
-1650
149
445
-477
183
383
113
-1042
431
478
-220
110
261
-1615
-131
417
-40
-729
553
-426
314
-544
-983
341
145
460
-1825
429
241
133
549
66
503
331
-153
329
241
275
-1866
337
-1789
236
295
112
352
-146
12
246
58
547
469
-104
335
381
436
-25
-251
719
498
603
-119
488
339
815
-74
-1347
574
229
367
328
412
-728
-522
-632
-560
158
452
377
563
446
-13
371
59
138
642
44
129
233
290
170
654
503
863
317
-593
545
-614
-111
503
42
-296
256
92
518
254
146
258
445
6
-377
347
-203
554
207
-95
297
-955
-1870
-213
265
350
281
367
304
-794
365
114
821
126
-214
340
464
3
143
-936
336
-1116
704
107
744
203
64
-775
566
430
-178
-220
176
-97
-617
329
142
460
534
289
-1838
265
316
-796
460
-1130
744
28
261
331
475
51
338
-316
-249
311
-778
68
157
374
453
166
245
217
119
-1832
-1160
-560
215
20
-508
591
-452
-483
285
-1064
206
-189
-450
-312
-319
-1173
507
-22
543
-84
-1475
150
452
500
220
228
-38
228
217
329
195
132
386
-713
147
126
-775
533
355
-49
514
286
-76
-526
-600
270
195
-345
478
491
2
-630
901
489
306
-1593
189
363
229
147
435
452
397
44
-197
-1273
414
-228
-1143
115
307
594
365
-1719
918
96
-504
169
452
-1587
436
368
424
495
329
15
475
289
326
189
339
623
344
-347
195
-974
-126
-20
-1501
352
-593
619
-195
-35
279
268
290
517
340
338
335
657
173
-432
314
544
372
136
81
-1784
272
650
69
609
269
1027
-289
358
110
408
-264
24
267
531
298
-560
-501
53
290
-100
90
146
125
522
332
618
-1140
273
354
407
501
-795
-402
142
421
440
-370
272
-604
-862
-796
-108
521
98
335
-611
-622
287
-1612
-900
-531
228
-450
13
289
165
-427
-1527
354
310
-59
-478
-292
132
323
162
255
-479
137
298
-726
-743
-67
251
280
376
225
287
-788
-670
275
292
258
-1179
559
-200
295
135
178
340
-699
542
326
726
240
-444
430
675
338
18
445
506
412
398
668
97
-951
229
-345
-369
-111
180
-307
-514
-131
350
255
268
316
-1507
295
-294
-228
-155
255
423
-1473
354
423
214
273
244
434
228
-1058
-11
-41
357
-244
260
265
846
342
434
-332
316
637
358
253
-1624
978
1048
536
-83
214
-262
389
239
-463
266
55
-38
23
356
604
72
337
-371
28
111
16
374
53
-1869
110
313
311
105
486
526
-79
557
-494
128
-1224
-318
-187
378
233
-162
212
299
-1838
178
-956
389
-155
-31
29
-78
-255
-258
411
356
201
127
467
149
555
309
195
658
404
309
-1025
167
866
13
-345
684
613
1246
108
511
-509
-173
-1842
245
253
388
517
-377
705
-276
-1357
239
-1813
277
-1805
389
-213
171
367
344
-270
-187
311
-420
-243
226
199
216
-207
341
42
446
-432
780
-988
345
44
-624
86
-52
-102
691
591
495
-244
-1185
399
-159
242
-95
-1176
469
268
333
592
94
705
-1000
732
-325
-236
452
-1685
523
409
298
-972
374
503
-441
-166
360
402
179
293
-28
369
-1624
-937
237
338
-476
-161
331
629
-22
136
52
156
-44
-950
228
-1235
274
-443
504
-1013
523
425
-91
874
-475
-439
-44
-224
254
353
-98
-1584
-161
554
148
-250
232
144
315
-676
377
145
351
-1182
-50
-90
-261
313
155
691
690
-430
205
-202
751
616
362
366
165
366
619
308
269
307
270
489
392
383
67
-106
-953
-900
312
239
-27
283
95
-891
30
-616
184
-290
-657
143
441
416
-543
-953
447
-1116
124
-1050
59
-88
-1103
143
370
335
306
-922
153
-377
-371
-107
314
456
451
187
285
318
-285
-1720
354
-1852
649
456
140
380
-111
-1085
157
-791
698
-1205
904
141
360
139
-743
237
119
525
561
253
178
319
-1007
-526
399
-1463
400
498
247
-1859
111
-795
-1773
266
510
339
545
-755
-101
376
509
618
356
-424
-367
406
-798
154
-361
-1851
441
447
-161
-409
-788
1000
95
-1194
-212
-1001
507
99
592
523
721
482
51
-794
170
399
-357
267
-83
615
455
203
327
352
302
181
394
312
77
14
508
668
158
-331
-189
77
255
-1605
181
341
221
426
-1405
-236
-51
-352
403
321
342
456
355
-1845
-425
321
327
-612
16
-139
177
262
530
255
509
242
110
-88
717
106
536
79
316
-90
-1072
495
-1517
36
329
339
256
-1169
99
611
-358
196
680
1066
-690
218
-1398
-514
59
506
856
138
-1188
407
272
317
389
38
617
110
90
342
356
-27
-54
-1378
540
543
300
-811
679
403
475
-567
93
-440
978
-350
207
305
498
257
92
332
225
143
650
374
326
443
97
269
-371
-1381
363
-27
-206
341
-1357
294
-1001
173
-516
369
-126
455
10
180
208
-1035
-485
56
438
-8
171
266
653
-811
397
-68
1027
467
428
-1270
326
405
-1464
546
391
167
-78
-1568
-963
374
407
1346
-662
389
-28
-184
264
799
331
655
403
497
-68
293
-361
591
303
-530
-384
-115
566
278
-983
393
412
424
-166
356
-1829
-683
260
274
593
325
985
-107
36
453
367
-144
120
-916
283
-550
266
524
352
-1453
267
238
213
208
611
-1071
347
124
226
89
-34
-1719
-140
527
259
537
613
555
-416
210
-210
247
192
-898
-1723
-703
129
611
306
-22
-224
283
242
-1544
488
-972
-57
195
-155
-953
-1194
360
506
595
147
-572
255
-251
208
362
180
256
509
403
404
-83
432
563
259
260
40
272
170
77
405
-440
-425
-345
233
360
-57
555
-670
499
-1703
489
-143
160
-1398
-709
158
-420
359
-1491
-617
361
-495
215
189
-387
152
257
-505
9
120
-205
335
700
244
350
-596
592
214
98
-4
-410
-1036
-1
832
547
248
312
-1838
109
367
293
456
-536
42
460
70
538
-1025
592
793
146
386
-1303
154
238
98
242
501
-106
367
-150
-144
-221
478
363
340
-225
-227
-169
295
-331
290
197
80
169
614
200
-1213
-786
411
310
396
-228
75
1019
-223
-186
492
-465
264
-395
267
383
591
309
-231
26
278
-128
-1193
-501
-1872
221
514
-1234
411
220
-109
519
-157
432
-598
-1655
-388
401
-266
470
376
-78
42
-176
-1018
-20
279
-408
-38
550
621
-81
-583
324
649
-84
-934
-927
325
301
365
-461
-495
511
171
295
228
471
232
243
-287
-296
611
87
-205
376
135
-99
305
399
-441
-703
-463
369
337
173
-218
111
372
226
-123
-427
158
37
-280
-139
-1584
112
171
-72
-954
-121
289
194
355
-692
21
463
261
-669
564
-186
592
430
-1859
-1231
213
112
-550
489
330
-1664
27
817
-434
466
-123
328
303
-354
347
-891
-477
94
84
-25
-1393
171
-412
245
-756
-1341
445
456
109
244
-177
-362
-827
637
470
366
383
54
444
874
512
-315
295
104
26
88
510
153
-267
698
-1650
29
-150
378
-237
-350
-466
-61
331
141
-101
112
406
160
204
-1063
386
525
256
613
468
636
-717
-845
-785
-136
412
-587
260
-85
-406
984
-101
-228
80
-249
759
-29
52
-1868
-1825
119
320
162
-1312
-728
-1000
390
553
283
237
-1707
-416
368
-110
319
-9
-783
268
-306
-664
-169
223
357
270
467
-652
472
-249
332
265
-88
-1344
242
298
237
110
67
380
-624
109
445
438
-97
532
239
371
355
-152
33
97
-844
441
316
-1767
341
119
505
164
888
574
1246
182
-1195
316
-1251
356
402
-1820
395
343
-1177
396
-219
-526
324
293
67
-57
-273
237
-112
-457
134
509
294
529
-485
609
24
158
201
-446
-1076
-76
-192
205
-427
502
384
427
196
486
-68
367
218
336
-20
590
69
-1385
-780
379
-72
255
-142
303
-692
402
0
530
-305
203
-1599
278
-232
569
412
340
410
-671
-176
429
298
329
201
12
-402
398
-1349
413
-20
462
363
838
558
646
125
-1698
977
-786
273
477
100
309
888
41
395
64
46
273
1063
-420
-186
336
-475
228
102
-97
-1088
349
-604
317
-1039
394
384
-737
136
290
403
136
561
267
229
-273
157
-613
184
353
-1122
244
-212
477
383
112
-110
528
-64
526
757
442
64
-1018
458
946
-72
-256
-137
212
-166
52
-177
365
383
-62
662
-764
352
424
228
932
64
407
215
591
337
-280
485
161
-1050
-469
465
594
85
328
206
-1085
307
-528
370
-120
578
369
203
102
252
-688
405
-15
-84
-253
309
-1350
528
451
167
393
-177
474
491
178
-109
-235
300
114
331
78
-449
-427
-417
-1512
936
509
105
-533
340
333
125
-30
-837
-183
24
-497
-688
-290
330
84
66
662
146
353
-1737
298
223
148
442
132
89
-108
-604
393
-685
112
-105
-395
152
409
227
270
487
655
-207
-521
-10
612
-1716
237
-533
-85
554
-203
-141
-768
528
154
-20
191
131
609
-463
165
457
46
126
285
-367
328
-667
-203
594
-410
-848
105
994
114
288
-664
208
485
-117
-1867
539
298
308
-73
388
-128
374
29
-1521
414
-1206
371
-1859
397
336
-1241
-973
323
-1201
357
-530
338
-225
136
325
759
324
-147
17
63
876
561
278
176
237
482
363
316
229
427
-928
512
-290
602
-783
-1608
331
244
138
1127
-1076
57
-34
-224
232
-68
-1129
58
465
-624
451
126
760
430
569
-447
219
488
-15
452
1048
-660
462
-222
237
-25
-1108
226
334
478
-29
392
435
376
686
529
330
318
255
174
-993
318
339
487
357
363
154
356
815
-1167
148
-284
-217
123
-759
304
-221
180
-624
377
-461
385
312
403
-1611
72
396
-227
-460
462
-281
994
273
302
-145
-811
-669
713
-349
-39
326
214
177
-19
-791
219
543
-835
-1090
-837
232
291
176
257
497
149
297
491
-775
-144
151
574
-767
86
34
465
979
-357
-1173
-1322
459
138
406
-307
-468
101
-181
280
989
365
224
-1205
212
744
398
565
-669
441
-567
-161
219
83
-907
117
113
-1521
-343
-439
405
459
475
424
-1587
264
-5
4
530
200
503
27
24
382
-561
872
428
377
-526
496
-132
157
356
504
404
430
349
420
-698
-1860
-276
315
-33
397
732
602
-105
262
567
81
341
295
442
85
-122
326
558
166
198
434
336
64
67
251
-926
348
413
473
-59
275
-902
415
-367
482
-155
-770
12
-34
260
-1383
1086
367
734
-426
-152
317
552
219
13
-254
250
473
305
104
466
106
258
-339
413
442
675
-1371
638
352
243
451
-1620
-1072
94
468
-1854
350
292
307
113
388
-287
-421
-786
336
-198
20
-1143
582
-479
290
163
-92
1346
32
389
-5
261
489
604
658
-1106
-134
279
453
181
12
552
350
-1777
346
-1509
248
-1235
-1085
-1088
167
-294
11
151
428
295
470
105
356
-1441
317
422
-506
-637
709
250
-195
617
-381
-764
-1289
150
214
401
419
282
485
-924
-1186
371
-822
-399
-233
460
-701
-912
-126
328
444
795
680
119
-391
-237
148
223
338
194
-1500
285
-465
-165
-307
332
284
-447
105
-351
-396
-812
-155
-1213
-383
-54
-1863
-305
285
142
349
586
-1780
327
418
788
203
342
-572
-847
288
92
131
578
195
235
524
376
-340
-708
518
-562
-13
6
23
267
143
-441
333
121
410
248
95
175
-69
-50
-1698
609
456
416
171
-689
-669
580
-134
70
314
-284
376
-475
-1076
-480
-648
-510
-233
167
-55
173
22
-217
341
117
-916
402
120
-87
342
260
-80
477
355
462
-1206
376
168
64
299
325
-216
314
429
219
72
-1845
-104
-5
134
330
352
402
135
-223
40
-639
-446
223
524
64
645
189
301
-79
-578
402
272
637
178
-73
354
-43
260
609
603
294
-250
386
-106
-1813
-1229
445
331
-476
82
391
544
-791
-20
-57
354
361
408
-1711
195
343
217
170
-59
-1565
291
836
-1499
320
-189
-497
-607
94
179
324
-1471
-492
-340
595
-179
328
185
-5
418
-305
-761
-235
12
-854
360
-1
29
451
485
291
-305
93
166
-574
285
163
142
158
325
165
255
523
227
-80
622
-117
270
44
458
717
458
-1425
-1845
205
-219
-243
436
-1637
113
-373
205
357
-1849
-1676
806
45
-2
-13
-378
-127
91
-294
201
566
787
70
-463
-72
105
234
-184
-38
291
-775
365
276
-325
287
-1128
124
-460
261
773
460
561
-713
453
488
-452
373
496
-1516
331
27
468
-692
-220
-1357
-339
408
562
406
267
-153
54
364
477
163
486
-410
-1848
-844
-364
507
550
254
2
-284
627
152
494
352
313
-107
303
324
-664
272
411
46
80
276
450
386
-184
416
216
62
726
-203
-41
-449
-459
271
223
242
287
457
426
492
85
367
125
95
-107
215
768
-401
-1509
493
-631
250
-1002
418
511
465
393
-833
230
228
-522
43
771
992
259
372
699
179
126
-1723
373
-518
441
-1283
178
728
340
-73
279
486
28
957
176
398
595
126
-401
2
565
-15
-718
356
-1160
-1868
384
585
240
-1273
297
-538
326
343
216
172
-718
-859
-224
294
82
-1166
-635
-477
-333
352
-1200
-1303
-57
-951
324
333
712
-1607
330
-984
-231
-124
-497
314
107
10
476
173
339
44
128
-421
-676
354
136
-83
294
400
486
900
416
936
155
490
580
108
357
337
314
315
335
374
273
31
-39
119
-263
285
140
450
-1063
442
577
-60
871
590
-868
363
480
-258
319
-277
-1517
-627
358
239
-708
-1564
484
-59
-146
-1196
287
-30
-572
-83
577
389
-159
512
422
297
334
307
647
456
125
613
130
464
559
-290
374
-262
-641
137
592
94
158
315
607
507
596
-842
199
-1065
112
-279
-719
-270
-1527
383
63
-980
-115
517
-65
-346
320
-45
-671
507
-914
146
-621
-1163
262
543
-1831
605
506
638
160
304
-241
296
-506
-1865
148
303
-603
608
247
-1296
-993
284
688
185
26
120
467
443
-39
260
-1184
-128
320
-984
189
523
-147
253
523
-336
-1256
590
-62
-75
517
-965
411
-388
174
36
149
194
-21
343
427
-8
-1808
898
389
-73
152
437
-700
-804
77
170
237
-238
103
-872
-362
512
374
409
381
-737
785
-218
-10
-102
305
547
234
129
99
223
78
501
4
254
-433
-770
411
-137
440
113
-1605
-152
503
154
75
329
69
505
-966
411
272
347
98
-1312
111
558
303
296
-495
107
563
449
-987
-195
-450
355
3
-396
170
484
-65
236
-934
-270
133
179
-1062
-236
655
-338
325
-1322
228
407
64
-59
195
356
-1521
175
426
-54
438
520
115
374
371
-210
136
-374
-1848
4
-342
607
566
-52
105
121
189
82
306
528
-296
383
-1070
-187
-719
-940
315
-1719
-603
-1841
-344
-1038
360
-1835
-440
-1378
177
44
309
-1397
-62
67
479
505
84
-1037
309
-1340
922
239
-980
135
92
283
285
344
-280
-934
379
-843
30
-1042
-157
-172
-865
-423
-590
211
-6
-108
498
545
662
326
641
-1699
420
416
-1512
180
417
108
426
211
-1283
-45
157
389
-219
443
-23
-1380
203
-119
403
-297
-503
380
-1322
-120
-1126
-1421
-1378
-183
348
374
-1421
129
-322
300
97
617
600
-1200
565
-805
399
429
830
191
459
-1487
265
573
325
514
521
-685
162
-524
392
165
209
468
212
358
54
-162
289
-497
233
-178
-760
-794
115
372
-306
-685
368
-956
-1866
112
-1362
-105
363
-401
408
285
-1334
202
-463
434
726
-99
349
617
257
-87
-77
536
-32
-854
-389
272
-1368
166
1097
-42
347
-1703
-117
314
214
121
-925
-549
154
611
-911
932
431
536
706
-15
-495
226
217
122
-1787
1128
-442
-240
-1371
349
-785
-140
-137
442
511
-87
89
713
421
282
493
498
171
31
800
612
932
231
306
332
152
224
330
-99
539
430
671
599
559
46
-1350
268
-131
383
-183
-584
-1179
492
118
75
505
-299
-294
-261
264
446
458
596
-1780
-370
-196
-640
460
403
327
-186
155
339
-141
74
49
208
-907
452
-134
-755
546
330
-1794
206
737
367
688
-214
-1852
215
135
-306
723
413
-222
-980
-1592
411
-798
68
-276
603
483
605
280
394
550
325
-1160
445
97
-107
-140
37
350
-481
216
-280
424
574
173
-138
-432
353
393
295
189
592
430
443
479
391
-744
247
719
-1866
-156
18
152
509
552
-143
146
531
196
-740
237
230
647
323
-552
562
208
728
99
174
229
-1196
518
356
255
-1843
-31
181
330
201
-988
-37
331
669
-1214
-620
554
-652
282
232
346
107
359
-291
-296
-539
331
-242
-670
657
-907
366
539
150
-1622
231
222
-1128
348
905
595
-358
482
342
242
549
533
263
-729
165
-1078
146
201
385
473
503
213
187
445
261
-1743
261
401
99
372
263
157
233
-1775
573
254
347
245
203
-755
-1793
216
-1081
-813
-14
-119
-1108
-59
-575
-420
119
566
353
304
-306
175
44
16
99
443
-829
-135
-145
201
895
-1176
348
-934
-501
218
-1397
662
108
314
440
342
148
-1708
1146
99
-911
-616
161
93
-1624
389
188
368
575
12
-1348
-248
-83
-914
433
386
248
353
337
-1039
-59
416
828
1021
337
566
314
832
-272
335
554
475
-501
278
-662
308
132
109
-1503
221
640
-689
84
344
261
480
-114
-306
1000
-416
-725
-760
237
302
423
328
519
314
566
-189
-396
179
-593
585
130
523
27
-62
85
-48
639
113
-5
146
594
-236
-449
363
239
167
892
-603
-685
245
569
-1158
535
389
262
-589
530
611
167
313
189
66
-1314
382
93
-287
-1537
263
211
369
-124
-349
955
354
-99
23
528
-1501
-841
385
-982
534
-88
-131
370
-30
441
286
-358
13
-79
-59
608
374
-497
-1848
508
-103
466
372
300
-647
166
652
104
424
195
31
377
264
411
295
213
-1061
626
220
-434
-410
-122
825
-157
737
-1349
-146
135
407
-1065
362
898
318
-699
-142
-238
133
-31
158
641
204
-312
599
-622
-214
846
-387
422
500
524
347
311
-717
306
195
18
-1857
-162
-1341
-174
453
-105
346
635
-452
-1314
-347
374
-186
-284
320
843
280
-952
436
357
226
338
-1521
66
261
397
63
355
602
-62
-50
-253
627
562
-1794
407
-1863
491
151
252
-38
318
-465
-305
591
337
585
-301
340
757
510
177
-388
242
352
405
480
456
356
876
-69
459
-332
-345
204
47
654
-646
303
369
69
384
209
-620
225
477
447
220
-420
501
6
491
348
403
340
493
416
446
304
-1167
228
573
281
26
69
235
314
132
242
332
347
-131
-434
-561
382
435
200
-408
518
-857
639
24
573
283
-1537
0
62
374
-69
179
231
98
-992
98
304
-349
45
76
899
944
506
480
473
-126
380
667
450
79
460
18
257
217
114
295
977
-910
-1143
493
-183
859
-639
-114
-67
354
-1499
486
-58
-127
185
413
-175
354
-50
-1593
-1153
-1791
-161
285
358
-1815
18
-28
-616
171
518
285
-111
359
-983
450
470
376
102
84
457
744
-212
467
398
762
87
293
402
659
-42
-1195
-925
264
-384
393
304
136
-415
197
342
86
44
228
-40
-1091
-203
-1499
37
374
245
306
328
226
428
-519
418
-191
577
-1727
97
864
-1127
-1708
-1419
376
-220
427
-1869
-191
480
-573
719
-99
709
297
303
-589
1137
-410
430
-708
26
-305
989
377
-238
455
-1839
133
318
458
136
-136
352
749
-275
743
273
22
54
-165
532
-922
55
573
352
61
165
-1
253
-423
-275
492
1063
133
179
573
191
-1434
-1733
386
280
110
405
487
-92
-377
-140
148
-693
179
-124
230
170
283
-970
160
249
293
-300
-88
-78
275
633
251
-49
366
483
-383
256
-604
574
269
-424
196
-805
-26
62
280
396
-992
-216
405
426
-301
207
301
491
110
14
70
-111
-168
166
138
139
580
268
-313
-37
-143
209
-706
-135
526
-348
24
272
-2
-38
149
134
521
398
-1138
150
-442
-138
86
161
230
-1007
-406
229
-1062
175
273
684
626
289
-758
486
407
-1716
624
291
619
650
115
-258
-1348
13
424
267
-1471
266
401
-795
-924
442
317
-543
-86
-1786
-1103
-758
-533
-1521
530
-1170
303
-434
243
-145
557
337
-457
39
-165
200
465
-436
-1545
147
-1458
363
260
94
313
398
309
478
-22
461
170
-92
-443
-1840
-377
356
307
-270
-412
-562
-443
169
-36
-446
300
95
478
-460
-73
-441
397
375
-382
679
58
405
535
176
273
331
-1570
398
-495
-951
-1163
291
350
328
385
82
350
-462
133
226
-207
467
-936
324
-224
93
693
-290
403
-221
-1710
-1563
370
263
-203
231
257
454
71
477
181
521
357
125
333
360
-296
356
382
737
-106
124
503
87
-354
489
-1587
28
176
366
493
421
314
310
489
-70
325
40
-398
-146
65
507
92
59
127
562
530
202
80
34
-28
256
-39
473
-203
427
332
-934
-1763
-13
708
591
563
553
114
311
-809
288
486
-1451
-795
-1456
339
-25
617
280
659
-54
228
356
-1216
-7
-197
345
-1081
-952
142
-403
402
98
523
-203
-73
-1403
-980
-345
-165
225
-845
-996
-301
123
161
376
286
376
543
460
955
789
-1741
232
522
316
668
391
-172
442
-495
403
-487
142
-1419
473
98
-192
284
-1607
-206
456
428
173
-442
87
-161
182
680
999
252
193
-1583
270
-129
324
559
593
515
211
300
984
419
-966
491
441
315
152
-311
189
474
263
440
426
-213
-177
241
-857
553
328
24
331
-286
470
712
459
-820
-641
-5
793
-587
-524
280
62
404
229
-287
-366
107
32
-1849
-1773
-1385
533
187
207
55
-129
403
-114
132
264
255
348
346
737
170
418
343
-748
379
-173
365
255
-908
45
-125
-862
-712
378
313
147
491
133
-1679
836
251
-851
54
439
413
470
378
34
352
66
505
609
721
92
355
112
285
93
-1031
206
-213
387
376
-351
86
123
-92
387
413
152
586
-726
651
-167
318
-632
39
279
-1850
-205
365
367
358
235
-98
193
308
184
389
445
-387
-428
245
-498
436
-225
-835
-590
473
-526
413
360
33
-434
-23
-669
-92
-198
728
462
215
386
348
270
362
-32
396
22
529
417
516
549
-1314
-671
280
-604
114
161
441
224
-669
156
256
437
134
271
-854
-640
577
-1229
-391
-155
-811
605
-910
121
231
-703
373
-337
-123
270
-107
-796
-275
-266
-1086
-162
124
333
443
-310
174
-1070
589
762
37
-358
-820
-207
-1069
-379
68
598
659
31
153
-59
-408
-985
-1523
381
-206
-348
-32
436
302
198
489
550
108
333
671
-1668
124
199
322
-15
88
535
807
-1108
392
-213
369
471
-108
326
-257
355
-726
231
-462
-255
287
427
313
-212
940
503
-370
-231
6
409
714
-855
224
-777
273
338
-1870
-105
447
-1710
-34
605
-1321
236
-561
26
508
361
222
-104
678
531
292
374
-329
371
267
647
488
-1696
-1470
-466
418
-205
403
-950
152
-907
-225
-1784
449
34
109
582
-335
-396
484
97
-986
-2
-225
-99
-519
650
257
598
339
-227
-1506
301
47
96
-477
366
365
341
161
301
-1039
325
-817
103
210
-52
-255
479
357
428
-37
485
46
391
154
667
-1113
637
228
291
166
37
379
437
-115
181
-1256
714
-367
145
352
349
134
208
470
-54
296
392
489
86
340
-750
-198
-1445
-240
-791
315
214
-1567
-778
591
349
-153
320
-309
197
140
-583
-701
-683
557
326
615
177
90
487
-79
-1334
143
-573
245
-564
922
-271
650
-9
42
194
531
-1707
415
-250
360
-20
606
396
489
409
366
578
93
559
-1293
376
-988
147
-549
-101
9
760
233
193
-165
516
472
582
-596
-224
119
183
176
409
399
62
347
486
403
266
-560
13
-90
-1859
-606
27
237
615
-183
435
29
486
-544
-768
199
357
562
232
343
-20
-1007
270
-755
-1820
228
553
244
509
675
334
167
-390
68
-924
-58
771
979
152
650
555
-280
-1758
393
798
461
633
-245
327
319
-531
925
63
168
290
315
-578
489
-218
180
616
119
490
-48
389
167
409
429
-533
98
-257
275
626
-1045
377
213
227
-263
86
10
272
272
-1358
347
465
456
613
474
553
157
-426
280
-1214
-409
979
411
143
265
-224
-430
547
342
445
-123
104
734
129
333
-20
-939
281
292
489
-1584
-387
425
487
-339
555
121
43
-355
86
-465
773
575
526
175
717
373
276
233
447
119
420
283
517
119
125
-572
-104
792
-339
511
317
-153
126
229
-191
136
129
450
-54
342
171
236
229
-1481
-463
313
114
393
-1342
520
424
332
-1862
87
396
66
-60
128
429
-363
394
438
148
-446
76
684
233
14
-79
-52
-33
171
-216
339
116
-1088
435
81
26
586
332
-731
435
736
151
-250
532
230
229
144
-1667
-925
24
-875
-429
518
676
95
29
-1394
253
-1251
109
212
-76
353
-179
291
278
-822
413
534
505
-236
285
-162
704
462
-538
-1656
396
408
385
332
-184
-1291
-383
591
-337
337
-906
272
238
-90
-618
412
182
-1733
-1292
-991
0
114
-187
203
639
-999
242
55
478
505
157
-1860
780
29
802
330
-244
395
-660
429
-249
308
207
439
-1775
846
78
-1193
173
217
70
-395
516
118
-62
-46
259
729
281
-498
-651
-335
-1725
-1863
17
533
79
87
-616
389
-213
144
82
300
-13
293
-562
-1464
491
444
-1442
158
263
300
281
569
108
-54
-331
-1743
362
-549
389
357
-837
-107
476
287
-362
-133
124
193
-414
346
-590
-70
135
193
65
349
388
473
-381
492
261
482
248
126
-562
34
56
-344
204
-1362
157
350
371
578
-109
427
571
520
54
432
466
105
116
251
-634
87
435
890
-334
531
-631
340
304
-110
-1863
-837
238
395
280
-58
165
93
-1257
66
26
-481
129
136
-558
-925
191
-623
-67
-444
285
-598
464
-207
412
-86
99
346
-546
432
-1252
432
-658
26
-10
276
395
-1035
288
112
304
413
-843
227
507
-911
575
-1252
165
-1185
496
463
-966
-1720
-1340
278
-1568
-58
659
-26
133
887
331
281
-993
216
-498
-443
154
466
270
-584
-1570
521
219
-1368
360
-432
-751
988
759
117
-196
528
337
245
-69
430
452
458
290
-596
521
118
1146
-1727
830
151
793
334
38
131
313
-1347
219
294
538
71
224
-549
-1380
477
415
636
469
-333
324
-273
-183
-13
479
-826
-321
34
204
212
670
-414
317
473
25
440
305
906
580
-144
-963
105
436
-1069
-216
249
-396
171
-1025
475
307
-1855
199
489
-1653
-444
-1850
318
360
410
403
101
649
245
456
-1485
280
535
411
356
258
-688
539
558
702
268
-609
686
577
497
-809
292
210
-51
-70
371
255
323
-62
198
37
-73
-857
527
-982
107
482
180
-657
-186
-1521
119
468
-1787
255
-243
-928
272
-67
154
653
466
-858
366
285
435
469
593
197
595
189
-273
331
467
603
81
301
210
-210
-1045
417
366
218
417
339
396
-406
78
118
-170
136
280
446
349
305
563
204
403
239
52
294
112
-442
135
-1653
-1086
-671
-931
230
209
143
178
171
-1479
15
229
557
296
66
112
-1655
215
799
220
280
478
506
310
417
768
-1216
670
328
154
-449
120
146
34
-538
403
426
-439
585
257
-727
-147
609
-290
334
243
475
339
263
-390
-527
216
222
99
-429
392
257
402
-374
143
490
-105
54
203
133
-907
68
185
-203
190
-855
354
-357
75
1026
162
-167
729
370
450
471
307
-1343
-1808
107
104
446
318
662
-718
208
459
500
260
416
277
-84
-227
346
-326
577
346
-169
-726
1017
-986
-20
-1203
458
509
370
543
616
629
108
517
139
-76
-14
-463
378
126
515
372
-760
131
-280
175
142
-228
-692
-483
-969
-61
86
90
-635
385
399
92
-461
443
-558
15
206
107
-1373
438
-1573
50
50
482
-145
-223
371
289
523
-731
311
412
-457
-370
347
404
646
233
225
-224
321
234
1167
617
859
743
261
521
451
306
353
75
232
113
401
-1281
-1166
-671
176
331
-541
200
-279
173
-59
193
-561
538
244
-281
385
412
-145
313
331
372
297
283
-5
445
-181
169
335
-613
181
517
240
374
-1358
344
360
65
-1629
-1205
210
-1381
-479
211
449
339
-333
259
376
-972
331
-331
280
165
595
487
-925
458
231
180
-45
34
133
279
-1696
-392
356
187
408
-1839
-461
211
352
268
460
-281
-111
-475
-709
277
873
418
1333
12
-1852
352
318
512
187
-258
219
944
-146
389
351
-181
-439
33
90
541
293
243
371
-64
48
267
514
329
478
134
-455
-93
255
-108
166
262
417
214
687
289
546
136
344
248
684
397
-30
438
-98
-217
215
31
184
455
-969
-746
-1456
-1332
-310
-140
-59
499
476
-1332
582
31
171
-249
226
233
309
208
-40
303
-1113
158
355
987
-28
166
334
561
275
-253
279
433
101
-955
-410
129
35
-1544
231
-1805
-516
188
300
278
102
29
146
304
179
75
-24
-227
478
-725
9
210
-881
-1466
690
216
360
-210
368
422
-1408
508
43
344
1030
0
103
350
196
-180
-1636
311
85
383
199
377
468
296
468
-119
42
407
362
-390
-36
-418
-457
-175
436
-188
95
136
468
-384
-225
557
-62
793
350
382
465
989
-371
-646
198
402
579
-251
486
142
347
364
-216
-305
180
-513
-480
554
-1458
-93
-36
223
-194
-64
13
-43
423
-205
-526
233
197
285
844
-783
216
495
385
-141
-27
-1586
-101
103
-1205
515
222
-748
92
-235
157
248
95
