-34
-79
29
-32
-14
-47
-56
-53
7
3
27
35
-60
-62
-128
-5
-97
-44
-7
-7
-35
-18
-46
-9
-66
8
-44
-76
-51
13
3
-9
18
20
-24
-1
-71
36
-48
-55
65
-60
-35
-13
-43
-19
13
-6
-30
-45
-39
-48
-79
-62
28
-49
-86
22
-61
-69
46
-44
-40
-68
-17
-50
-63
44
-115
-122
-52
23
-41
-29
0
-33
-52
-31
-30
-41
-18
-46
12
-41
-71
-19
-47
11
-20
-71
5
21
-52
-32
-64
-32
-8
-37
-26
-15
-14
-10
-15
9
-35
-71
-7
-56
-86
-37
-24
-37
-49
2
-1
-27
-15
-128
-62
23
-19
-45
20
23
-75
-77
1
-88
-21
-11
25
-78
-9
-7
65
-22
-71
-72
-2
-100
-33
9
-33
12
3
76
-65
-50
55
-26
-22
-59
-53
-11
-62
-96
-32
-24
-44
-117
-85
-25
-32
33
-42
-109
-25
-48
9
23
-43
-2
-24
22
-15
20
-53
1
-109
-76
-41
-32
-21
-27
-81
-18
-10
-92
-61
32
-9
-94
-129
-33
-50
48
-19
-48
-24
-63
-42
-85
-54
-17
-77
-7
-11
-3
-32
-93
20
-39
-11
-61
-38
43
-8
-75
-128
-69
-85
-56
-63
-25
-64
35
-27
-62
56
-87
-30
7
14
-23
-29
40
-4
-22
-41
-51
-44
-95
-47
-81
15
-37
45
-53
43
-56
-41
-1
-5
8
-39
-30
-87
65
-64
-76
-61
-15
-74
-107
-21
-68
-1
-57
-23
-102
-32
-78
35
8
58
-35
-6
-7
-9
-60
-13
-38
-15
9
-35
55
32
-90
43
1
-28
-2
-59
-28
-11
-40
14
-4
-135
83
-27
7
-129
-21
26
-21
-53
-13
-37
-64
-27
53
-45
18
-21
-63
39
65
-88
-21
-57
-64
-144
-19
-8
-51
66
-40
-68
-53
-72
-31
-24
-102
-49
-24
-8
-60
-22
-28
-35
-52
-32
-59
-24
7
-14
26
-39
26
-96
-26
17
13
75
11
8
-21
-51
-59
-44
27
21
-74
-48
-41
-16
74
-22
-58
-111
-51
7
31
-104
-34
-34
-95
9
-107
-30
-4
-26
-26
8
-68
-73
-31
-22
-23
-20
-29
-17
-33
-5
-46
-16
-43
31
-45
-69
-47
-143
-20
-18
-15
-3
-175
-5
-93
-117
-104
-37
-27
21
-26
-42
-78
-77
-20
39
-34
-59
-6
-31
38
-74
-109
-1
-28
-38
-68
-120
-46
53
-12
-76
7
-112
-56
-6
-38
-89
50
23
-20
-11
-43
-22
-34
-119
-41
41
-35
-8
-85
-48
10
-8
-64
-45
-37
-34
-14
-78
-19
-45
-67
-92
-17
-68
-3
53
5
-19
-8
-7
23
19
-23
-46
21
25
-16
-62
-61
-20
7
26
-92
-85
-154
-81
-47
-53
1
-4
-85
-48
52
-50
-37
-14
60
32
-12
-9
12
35
9
-28
-81
-15
-89
-8
-9
-35
-35
-2
-15
-76
16
-3
-136
4
9
-137
-4
58
-67
-6
-57
-61
-30
12
-12
-9
-7
-66
-50
-59
-34
-47
-3
-71
-117
-75
-37
0
-35
-61
-22
-4
-52
-4
-60
-56
-2
-4
-71
35
0
14
-15
-39
-13
-83
-115
-35
-50
-28
-2
13
-78
26
-55
-16
28
-51
-24
-50
9
-69
-27
-181
22
-83
-29
56
-62
-4
34
-83
17
-47
-44
-46
-40
8
20
-68
-15
-14
-68
-95
-61
10
-2
-35
-8
8
-49
4
-38
-181
-41
-101
-45
-29
9
54
-21
38
-14
-2
15
-20
-47
12
-21
-71
-56
-28
-41
-29
17
-87
6
-67
-1
-124
-55
-76
-52
-5
-109
-34
-43
-81
-24
29
-76
-5
-50
-68
-72
-66
-32
14
-108
-10
-75
-25
-57
-51
-78
-77
-39
-95
-77
-50
16
-40
-26
51
52
43
-37
-11
-11
-50
-95
-32
-55
-20
-24
7
-36
-50
-8
-69
-22
-52
17
58
-6
-84
3
-5
-39
17
-63
-3
43
-8
62
-99
-60
-85
-20
-64
-95
1
-58
-2
26
-55
-102
-1
-9
-56
-58
-55
34
-53
-84
-27
-23
-63
14
-87
67
-43
-50
-43
-43
-10
-27
32
16
-23
-92
-48
-5
5
-5
-40
-45
-29
22
-17
15
27
-23
35
11
96
-5
7
-30
4
78
-93
-41
-74
-75
8
-48
-70
-5
-14
-57
27
-85
93
-5
-38
-26
-29
-108
-15
-77
-17
15
-28
-58
-41
-57
-30
19
-60
10
-39
-38
-47
-4
-24
-48
-89
-40
-64
-4
-39
21
-61
-50
0
-63
-57
-24
-126
5
8
-64
2
-76
-16
-28
-61
0
0
-14
-4
-126
-60
2
-10
-29
-17
-31
22
-142
-49
-36
17
1
78
-64
-78
-50
-43
6
-170
-104
-35
-64
6
-44
3
-46
0
-33
-67
-66
-156
-15
-134
-43
-13
31
-7
-79
-8
-49
-64
46
-35
-79
-84
-61
-38
-65
-28
-33
44
-31
-13
-14
-70
-83
19
-14
-65
8
-121
-38
-30
-43
-34
-17
-45
-36
-2
-80
-95
-27
-58
-123
-46
-50
-59
-30
15
-62
-5
-95
89
-62
-66
-51
-37
4
-32
-18
-83
-55
-39
65
-23
-84
29
-10
-1
-10
-23
11
-19
-28
-63
-15
-61
31
-11
-17
-55
-63
47
-7
-66
-66
-26
-2
-28
-43
-22
-43
-70
-15
32
-22
-93
-7
-75
-41
-49
-48
32
-58
-16
-68
-1
11
-27
-30
10
-11
-78
-65
-82
-7
-19
-41
-42
-62
7
39
-21
-45
-71
-11
-28
52
-74
-45
17
-65
-61
-32
29
-85
-2
-51
-102
-63
-34
-139
-4
-93
-138
-45
-72
-37
-57
-87
-56
-41
45
-7
-30
-114
15
-19
5
6
-93
-15
-94
-83
-17
4
-28
14
-47
-19
-16
-28
-56
-5
0
-1
-42
-40
-50
3
7
-23
-38
-7
-94
-72
-69
10
19
-100
-118
-5
-161
-80
-39
-49
-9
14
-28
-35
3
-75
-48
-2
4
-32
-95
-53
-7
-13
33
44
-17
6
-129
-13
-55
-20
-105
-7
20
-31
-24
5
-60
-105
-12
-37
15
-13
-70
-36
43
-11
-106
-6
-31
-51
11
22
29
5
-1
-68
-49
-30
-76
25
30
47
42
-47
-82
-14
-62
-139
-84
-52
39
-34
-82
-22
-24
-49
-22
-55
-20
-53
70
21
-74
-112
6
-78
-46
-39
7
6
-15
6
-60
-52
-40
-129
-113
49
-48
-47
49
-58
-36
-19
-64
-33
-118
-43
21
42
-6
-11
-21
-39
-7
19
-36
28
18
25
-28
102
99
-80
-8
-93
17
32
-45
36
-26
25
6
-67
28
-29
-54
-111
-7
-74
26
-2
-73
14
-38
-44
-30
-22
-44
-22
-23
-18
1
-26
-82
-59
-96
-99
-7
-60
-72
-81
-49
53
32
-36
6
22
8
46
34
-28
22
-34
-83
-72
-23
-18
-43
39
23
-28
-89
-36
-74
-11
-94
-34
-8
-27
-79
-7
-42
-5
-13
-43
-26
-3
-20
-55
-46
-117
21
-46
-116
-14
-37
-20
-60
-109
-23
-27
-61
-37
-54
-108
19
-55
-7
3
-36
-71
-88
-7
-60
29
6
33
13
-28
44
-109
-61
-14
95
-89
-45
-18
-24
-24
18
-134
-100
-53
-55
-18
-12
-74
-39
-46
13
24
33
-31
3
33
43
-27
-1
15
-69
-93
-71
-75
59
-18
1
-108
-39
-24
-106
-33
-41
-3
-66
-45
-183
-13
-87
-26
-1
36
-112
-33
-7
-54
-95
-66
-12
-67
18
-39
-23
-6
-49
-14
-20
-69
-24
39
-8
-20
-79
-32
4
-82
-37
-64
-25
-39
-26
104
-39
-48
-26
17
10
-26
-68
63
34
15
11
20
-22
46
50
-64
-76
36
-174
29
-65
5
5
-41
57
-47
-31
-16
-32
-32
-5
-44
-90
-12
-5
-26
24
36
-31
-22
-32
-65
-13
23
-77
-50
27
15
18
2
-6
19
-67
-78
13
0
-32
44
-28
-64
-59
32
-57
-7
66
-3
-33
-50
-61
-125
-67
-9
-63
5
0
19
-52
-6
-68
-44
-48
-82
7
-22
-41
-43
-44
-3
-51
-26
-58
-38
-50
-5
-37
-60
79
-66
26
-71
-19
-57
-21
-20
-112
-71
3
-49
-31
-61
-15
9
-21
-67
17
-42
3
-9
-71
-87
0
-3
9
-41
8
-54
-78
-53
96
96
-26
30
-24
48
-33
-126
-34
-65
-15
-11
-58
-14
-48
-1
-103
-80
-17
-13
-8
-44
-4
36
-11
-1
-23
-42
-51
-11
-14
-24
21
-20
-69
15
-4
-92
-67
-91
-55
-21
-39
-49
-31
-55
1
-37
-81
-23
-7
35
-10
-32
8
-50
-37
-47
16
-5
-142
-74
-61
-10
5
-57
-47
-64
12
-38
-79
5
-25
-39
-8
-54
-30
11
-28
-29
-28
-14
-20
-16
-75
-31
-40
30
-36
-74
45
-61
-83
-1
-99
-18
11
-89
-72
13
-31
62
-19
-44
-24
-89
-30
21
13
-73
-1
17
-53
5
-35
9
-16
-18
-29
-35
-14
-74
-7
-16
39
-97
-23
7
-32
-9
-76
-19
-16
-66
46
-36
47
14
-48
-58
-16
5
46
-48
51
-46
-77
-4
-29
-4
-22
-46
-71
-42
28
-31
-31
-55
-52
-86
30
-30
-49
7
-10
-40
5
-28
1
-24
-31
39
-23
-16
9
-102
-39
-87
3
22
-71
29
35
-49
-144
-84
9
24
-78
-45
-29
-16
-44
-49
-14
-29
39
-95
-78
21
4
-24
-73
-59
-54
4
-28
21
-3
-27
-42
1
-44
-23
-19
-3
-15
45
-9
55
0
-111
-50
17
29
-51
-59
-1
11
-71
9
-25
-5
-112
-51
5
-93
-45
-92
-101
-45
-53
-60
-17
18
83
-37
-80
-54
-93
-49
-85
-34
-151
-22
-2
-105
-76
-49
-49
-74
34
-42
-1
-59
-15
19
-45
18
-75
8
-88
-37
-48
4
-1
43
-17
-6
-69
-56
-65
70
-20
-60
-71
-54
-14
-106
4
15
47
-35
-38
-42
-91
-110
-75
21
46
-24
-61
-55
3
-88
-88
3
-46
-46
-100
-44
-3
-26
-75
-51
-40
31
-77
-145
48
-64
-20
-82
32
0
-31
-47
29
-15
-5
-41
74
18
-3
-96
92
-51
-39
-14
-36
-37
-55
3
83
2
-79
-26
-4
-59
49
-40
-54
-32
-32
-13
18
-46
-84
13
-15
42
-44
10
-12
-86
-31
14
-72
39
-9
40
-56
46
-36
29
-18
40
-89
-32
27
21
-36
-68
-1
-19
-59
-64
-54
16
0
-38
-74
-16
-83
-57
-15
34
-27
-41
-33
-45
-51
-84
-32
-13
6
-53
-74
-7
-71
-117
58
0
-71
-12
-72
-23
7
22
58
-86
-97
-36
-23
-10
32
10
23
-18
-44
-47
-2
-51
-49
-16
-23
-78
-20
-65
1
-72
-42
51
-1
41
-1
-53
-66
-18
-17
-33
-44
-79
-56
-57
-67
-74
-72
27
-64
-47
-84
-87
-19
-70
41
-29
-80
-117
-86
-98
-1
34
25
-45
8
-81
1
19
-87
-7
-65
-75
36
-47
10
-38
-8
-50
-61
-9
31
-76
32
-41
-11
6
-11
-1
-86
-56
-47
38
-48
-31
-57
-47
3
-38
-104
22
-35
-53
-64
-22
-45
-85
-37
3
10
-70
-46
-51
-50
-68
-21
-86
30
-30
-7
-51
-55
-36
-24
-11
10
37
-51
-77
31
-71
-1
-33
-29
-63
26
-44
40
-82
-82
-9
8
25
-38
-7
31
41
39
-23
57
-24
-32
-54
-29
54
-72
-1
-25
-32
34
62
14
-26
-28
-103
-31
-85
-19
22
-43
-33
-62
-25
-50
-86
-30
48
-53
-45
-27
-109
-43
-31
-17
-69
-67
-129
-34
-52
-59
-35
38
-31
14
-21
-21
-20
45
-14
-30
11
-33
16
-137
43
-18
53
-77
-8
-128
-68
-40
59
-94
-36
-10
-15
-37
-50
-14
-43
-5
-42
-18
-7
-12
-103
28
38
26
-52
-86
21
-75
-32
-56
-41
-56
11
10
-31
-86
-73
-56
-72
-39
-15
-16
43
-20
-26
15
-4
-129
-47
-90
-47
-5
-51
-71
-11
-26
-45
-21
41
13
-68
-36
15
-53
-61
-57
28
-134
-75
-5
-66
-37
-1
-82
-20
-52
-78
-71
2
-63
40
-37
-43
-9
7
23
-34
0
-23
-49
-52
40
-117
-2
-19
-24
-20
-9
63
-128
5
-21
-112
42
-23
-58
-44
-80
4
-32
-42
-39
-68
-51
-29
0
70
7
4
-62
-62
28
-28
-26
-3
-35
4
13
-26
22
-51
-57
-49
26
-81
-92
43
-44
7
-35
-16
-11
-77
-39
-3
-27
26
37
-9
-39
-13
-39
-125
-44
27
-32
8
-43
36
-29
-106
-88
52
-20
-73
-67
-26
-78
-55
-98
11
-102
-54
-1
-30
-49
-8
-75
-6
2
19
21
-4
-63
-30
-11
-33
59
-55
-12
5
-44
3
-71
59
-93
1
-73
-1
-13
-164
-41
9
-8
36
-78
-13
3
64
25
-87
-44
88
40
12
16
-34
-50
-42
-92
-57
-76
-89
22
17
-3
-47
-26
-67
-31
-41
32
1
-12
-49
29
-64
8
46
33
-58
-20
14
60
43
-44
-5
62
-50
-40
-31
-86
-33
32
23
-96
-46
8
22
9
-29
-23
12
-50
32
-162
-24
34
-50
-77
-31
-36
-67
-55
-58
-30
53
-175
58
-80
-42
-51
-38
-62
-51
-4
-40
52
30
57
-73
47
49
2
-60
-46
-103
-64
25
-111
-34
20
-70
-24
-99
-22
-74
12
-16
-33
-17
-4
-71
46
30
77
-20
-53
-95
46
-5
5
-24
4
-45
-74
40
-50
-14
-98
-43
-86
-8
-2
-16
-64
3
-45
6
-44
3
0
-56
-42
5
-24
-37
-62
-50
-24
-71
25
1
-63
-14
39
-4
-70
-53
-114
-85
-18
-49
-54
-26
39
-69
-131
-85
-18
-56
-14
-25
-12
-62
-14
-45
-13
-55
-39
30
36
-1
-31
-65
-125
48
-26
-19
-3
-38
-68
32
9
6
8
-103
3
-60
-68
-76
-3
-47
-67
-16
1
-63
-55
-92
-29
-22
-33
51
-91
-42
-31
-76
-40
-62
-23
26
-85
-43
-61
0
-20
-52
-38
-94
9
-96
-19
-90
-13
-2
-31
-48
30
-61
4
-12
-19
-31
17
-3
17
11
7
-102
-2
27
-60
65
-23
-41
3
-46
-55
-48
19
24
24
9
38
-10
-62
-16
-39
-134
-46
29
-39
-39
-8
-50
-4
-3
-23
-83
44
-82
-26
14
-12
26
21
-54
-68
-109
-34
-33
-58
-15
-21
-91
-35
-20
-23
-7
-44
-29
7
17
-49
12
-42
-20
-34
-134
-21
-71
-60
-73
-49
20
-69
33
28
-12
8
-90
-73
-23
-7
-7
-30
-19
-86
-31
-18
-46
-53
-48
-45
-71
-31
-31
-50
18
-17
10
-52
-98
67
6
-27
-53
7
-63
-38
-31
-36
24
-31
-56
-40
-27
12
8
-4
-39
73
-41
15
-15
-38
-50
-118
-29
42
-100
-2
14
-28
33
-21
-64
-96
38
-61
-32
42
-62
-1
-21
-52
59
22
-46
-47
-69
-66
-12
-52
-31
-44
-17
-74
-9
-72
-67
6
-73
-10
-17
-43
3
12
-109
-58
-49
-2
-20
-117
-71
-119
-27
63
-12
-116
-42
-39
65
-9
-43
-30
-3
-49
7
-55
-37
4
-1
12
-54
6
-24
-41
44
-145
-16
-53
-12
-96
-13
-32
-100
11
-43
-112
-3
-15
-53
2
-52
-17
-4
29
-128
-37
44
-52
56
-8
-81
-60
0
10
-65
-19
-5
27
4
-82
-71
-2
-11
-7
-1
36
-58
-48
-83
-51
-132
-30
28
-48
-19
-37
-2
4
-20
-35
-37
-78
-36
-103
-82
-52
-11
-32
6
-81
-102
17
-89
-7
-43
-64
-53
55
-62
-23
-55
-17
-5
-161
-32
31
-51
55
-17
-51
-22
-83
55
-39
-22
-25
-17
-43
-20
-96
2
-82
-39
-25
-9
-6
0
-68
-5
24
0
-38
-32
-46
-52
-6
10
-26
-24
-11
-98
-73
-58
-15
-24
-62
-3
1
-4
15
24
14
-21
12
-31
1
-34
-76
29
-46
-8
-17
-69
-6
-1
6
-72
-96
32
-60
36
-3
-17
9
40
-16
39
-7
-27
-19
9
-1
-83
-107
-43
-64
-4
-41
-74
-66
-9
-37
-86
-42
32
-40
-57
88
9
39
-14
43
-93
-84
-24
-35
-72
-49
31
-41
-139
-3
-47
-67
0
-11
-63
-53
-47
10
45
11
-82
-71
-10
-11
-17
-114
-75
8
-71
-77
1
-44
-94
45
-73
-2
-32
-55
26
7
-29
-84
16
36
-46
-1
-68
-3
15
-12
-69
-121
-42
-29
-18
51
3
-8
-85
-47
35
-12
-69
-66
-78
19
-23
-18
-68
-19
7
-37
-48
32
-49
-30
39
-71
-63
-99
-61
-34
-57
-44
34
-114
-51
-24
-37
-55
5
40
-38
23
-35
-58
-23
12
-14
-85
-24
-28
-57
-18
-75
-87
3
-129
26
17
-57
-39
-31
-1
2
-50
-18
-36
31
-24
-79
-17
-64
-1
-60
-59
-79
13
-54
-38
19
-23
-82
-72
1
-135
9
-78
-108
-35
-96
-128
-96
62
-63
-8
-45
-45
-94
-50
-3
-24
-5
-12
-79
-1
-37
-45
-67
5
-6
25
-68
19
-83
0
49
36
-10
36
40
-46
-105
7
-44
-63
46
-5
-97
-6
-26
-10
17
43
-61
-43
59
48
-15
-63
31
36
10
-26
-17
-3
36
-29
-60
-57
-16
24
6
-16
-3
6
-80
-3
-14
4
26
-30
-33
-82
37
-11
-17
36
-47
-43
-36
-4
-78
9
-76
10
-37
-9
7
-39
-35
-57
-75
-117
-36
-123
-47
-8
15
45
-6
-52
-8
-12
-25
-25
-40
42
-27
-39
-42
-61
-43
5
-27
-88
59
-62
-84
-21
54
24
9
-53
-4
-54
-11
-40
30
-79
-14
-51
-38
-74
-4
-31
39
39
57
-70
-64
-68
-39
40
-53
-75
-160
20
42
-9
-20
-67
-61
-36
-70
-84
-55
24
17
28
-7
80
-25
-63
27
-16
-60
-73
4
-62
-60
-49
-38
-37
83
33
2
-85
-54
-17
3
8
-19
12
-73
-85
-43
-92
-11
-35
-31
-35
-9
-95
-4
-8
-120
-40
-54
-22
-2
-10
17
-22
-6
-61
-30
-15
-10
-55
-77
-73
-72
-96
-19
-124
-18
-78
-14
24
-31
-1
-78
-27
-21
-2
-51
-69
-33
-64
4
-128
-12
41
-55
-65
2
-75
26
-74
10
-33
-57
-41
-41
-10
-39
-49
-42
-1
-92
-88
-54
62
-27
-76
-49
-95
-18
-1
-52
22
14
10
39
-109
-20
-68
-83
-51
-45
8
-86
-68
-44
-1
9
10
67
-39
-93
2
-91
-13
-2
-39
-92
18
22
-4
-8
-22
-23
-80
-63
-83
-87
105
-37
21
-5
30
-56
-30
-35
-76
27
4
66
-58
51
-157
-84
-48
34
9
7
-74
-20
10
-119
-46
-6
-12
-4
-15
16
13
-37
-2
-72
-44
-103
12
-20
-3
-61
-59
1
-125
-24
-63
10
49
-95
41
-36
35
-70
-34
-36
-65
-93
16
-93
14
-40
-81
16
-58
2
57
-77
-13
19
35
-51
-34
-99
-128
-17
-27
41
-71
23
-47
-26
-9
-92
-2
-27
5
-32
-8
-24
-40
-28
65
44
-27
-20
20
25
-53
-59
-31
-58
-45
-4
-8
-67
38
-72
4
-101
-121
-33
17
-55
-13
-37
-29
-85
7
-19
-48
-79
-9
-6
-138
2
-60
-59
-138
-77
-48
72
-50
-59
-56
-69
-35
-32
-10
-37
-91
-32
-24
-23
-12
-24
-80
40
-110
44
-61
13
-23
11
-125
50
-66
-116
-2
-3
32
-53
-28
-72
-52
-13
-1
-38
-36
-35
-46
-21
-47
-45
10
-31
67
-32
5
5
-175
-133
-68
-5
-50
31
2
-53
-70
28
-51
-16
-16
-38
32
5
-49
-45
-68
-45
27
-48
-75
32
-2
-101
-23
-51
-10
10
-7
5
-28
-40
-44
0
-74
-55
45
50
-1
-42
-77
-21
40
2
-43
-74
-28
-50
-27
43
-52
25
-72
-32
8
6
-16
-21
-41
11
-65
-14
-21
-14
-87
-117
-64
22
-40
-3
56
-102
49
-24
-86
3
8
8
8
-71
-77
-55
-37
-47
-101
-3
-129
14
-62
-73
-121
-6
-7
-5
-14
38
-43
1
-24
11
35
-89
33
-132
-64
-25
29
-37
-8
-42
24
-43
-26
19
-53
-56
-74
-35
-18
-63
-42
-38
-106
-34
-5
6
-9
-1
-62
-18
-56
0
40
-93
-54
5
-43
27
49
-64
60
40
-12
-31
9
-160
-21
25
-63
-51
-61
65
-47
-49
-41
-26
-38
62
-65
3
-21
-30
-44
-22
-28
-71
-26
-16
39
7
-75
-82
-85
11
15
-2
65
-91
-91
-5
-31
8
19
-4
-34
-75
-5
-27
-33
41
-15
-31
-64
-93
-6
2
-51
9
-64
-52
-4
-89
-74
-11
39
-121
-145
-64
-29
-66
-53
-73
-88
-67
9
40
-35
-49
-93
-28
-54
17
19
-46
-60
-25
-49
-109
-2
-139
-97
5
-92
-89
-64
-21
-73
44
-73
-40
-53
-12
-46
30
-45
-53
-65
42
-55
-27
22
-36
-2
32
58
-121
-129
10
9
-77
-79
-82
-8
-102
15
-45
-20
-86
17
-25
-73
20
0
65
-77
-47
67
11
-1
-65
-23
23
-20
-128
18
-45
-62
-20
-63
-87
3
-69
-60
-18
-51
59
-56
20
39
-28
-48
25
-45
-20
-32
-27
11
-53
-31
6
7
-36
-52
-41
22
-70
52
10
-54
-26
-97
-3
-8
16
-16
-42
17
-9
-12
41
-41
-39
-41
-49
-1
13
-38
-36
-89
5
-14
26
-53
-74
-8
-83
-31
-1
41
12
-82
-88
8
-23
-86
-22
-23
8
-55
-67
-62
-118
-57
30
52
5
-1
-1
-36
27
-41
-93
19
1
-47
-31
-36
-72
-38
50
2
-14
-37
-41
-74
-1
57
-95
-89
-67
-40
-18
-112
-95
-28
-13
-68
-57
-9
-53
-27
-32
-1
-104
-29
29
6
-19
-33
-17
-83
28
-14
-14
-56
44
-54
-58
-46
-98
-23
-73
-26
-55
-137
-19
-37
22
27
-7
-141
-60
-71
-23
-56
12
41
-24
-44
-28
13
26
-67
-53
-93
-49
-62
-81
-11
19
-14
0
-44
18
-44
-78
22
20
-46
24
2
-24
7
-59
-31
1
-46
-29
-71
-43
-55
-25
-82
-44
-5
-101
-32
-3
-104
-4
-75
-53
8
52
23
-65
-29
-17
-30
-40
102
-3
-44
-73
-49
-21
21
62
-69
41
-34
-17
37
-29
-108
18
29
-21
-12
-50
-20
3
-2
-27
18
-9
-75
-117
-74
-7
-34
-38
-9
-27
-10
2
-20
-61
6
-9
-1
-56
-40
-54
-10
10
10
-41
-4
-45
43
-30
-62
-71
19
23
-128
34
-107
-56
-46
-52
-43
-2
-4
-14
-6
-36
44
-54
-41
-5
97
2
28
-37
-38
100
19
-23
-28
-18
-14
-28
-75
13
-28
-56
8
-52
6
-103
-30
-79
-96
18
-53
6
-69
-78
-40
-92
-3
16
-67
-59
-68
-95
-44
-146
11
-35
40
-10
-12
-7
-25
-122
-92
8
12
14
20
-68
-24
-23
-52
-113
-39
-24
19
-64
-53
-89
-37
-7
-48
-46
-91
-82
-37
-119
-87
-9
-5
-51
-71
-23
-20
19
60
-64
-82
41
-14
-1
-74
-67
-14
-73
-10
-56
-19
-71
7
-32
-85
-44
-45
32
-19
-58
-26
-28
0
-1
91
39
-1
27
-18
-31
-16
-44
45
-40
16
-47
-101
-94
-20
-101
-20
-45
51
-133
1
3
-60
-4
8
48
-6
-48
10
-4
3
-28
20
-70
-76
-72
-45
-24
-48
-16
-82
-8
10
-77
-58
-47
-40
-39
-8
18
-41
3
-14
-45
-67
-65
16
-93
-102
-130
8
-30
-12
-11
-21
-15
14
-57
-65
-27
11
-47
-25
-39
-92
-39
-46
-28
-120
-35
-19
3
17
-40
-28
-39
-61
-23
6
-1
49
-29
-170
-100
-85
-5
0
-74
-123
-15
-39
-47
-11
-75
7
-135
-20
-22
-88
26
-41
0
-179
-87
-51
-66
-5
-93
-96
-30
-11
-8
-63
-40
60
-83
55
-133
-79
-1
1
-57
-43
-83
-54
-18
38
-23
-15
-24
-121
-113
-16
-33
-80
40
-85
-29
80
-51
-19
9
-82
26
-23
-9
-5
-47
26
-15
-22
-39
-19
-47
-47
29
-34
58
-37
-42
-164
-42
-9
-11
24
-71
-21
-44
-69
-20
-40
-46
39
-13
-34
-74
-57
35
-1
-32
39
46
-86
-25
-43
-60
-31
64
40
-15
-59
-92
-105
-46
-62
-57
27
-57
45
-169
-59
-21
-76
0
-40
-38
-44
-45
11
-62
-49
12
-69
-130
-5
17
18
-13
-30
-103
-13
-50
-62
-81
4
-55
-77
42
21
-6
-57
-24
-4
42
-40
23
53
-63
-53
-112
-67
-46
-14
-104
-89
-49
-28
-129
-33
-19
-138
-4
-85
-32
14
-90
46
-116
-63
-42
30
-10
-44
-68
-62
-18
-20
-44
11
11
-38
6
-78
-164
-3
59
-73
-6
-103
-37
-31
-82
-9
-4
-53
-37
-69
-12
-8
-78
-72
-57
-66
-33
20
-96
-51
-79
-45
44
-6
27
-6
-55
3
53
-54
-61
24
61
-31
-42
-46
-26
-80
-3
-17
-95
79
-1
-87
31
-66
-94
-91
-87
-26
-36
-91
-49
-86
-77
-24
-21
1
-46
-2
-34
-24
-15
-8
-14
-48
-8
85
-35
-64
-141
-45
-52
-53
-4
-93
-78
-42
43
-33
-17
-26
-61
-45
-9
16
-59
-19
16
-8
-31
-32
-22
-10
-76
-42
-35
69
-26
-20
-25
-115
-55
56
54
23
-52
14
-28
26
-65
9
28
-10
-62
-1
-17
-16
-43
-30
-37
-37
22
-68
3
36
-68
4
7
-52
-14
-13
36
-70
58
38
-21
-18
-108
-11
-3
-139
27
-61
5
-66
18
-88
14
-47
-16
7
-31
-101
68
96
14
-30
-49
-110
-98
-9
-63
-19
34
-25
-71
-5
11
-69
-36
-38
-43
-90
-75
-74
50
13
-82
-78
19
6
-41
-5
22
45
60
-65
32
-38
6
24
-20
-54
-62
33
1
-26
-67
0
-30
28
-83
-53
-40
-12
24
13
-10
-85
-62
-2
-5
23
-82
-99
-35
-47
-54
64
-14
-18
-20
-80
-59
16
-37
-78
-84
23
-52
-29
-23
0
102
-79
-61
-67
25
-15
-52
-63
1
-144
49
-19
27
-57
-116
19
-1
-105
3
7
37
-6
25
-39
-88
-35
-102
-63
-1
-117
9
0
-1
16
-52
5
-96
57
46
-58
-1
-35
4
-17
-84
4
-36
-10
-31
-8
-13
-20
-120
-15
-17
-7
-54
27
-21
-45
-22
-62
-62
66
-46
-62
-71
29
-16
-60
-60
-33
-14
24
-42
-80
9
-40
-46
-28
-10
-96
-135
-26
-57
-31
-29
-20
-51
-84
19
-49
32
-24
35
-97
-40
-57
26
46
-6
-74
-79
-105
3
-19
-69
-100
-75
-54
-74
-46
-32
-10
-18
-35
-8
24
-39
-1
-42
-55
25
-74
-54
40
86
-92
40
16
-60
-1
19
-1
-70
-69
24
-2
-69
-21
-14
-34
-12
-76
-71
-94
30
-14
-29
-16
-46
12
-126
-59
42
34
-68
24
-68
100
-51
-48
7
15
-37
-61
24
-80
-82
3
-56
-59
-29
-107
-41
7
21
-13
-23
1
-54
-82
-23
-31
56
-114
-29
-87
-29
-3
-25
-94
18
-85
12
-16
-76
-117
-82
-42
-36
14
-46
-77
4
-17
43
35
-128
-39
-16
-95
64
-62
-8
-35
34
-52
-50
49
53
48
37
-23
21
-89
-83
-92
-37
-88
-61
-19
21
-32
-97
-17
-79
-53
-80
-69
12
9
-83
29
55
45
-13
-11
-62
-18
-77
-18
-70
-72
-18
-22
50
-53
-7
9
43
-3
15
-46
-49
-18
-45
11
-70
-34
1
25
-62
-29
-15
-41
-17
-41
-42
-9
-72
-34
-16
-5
-77
-28
-8
-56
-12
-81
-85
-60
-47
-59
-87
-63
-66
-34
-51
-63
-36
-45
30
-30
-66
-8
-36
-3
-40
78
19
43
10
17
-122
-87
-73
-79
-14
48
-40
-25
-72
-17
-78
0
-9
15
-1
-77
-4
-43
11
-52
-46
-64
-95
-26
-79
-10
-47
52
-10
-27
25
56
-6
-14
-29
-73
-123
-56
-17
-29
-26
-75
-41
18
-87
-13
-71
-22
38
-80
0
-45
-78
-26
-56
45
32
-3
5
22
42
-86
-43
-90
27
-15
-70
-11
-32
27
12
28
42
-26
-159
25
57
15
-97
37
-37
42
-11
-39
-57
-45
-75
-27
-35
-76
-34
-66
9
-6
-70
-3
-27
-59
-22
-89
-78
-15
-92
-35
-53
-5
-78
44
-5
43
-8
-58
18
-18
-12
-52
-24
-70
-71
7
-76
-5
-4
51
-19
6
-55
-32
-7
31
-113
-4
-51
-39
-95
-60
-68
-32
-8
-51
-37
-28
-51
13
-77
-40
-64
25
-24
-78
-52
-94
-41
-150
-130
86
-39
-55
55
-45
-57
36
-4
-85
-116
-28
3
-3
-44
-66
7
-40
27
-42
-19
-16
-41
9
-35
28
-7
9
-14
-54
7
-57
-55
29
-1
-43
30
-50
-35
38
23
-112
-68
18
-78
42
-39
-27
96
14
104
-43
-85
-98
-134
-29
-10
-53
-37
-34
-20
-128
70
20
0
-106
-73
-18
-30
21
54
-10
27
-74
-52
58
-12
-16
-64
-53
-53
-128
33
39
-49
-7
-70
-41
-10
-12
36
-33
5
-77
-13
-69
40
-93
-96
-100
-29
17
-33
-54
-50
-64
0
-3
-60
-76
-33
44
-16
-116
-47
40
-118
-52
-27
-36
14
-3
11
11
-117
-62
44
-32
-57
-94
-79
12
-162
-99
-20
-3
106
3
-97
-41
-84
-9
-53
-32
-75
-7
-49
4
-31
14
-101
-69
-11
-34
-50
5
-37
-72
-14
-31
35
11
-9
-66
-114
-37
-28
-1
-74
-53
7
-25
-66
-40
-15
9
-11
-92
-68
-49
-76
-40
-66
-44
-22
20
-103
-64
-53
-53
-17
-30
15
-3
33
-1
-6
-35
-38
29
39
-35
-66
45
44
-7
26
-27
-6
-16
-53
-9
-75
5
29
-68
-18
-78
-46
-18
0
-96
-4
-48
37
-5
-70
-4
-88
-87
44
25
-99
-34
-27
-58
-47
-46
13
6
-82
-86
-6
-8
-17
9
-34
-47
-2
38
-18
-102
-14
16
57
-15
-37
-42
43
-5
-9
74
-110
-96
-46
-93
-67
-62
27
-77
-37
-117
-8
-54
26
-4
-130
-108
-35
-137
-63
-67
-27
-32
23
-143
-53
-42
-81
-33
-87
-40
-137
50
-56
-108
-20
-80
-41
34
-30
-88
-53
-19
-7
5
8
-8
-141
-24
-22
33
-72
-24
-39
-10
-88
-99
6
-42
7
32
60
-21
-54
0
-22
37
-26
-72
-125
-55
-37
-69
-97
13
3
-64
-17
-39
9
-14
-11
-72
-15
-46
-86
36
13
-55
-4
13
9
-68
-98
-76
-78
-43
-50
-6
36
-27
4
-53
-78
-13
-68
37
12
-9
-33
-38
-78
-5
-17
-17
-94
-95
-45
25
1
-44
-36
-16
50
3
-51
-15
-97
-77
-49
18
-78
-39
-11
37
-79
-18
32
-42
-45
-59
-56
39
-78
-53
-30
-71
-9
64
-77
-14
-99
-29
-24
-65
26
3
2
28
-76
-11
-64
-76
-94
-21
-22
-6
-65
-63
-36
-3
-20
-63
16
-43
-44
-8
-33
-34
-66
21
-88
4
-93
38
-66
-40
6
-48
42
17
-4
28
-80
-2
-21
-78
58
-47
83
-7
-93
-104
-1
-100
13
-136
-52
-32
67
-53
19
27
3
-14
-82
-26
-6
-13
-49
14
-62
-26
-48
-80
-25
17
-13
-57
-11
-81
7
66
-59
-43
-70
-24
-127
-93
38
-120
-43
-29
-23
-37
-17
-3
-8
-22
-13
-93
-64
11
-76
-11
-54
-59
-81
-64
-66
-75
-28
-19
-96
-38
8
-53
27
-85
-56
-57
34
-53
-15
-24
-18
-41
51
-42
10
-37
-47
0
65
-107
19
-76
28
-15
-9
-58
-30
-45
19
-75
-63
-92
-33
9
-14
-46
0
-3
42
-2
85
-7
65
-14
27
-58
-43
-43
-92
47
-54
-37
-34
-35
-146
-63
-60
-5
10
5
-73
-109
-76
-54
-43
-36
-58
-74
-78
-64
-86
-61
2
-52
48
-25
-120
-42
-13
-51
-1
-46
11
-28
-41
-60
-14
-27
-13
-70
21
-32
16
32
-37
5
-64
0
-55
33
-54
-78
-77
-9
-22
-75
-60
-48
-41
-76
-90
-103
42
50
-65
43
3
-51
-4
-53
27
-76
6
25
-115
80
22
-41
-27
-11
-22
-42
-83
-18
-73
-22
-78
-54
-18
-61
5
36
-15
-12
45
56
-24
-11
-41
21
-56
36
-27
-23
-47
-93
12
-55
30
21
-78
-46
-50
-8
-33
-125
-62
15
-22
-26
-20
-37
-30
-48
-100
5
-24
-14
-22
28
-60
-68
-68
-82
28
-94
-32
-62
7
-3
-32
2
-8
100
-38
-95
-50
-53
-94
-44
-34
-19
-9
9
-87
-30
-95
1
-16
-65
-26
-45
-80
5
-60
32
-115
-7
31
23
39
34
2
-18
-25
-46
27
-10
-11
-30
39
-83
-20
-34
-30
6
-75
-12
40
10
-18
-59
-1
-8
4
-24
-74
-56
-30
-31
57
-88
-42
-76
66
65
6
29
-57
-26
-92
18
-99
-80
10
-100
19
1
-53
-1
-33
-64
-43
-122
-90
-102
-42
-27
-2
-29
-55
-85
-81
-79
16
-15
47
-85
-68
1
-71
-70
-49
-95
12
-57
43
-76
-100
9
19
40
-171
-17
-4
-26
-121
19
-36
7
-9
38
-9
92
-102
-9
-49
-121
13
-53
-25
50
-31
-8
33
25
-41
-2
-42
-131
86
-11
-32
-9
47
-76
-40
-41
-12
51
-47
-60
-82
-121
15
8
-96
-42
-101
-47
-33
-8
-7
40
-49
-8
-14
-121
-63
-17
-72
-64
17
-15
-32
-90
-11
-28
41
-31
-39
-15
-23
-164
-31
-5
-84
-10
-31
29
-10
59
-35
8
-14
-44
-51
-101
81
1
-29
-20
-44
24
49
10
-1
-61
-74
-29
-67
-12
-67
-1
-1
-6
-2
-32
-34
-33
-34
-18
-73
-84
-109
-29
-92
17
17
35
-94
-61
38
21
23
51
-26
3
-33
-7
-116
0
-140
-2
-4
-51
-32
-32
52
-122
-11
-58
-130
25
-35
-9
-42
20
44
2
-68
-18
-26
-12
-32
-37
5
42
-102
-28
-145
-22
-1
-75
-105
-70
-56
-27
23
49
82
-13
-84
58
-120
-40
-49
-32
-58
-7
-7
46
14
-40
27
