412
24
199
1002
-1191
321
478
93
1137
173
-1090
174
-89
281
88
-86
-721
-1354
133
-226
-360
-141
-195
-106
486
-786
438
-884
1225
168
652
-66
-424
-873
-2
-865
181
-312
-285
360
-208
-374
-954
-464
652
-127
814
-12
855
55
-1154
-737
248
-612
1154
-584
291
-132
546
-98
-1126
715
-253
-118
-76
169
278
-249
-582
112
-58
-92
263
-751
-1736
380
420
314
-257
75
370
-9
-412
-285
-1330
603
349
-1
-92
343
519
72
209
580
394
916
318
491
-56
228
29
144
231
276
108
444
619
-144
211
365
424
463
-1241
185
-56
-1325
472
-54
15
407
371
-77
129
345
1021
165
86
590
-382
-119
475
184
223
-102
912
-366
314
394
-358
-727
-384
-58
-1157
81
197
99
-110
-1502
259
-119
228
388
-402
-367
-393
-554
848
-249
282
-1053
-497
-62
-893
-624
568
49
-120
-111
608
-935
236
173
503
-1120
263
242
-52
942
-1621
688
-175
-1190
151
294
228
18
5
-297
13
29
-44
-536
186
139
51
729
561
241
-439
626
173
-192
-1330
-580
54
55
-56
135
380
862
47
-147
468
748
219
-145
-137
-1141
-640
-75
-394
-572
139
251
518
831
-176
479
116
-1371
825
-72
-861
-211
-168
99
-299
-163
-526
-212
519
-964
-364
-61
65
971
-60
334
-6
608
-196
221
484
68
269
648
82
-456
-45
3
-451
33
273
578
-230
-242
461
-31
1
-1163
99
-448
507
-34
-3
-38
277
-155
-385
-25
620
277
-23
535
-145
446
437
126
-90
167
294
-70
746
163
-261
189
111
241
195
704
-20
-649
-102
89
-507
146
373
-352
-1255
487
-1582
210
-602
-91
164
-189
-13
713
-1502
285
343
327
-954
-184
147
-311
122
412
105
551
85
311
267
-1333
-87
92
-335
17
62
-222
-34
-23
449
8
-470
556
-74
112
-177
-337
929
-1006
433
39
50
226
474
324
-45
205
547
248
-227
-181
12
-580
-348
-494
-448
-80
-536
28
646
-486
-1100
-29
378
-223
163
568
47
-88
-100
1055
-13
451
685
391
-66
-45
525
-165
-595
168
-4
883
-61
435
615
-22
16
-725
639
276
-278
52
-149
52
-192
494
241
257
-819
71
-93
-1405
-651
-298
1012
340
309
439
-216
577
-213
327
-109
566
167
169
-71
381
96
-362
-1386
828
-451
453
-229
-154
181
346
-1545
277
-401
182
846
216
102
-124
430
-665
586
537
-108
-814
-253
750
-1100
142
-329
189
12
-130
-229
-364
397
276
456
-137
207
393
-18
-314
-126
15
-155
1135
-444
524
399
1013
320
-231
5
532
-131
329
-25
476
-113
87
-298
-2
-291
407
-319
-708
166
-961
-70
264
-909
240
386
-710
-82
476
-399
46
32
511
-48
476
-321
17
-53
-61
-81
-50
-114
138
97
-41
-94
-413
-643
-78
-373
118
783
197
-63
-46
334
415
147
-77
242
114
-978
-74
-1247
391
-177
-24
-150
118
234
-1572
-234
590
-1166
-295
-922
318
-659
-59
-960
-628
27
-942
510
-113
-306
405
164
-58
-6
382
-746
-129
-658
73
-216
-168
311
162
249
146
-71
611
537
56
-981
-195
-210
170
460
450
409
-145
-216
204
-17
-1052
662
-497
-1048
-1417
268
245
53
-60
226
675
-117
296
511
273
702
-1136
369
231
-131
407
110
-1559
50
478
496
508
-520
-475
-776
252
489
459
16
397
172
-167
-184
234
-5
433
-403
936
-15
-872
474
-368
531
-197
-51
336
329
-708
122
60
-321
-67
-435
276
-22
126
-210
1149
208
519
-40
-328
131
-339
-538
1178
212
-643
839
71
83
-296
437
453
335
471
168
-960
255
-223
453
-138
-187
360
-321
486
-27
-304
-846
399
151
-70
1250
231
281
-257
-372
336
96
168
871
318
18
236
321
161
245
-271
-45
545
57
-1051
-855
380
123
-1210
299
-513
364
-364
499
563
-711
-25
-182
-760
-161
-811
-1163
95
-51
-275
153
149
261
490
666
327
-261
352
116
-196
2
288
50
-33
299
643
-411
392
483
96
183
127
-17
-305
-146
45
-155
351
678
-483
-306
-104
74
538
-304
-29
320
276
378
609
392
-73
635
375
-22
89
157
485
-215
-1109
506
-855
-74
-1018
-245
-321
913
174
-101
746
-565
-106
356
84
331
7
425
249
-413
715
-446
379
-827
388
-95
460
-22
181
266
-317
370
903
46
-301
-558
-56
404
-1239
-506
185
281
45
406
-1325
54
-385
584
-455
91
354
-810
839
386
92
-154
3
23
-100
260
618
-374
479
-72
-425
56
-350
45
-1333
345
-891
-171
-144
-194
11
-350
319
252
-426
85
-403
14
351
397
-1051
558
289
388
70
-175
528
231
-1153
-11
262
202
-1105
372
-96
-398
126
-1187
-135
-462
257
-149
6
-57
-947
142
1178
-236
-360
-1096
-147
535
685
149
583
-402
308
151
-387
-1059
-118
230
-150
385
67
288
89
-101
-161
-153
378
621
99
-197
-1079
-57
-113
58
854
-247
319
-97
171
126
-369
-26
-86
547
418
-399
288
90
-121
-523
20
206
246
53
159
-358
-364
788
299
31
219
-417
-435
-810
232
71
618
-612
377
-384
460
-3
69
341
302
247
174
-302
-292
25
1
501
520
-12
-601
310
-259
230
277
-48
265
444
-44
831
-43
-76
-1359
300
27
636
13
-410
-426
523
-257
-291
-371
-525
-1213
251
-1393
83
548
136
32
115
92
-1218
-348
181
306
-582
-114
-1047
-32
-326
-247
22
350
31
340
-98
71
209
340
216
-117
-283
-82
-65
894
340
-475
59
1014
757
-309
-1249
407
89
-312
-343
151
424
-721
357
-65
-278
694
729
-64
-896
746
627
-112
-681
-495
10
40
-218
-1053
-18
436
-261
-218
52
-824
258
455
-26
154
-137
-953
194
-298
-246
256
164
-214
141
-145
522
168
370
576
89
177
300
-858
34
-56
66
261
-649
399
-373
198
-58
615
104
455
-599
231
71
314
483
4
195
-153
-777
-28
198
463
-59
-435
392
-46
937
5
-668
365
508
115
-111
-879
-509
142
94
-6
-58
208
692
-728
798
13
-505
-40
356
-276
415
626
306
-141
258
-77
8
-38
584
471
-231
-112
713
-196
433
-61
821
95
41
-509
-216
433
184
98
113
337
-43
-9
-89
274
525
168
-364
80
-570
-340
-1023
136
366
-22
105
-415
276
73
400
191
-155
9
180
100
-633
58
669
-194
-342
703
460
329
-131
-253
368
-228
-100
883
472
-17
-178
228
553
1100
-112
-239
444
380
54
165
492
-840
301
568
-96
609
682
73
241
-849
-610
281
-222
443
-163
619
-370
-1189
532
-311
395
345
-1058
-190
395
-308
886
49
-132
-1633
520
1142
-830
374
687
501
432
-15
-1023
235
368
519
-154
58
-102
-548
502
-553
-218
758
-238
157
-819
486
-55
227
52
391
110
-61
-75
-30
-792
73
-15
715
-331
-1863
320
101
87
578
230
-10
-1117
-1048
297
112
146
293
-275
-673
-254
-467
-395
-32
364
33
182
916
640
122
-176
-512
-216
-268
-1
-125
334
-276
68
839
-235
564
-202
662
145
136
-409
-719
123
593
58
-209
-26
72
-715
-362
240
-1390
-703
-81
-678
-1017
-259
268
947
-262
555
-428
286
-72
49
-76
-1159
409
-298
151
1482
-83
-157
708
-1676
-242
-776
371
115
185
240
-656
13
-616
300
314
183
-206
469
49
-638
-1099
-246
-1109
-75
439
-1239
-38
-341
-377
-296
288
-1056
-1472
-234
268
47
-384
-645
73
-188
23
-193
580
-195
656
511
100
-671
-651
-992
-23
-1021
323
-167
484
-1159
-75
416
-141
-83
-135
448
-1037
443
-108
89
-79
-444
114
-169
158
126
416
-234
272
27
27
450
395
-335
452
-479
12
320
-1434
428
-238
218
104
-2
-284
-898
-487
-234
-112
425
256
66
-123
-488
-331
466
1007
492
78
181
536
387
-188
-134
-306
77
-1593
302
24
-765
-319
-167
-42
-144
-500
212
-245
271
-58
-461
538
82
129
-62
702
-205
-425
91
234
-253
-1201
240
13
30
-208
603
-326
-113
315
203
52
288
-747
119
-330
118
-320
110
-962
38
-4
494
209
-203
-219
114
-483
-60
-422
438
151
-192
99
409
270
346
-745
-215
-102
932
-130
-1099
961
-134
556
-300
-183
-1172
-725
282
-56
-247
-40
-1202
-1631
413
384
-106
189
-69
-459
473
-374
-886
360
163
259
61
288
-349
-262
-145
-746
395
-1423
-26
-356
545
303
-55
-1747
498
-155
537
-38
-1412
-83
-11
-653
268
-28
615
162
261
635
-283
-78
-1354
405
154
267
-268
722
-479
327
-48
-283
-117
113
93
516
153
-47
59
-136
-255
-634
116
-998
252
-653
-42
-359
-158
63
-152
-1052
-298
318
70
-250
185
1
436
762
-1349
-964
30
-794
921
262
-1051
-486
-40
318
391
-98
526
-1582
610
291
391
-18
-524
38
-160
-1218
15
455
231
305
331
-21
-594
-254
108
340
607
173
-223
375
-170
-39
-21
853
16
298
264
-1082
18
449
106
-203
-79
-199
-387
1
-51
58
274
-253
175
1100
100
661
-1018
-207
-86
50
-1523
238
-224
104
-485
532
932
218
885
347
-10
433
390
319
430
17
106
-81
-975
-105
240
-425
59
117
-117
111
550
838
467
373
-1014
248
452
-182
-461
-797
326
72
-486
-163
83
-600
302
907
-649
-479
367
355
-902
44
694
-51
354
236
-978
-222
-117
-884
329
-4
195
-525
-342
-132
695
729
-2
63
396
491
138
-222
520
-394
160
-42
203
664
-57
-53
572
-1658
407
7
289
-71
-65
614
-358
151
263
-95
182
402
499
-772
41
440
205
569
68
-167
476
614
409
284
240
206
-144
402
420
-165
363
-44
-126
-208
6
291
-434
-307
183
-251
335
-303
494
-134
-257
516
-78
-533
-1205
-1343
839
-117
294
-413
124
485
261
27
-287
542
-101
-1018
313
-1032
-1368
1027
553
-348
282
124
-373
-1238
484
145
244
-364
-142
-96
-510
334
-219
44
-1007
23
726
857
-647
-59
146
520
370
455
-222
32
-328
242
34
124
-1341
-330
74
900
186
548
504
-224
-86
-302
575
-236
-78
283
-642
-1006
26
36
778
148
511
-15
337
-232
-86
-640
-789
-350
-160
151
-97
-172
-285
18
319
223
-66
102
302
64
-273
1309
-1583
-91
-96
-950
221
-1174
698
-234
392
-790
4
6
-180
250
108
610
498
141
65
-15
448
16
356
157
729
-101
416
63
-547
-209
-1
-461
-929
612
248
380
800
289
173
120
251
183
221
-737
366
509
-64
236
-459
87
-440
-33
-306
162
-311
-506
534
57
281
151
25
-21
-148
32
1021
-493
71
-592
-447
742
67
-104
-1194
-1191
-403
222
-211
319
453
205
-88
-317
91
454
49
-1131
-290
-299
6
484
-356
-97
-186
-118
272
105
-232
136
357
807
409
-295
317
-20
315
458
175
-81
-115
-267
-447
124
688
-325
-124
524
-245
349
343
-428
-215
-353
137
-458
230
-128
141
-63
24
-210
35
652
56
111
-760
601
-247
-444
337
-261
-30
-1142
146
-188
171
-104
-341
-1863
485
-9
343
-533
184
124
242
366
-195
182
11
1136
983
330
644
-339
71
-399
-181
-198
374
357
33
-53
309
122
-50
-26
-640
-3
-1395
-346
-197
-70
404
286
-1131
535
188
475
-67
-311
-364
344
-1330
-272
-13
420
-142
-71
-239
-31
913
32
488
-105
357
870
311
4
430
-26
316
281
-344
-761
-99
575
547
-1368
327
550
406
-42
264
-135
364
-1545
94
-122
-319
-310
-53
358
151
-58
850
179
-112
871
-434
-1264
-342
-642
572
439
-464
-570
-905
295
-172
-45
-117
189
682
446
-455
-229
-95
113
199
-181
438
-181
-1266
-58
-294
511
-20
-188
399
263
435
-158
575
-164
318
180
-1479
273
-493
-1058
105
38
966
-1466
330
563
-211
27
16
49
-121
195
281
-240
-70
-28
-308
-13
698
-360
259
583
-665
24
225
251
471
-149
186
73
-169
314
-343
-15
-194
-55
100
252
596
58
-753
410
403
-394
-104
-155
-38
509
-514
406
-169
486
146
-51
-178
-65
100
489
-51
-126
561
-224
-794
293
-183
192
162
332
-591
300
-169
-637
-302
250
113
-469
124
181
259
406
-407
33
-260
-132
-637
182
332
78
-229
590
-494
-612
-842
-1081
-290
87
682
-134
306
-80
-231
987
502
100
756
-96
-957
149
621
139
272
139
-422
-36
-23
613
649
-495
-513
433
-238
-349
-1027
-39
384
212
-14
-1107
-86
132
130
-38
416
318
265
-305
367
200
106
-166
203
-248
-294
344
-265
124
247
-118
725
31
759
-222
-180
466
374
418
286
-91
-851
69
680
-909
528
514
334
460
740
-372
3
231
-18
222
240
-601
-997
321
507
91
311
-185
-1004
-194
-1107
33
131
-753
13
-10
-1014
722
-110
-1087
390
132
-71
-207
-602
-149
341
292
103
-765
182
-580
23
-79
45
-1
47
67
675
87
286
457
-823
123
-116
663
-768
-5
-464
124
-138
738
-237
188
373
-1198
-459
-290
-742
245
150
125
-368
-1515
54
853
-406
-695
400
-226
-414
85
400
124
-63
222
-276
-323
-361
39
-34
10
236
-434
-1311
236
-1120
-203
-198
-640
368
3
-341
-1228
50
758
-169
-43
179
55
66
-308
-813
233
-570
-136
23
-272
111
94
-406
274
-262
124
-372
-150
-243
555
213
277
525
-75
40
111
-606
305
67
-1159
190
-929
390
288
17
157
-196
-94
78
662
-197
-1426
392
618
427
88
-296
-124
-315
55
306
717
415
12
-1120
-1485
-392
459
-897
154
538
693
-111
-262
672
267
15
13
-1017
184
-17
-146
-366
325
0
184
244
-803
-126
326
-8
61
548
304
-36
291
235
548
-145
-34
646
-55
311
157
-69
31
300
-413
-11
366
-975
40
-469
-771
312
201
555
184
-69
-301
283
81
-261
783
563
108
-100
-56
294
58
-929
334
-174
-140
473
-139
-40
-1052
496
-215
379
-1087
635
250
-228
842
215
-639
-1426
-98
-17
-92
-1021
-126
357
-155
272
-168
-245
121
523
106
-376
-988
344
-359
299
821
5
-298
-206
163
-413
339
463
-250
-226
-526
519
293
466
1070
327
-260
91
-100
-224
441
256
241
-380
1190
678
414
-628
-360
601
240
98
390
-326
-544
-566
395
-192
964
-483
-285
175
-402
101
419
136
20
462
-39
439
-14
-311
757
-98
519
178
878
324
-318
195
-137
547
28
-86
-163
212
628
438
966
208
-616
-877
522
-45
16
916
-45
-424
2
-1243
-337
377
-59
-18
182
553
613
300
866
92
-275
466
197
-49
377
-455
-153
121
-72
534
-1040
209
242
388
-132
595
188
-197
-504
356
102
-349
-761
-97
154
487
-1124
-50
-436
483
-3
-169
421
4
468
469
311
-865
-294
385
-743
-850
69
432
223
-364
556
294
735
-709
-705
-683
-25
337
-1429
-84
-309
27
-563
162
-685
-6
-272
429
56
0
-38
-1233
-205
58
962
-1593
-134
-1044
334
120
360
-83
-455
385
652
564
-117
-229
-1015
-394
898
-340
-566
-13
-216
294
10
-4
485
321
416
-360
286
-652
-32
156
132
118
-747
-351
24
240
-50
-472
10
-580
500
-20
-348
-1030
-3
819
862
-594
-187
870
183
-17
251
-101
-405
-299
-172
171
49
-690
-1260
405
72
53
-471
-1130
-205
-1633
244
-1161
-852
195
-726
384
-142
294
424
638
668
292
-187
171
1023
1183
-3
-6
880
60
667
290
606
100
2
7
496
-705
91
132
-643
4
463
-1005
440
26
276
672
214
241
-134
-87
439
568
-129
276
189
49
377
82
-43
-998
-1205
103
721
223
-137
34
85
332
-9
-26
323
-96
-97
-790
-161
778
-210
-908
466
138
223
156
-812
-64
514
-62
920
-1085
527
-290
-2
384
-195
-66
403
-1442
-17
-479
-120
499
282
390
-208
-82
480
175
47
630
13
-477
-182
-200
251
478
-295
-61
244
-328
-259
-155
-171
466
941
-315
300
-159
-94
-200
-644
-1600
103
67
419
6
-56
109
725
114
-34
314
-332
-238
-302
-630
-488
468
-961
293
459
89
219
-257
-299
195
173
-312
1000
449
169
173
-152
204
-1426
17
-479
91
40
230
-750
-1209
-368
-236
-220
-1686
-219
-541
-12
-746
143
601
444
469
-1090
-58
188
601
-1141
-1
326
-344
-447
-43
-1499
409
251
-13
201
-1157
113
-86
-332
-1059
435
356
983
105
1083
68
-230
-765
695
382
547
90
-140
150
-158
348
523
-123
-104
19
52
487
738
-264
143
-469
-285
-93
-67
-1004
-570
-425
164
-341
-391
-153
-207
236
119
249
459
-234
324
-199
389
118
789
-338
120
921
752
173
-316
379
-633
-80
653
941
883
878
-61
-1271
-1174
404
56
286
356
642
538
-141
87
52
195
-1056
-1666
-224
23
727
218
715
-500
1482
-367
291
6
-351
153
-88
222
-740
244
-477
246
121
154
174
-76
-1271
-1395
-15
-208
430
675
-59
-349
451
455
580
185
-51
-1128
120
-282
-286
33
119
260
177
331
-1434
-406
460
-98
-164
63
118
-992
-211
-1285
-161
420
442
95
357
88
396
70
-376
-1666
25
137
-2
970
-440
126
-314
16
518
-183
-284
-257
-1124
-23
669
-238
357
808
147
-92
695
-35
-1411
520
702
158
-1259
333
-11
547
-111
609
367
51
656
-1202
-232
-21
-55
415
278
-257
-27
-1025
-1064
49
-366
-28
-789
210
-12
284
315
-1523
426
274
-195
-1192
507
1061
281
499
245
-451
-1081
-111
330
759
-58
-71
546
826
-899
613
-873
230
-158
286
-111
-2
126
-189
-209
469
-2
-276
-177
722
47
550
-1264
-1411
528
391
-358
-298
246
-432
-1193
255
196
293
138
436
-295
-302
256
-344
-81
-112
-797
-191
241
43
-331
-557
-594
-328
-70
-62
-102
-1154
-188
451
-1486
-1075
-449
-819
523
112
147
-171
-1747
280
-479
223
461
100
291
-74
-881
839
460
300
577
294
-330
-807
-116
525
137
12
-299
-716
-266
-232
33
-177
94
-123
-302
154
-1186
467
-64
-240
-259
-1067
-751
129
-850
-97
-1018
568
307
-184
-1212
297
452
-16
185
-80
-533
192
880
213
-433
446
207
793
284
-132
495
483
117
488
5
-900
608
-1686
401
-226
6
721
-656
-187
837
-504
-372
121
-231
41
-81
-116
-82
283
104
-338
295
857
-997
-108
692
1217
429
-311
592
589
-469
-313
121
25
520
359
236
140
-28
40
256
70
-52
508
-41
628
551
-215
368
-1238
304
-138
-1246
-7
53
-711
970
263
358
244
299
119
272
-116
610
293
121
273
-5
-810
524
409
-267
-1617
-1085
-28
592
-1
-7
3
420
-433
-947
-49
-490
-986
-958
35
-1359
-302
28
-746
-453
-40
-108
-380
5
-836
18
122
306
387
-330
-908
183
-213
-471
70
438
-83
-76
-164
-234
222
7
10
-8
559
264
-75
-130
491
-702
15
219
-342
-273
450
625
193
-735
-249
654
377
-423
651
101
-72
612
-59
207
-81
532
466
-73
608
-259
-1233
-1071
360
-404
-335
418
-172
-720
-92
376
219
-464
47
-385
-155
-17
-284
44
-217
614
270
164
880
989
-180
173
0
-10
139
-265
227
746
3
-372
194
96
-737
-1794
267
-194
-164
941
31
40
-34
-659
-121
-125
-768
66
-270
746
27
-164
-39
50
230
158
-53
602
89
-665
-131
-219
-500
-80
-488
94
750
-224
398
-1241
-324
-179
183
68
-262
555
999
861
-283
703
126
688
-598
44
608
398
-189
-212
-291
296
401
-295
-334
-234
280
-82
197
-524
295
-517
-46
-482
245
106
702
-224
-45
-25
793
222
-470
-1354
212
-116
7
87
-195
352
344
-255
675
282
-56
-605
208
-169
-172
-301
42
983
-137
292
-849
397
-97
-91
149
-628
505
-342
-41
-287
131
176
166
312
-149
294
-1762
-309
-227
-149
-1156
-404
-423
714
-1198
-65
436
-262
-366
-220
-260
118
-1342
501
121
-290
163
-792
18
883
-296
682
133
1021
-718
-610
314
94
-649
200
653
-1315
-163
-14
278
71
-922
15
103
61
698
-805
101
-397
-88
-94
222
233
224
94
111
179
-725
41
67
-273
7
583
-15
-224
-1473
321
375
129
-260
-17
125
-192
-506
450
222
61
-476
-111
-746
625
150
-392
132
411
201
329
13
663
1032
260
546
301
-46
-326
-29
-287
-62
507
363
319
84
24
-195
-475
136
-56
-1096
866
-1266
-221
385
-451
-1483
-55
-153
113
-94
85
-48
-52
369
-99
118
163
-313
-41
-716
-15
319
449
-202
78
-554
315
430
31
88
-648
-276
-787
-1107
-38
120
782
589
385
451
-844
-599
180
-897
-195
-7
114
-816
356
334
136
178
291
66
-1460
-1736
97
-165
-361
88
-102
-85
-447
240
-92
436
-169
-113
13
338
374
178
-1040
112
256
-461
182
-768
-196
-1401
-174
58
198
-109
1217
-244
216
-1691
139
146
-208
-64
267
-183
59
97
86
-315
430
-184
-1315
272
-417
-38
416
609
-182
246
209
-196
-459
-569
-1190
-28
-528
-395
-219
-102
-313
-153
341
-797
122
640
71
314
904
-299
1190
359
467
-513
-1130
196
170
-1246
-718
111
16
-34
-185
798
-55
1007
17
363
428
-886
58
653
-39
-136
651
-751
58
289
315
857
-343
-540
191
-350
330
28
-58
26
250
-912
69
49
433
150
-275
-570
-60
-1328
160
-43
218
386
39
231
-328
-82
-202
184
188
223
-297
163
-1458
-573
-927
535
-363
-154
184
848
-846
398
461
-152
-241
-630
-108
-195
5
-638
-262
-137
-39
1002
36
-273
-288
-138
-732
31
-136
272
61
-46
376
18
323
-1172
-208
169
-56
915
-758
429
-302
-475
-97
-183
-20
936
-4
738
-732
301
33
-23
-1067
-71
-954
913
-197
83
-123
26
146
149
845
-458
469
280
-537
177
162
101
-1126
507
-66
-121
205
-126
70
630
19
-1
-138
833
-132
-18
358
268
480
329
-70
-267
-1559
-34
574
-790
-652
381
5
209
-80
584
-13
173
873
483
-962
370
62
64
158
-1362
288
178
61
340
-180
761
270
-126
-651
163
334
458
-639
-222
962
187
-185
293
-459
-487
355
-83
238
173
664
-132
-37
-301
-510
-695
804
86
-130
41
57
-207
374
76
251
517
-224
-332
-39
180
46
449
-328
518
146
-1794
418
85
425
102
329
-6
54
-500
-950
508
260
546
-192
-154
178
201
188
-1212
-297
-341
513
381
62
-32
1136
-269
208
-771
-998
-183
-1062
234
133
94
632
294
169
-268
831
-256
1043
933
-301
-1051
-393
-288
618
-122
-406
-41
-299
-727
182
-170
-45
-519
311
261
-494
-1246
89
95
-298
-1479
-641
-20
-207
-1
-20
-425
-290
165
225
316
1061
483
475
806
185
-1485
41
526
-110
256
127
-74
478
38
-61
-8
484
-737
-112
327
-20
-396
259
-7
-1631
-56
-52
398
400
442
-1486
414
-313
232
291
417
43
-50
-167
-117
-1
-236
39
194
611
207
157
-507
-554
111
-373
126
-257
234
-120
-231
114
-328
110
-360
167
78
-215
-3
-123
-138
-46
160
310
101
36
-42
-353
531
595
525
596
46
667
401
-77
-130
219
219
-187
271
373
-527
421
-28
450
-1205
122
12
-219
54
-84
-642
603
409
-49
-1676
149
17
-1284
983
72
-138
-1032
-924
-786
-302
171
197
-144
-310
24
-67
-58
176
40
193
519
762
-219
-161
-1382
-87
192
-1232
391
-234
-439
-918
809
592
-1486
184
216
-1107
-304
-732
-69
-49
350
151
-376
-819
-70
-84
291
-924
535
-257
-236
397
222
-978
-35
287
-287
-285
397
228
-76
265
124
-295
23
89
150
51
-1039
336
1
-13
593
-268
-459
247
-152
-290
-469
-671
-725
107
107
-50
-72
316
38
236
-185
-595
599
878
-1023
-182
462
50
78
176
-46
391
121
70
-585
293
-534
151
158
904
617
569
-74
535
-718
966
93
-385
-218
448
240
-637
341
233
-53
-817
384
-229
16
-196
-74
-102
-703
366
71
-1583
91
9
-267
266
-95
-296
-129
40
460
206
-149
93
241
177
-71
-1500
-124
107
405
708
472
-15
-140
263
-1371
999
-221
-207
534
-1079
-249
-215
-466
205
-296
6
-213
3
379
295
-219
662
202
-398
-154
866
675
366
466
162
451
-31
181
-453
-280
91
259
83
183
568
51
-83
363
-99
-59
-147
-1617
263
-518
147
-165
-5
519
476
-284
-104
468
230
-647
-1345
535
58
190
322
205
727
-927
-100
231
554
-1153
-38
-167
301
-273
-352
-27
300
698
439
194
774
-265
258
-218
238
-218
-88
147
915
-127
85
-317
-41
178
219
-405
871
584
487
519
-652
-206
314
182
-252
-30
337
-220
-14
-180
496
-851
-1401
25
384
-155
-195
-1499
264
826
-248
-372
452
186
-408
5
113
-26
-2
366
454
-85
29
-145
433
-308
-486
345
-295
-518
688
40
-69
-475
-978
-505
-533
143
460
-47
260
467
1010
397
-219
782
-89
-981
470
2
-55
484
80
-340
-195
-1082
90
392
184
-1071
91
-475
305
208
-134
31
-587
206
-1091
-404
-104
-41
-221
129
589
206
-745
-321
-75
-119
49
344
348
929
-564
10
-46
14
273
861
-80
229
-1405
-163
804
12
639
405
-234
-112
670
7
902
-75
-207
-336
21
252
43
223
74
224
-439
692
363
295
-1572
642
38
-196
-203
280
107
555
724
898
-918
619
681
-8
397
220
-156
-988
-62
-404
-519
-311
-1658
395
407
402
341
-56
1108
263
-899
-272
442
-55
563
8
-221
98
274
941
-715
102
-722
420
-62
235
-36
-982
-1199
144
-42
-782
228
-417
151
803
-138
350
207
316
188
35
-11
508
-1186
352
208
293
-580
-213
-584
-49
-772
58
-1105
-187
-434
-193
-62
308
553
-211
-328
707
943
-155
282
-956
-371
220
-341
437
182
-272
-498
357
-26
-15
-679
-113
114
325
-117
-131
236
-58
172
-1417
-111
58
-565
114
-224
-821
-997
-237
-35
-816
675
698
105
-686
77
579
56
-518
-470
169
93
2
230
-134
-245
-628
1032
-49
403
644
440
-561
-1483
712
96
-73
257
-16
-1328
-1052
-1067
479
222
-141
-51
-997
486
-342
-88
-1483
-1621
-312
-413
287
427
-39
-197
744
63
-385
486
27
-164
-180
-1187
-135
-182
-305
-179
168
-290
-772
122
173
481
-914
-166
-85
-8
-35
-26
277
-303
-206
-42
-253
24
84
-200
-9
446
-106
-18
209
245
372
1
-483
-113
-39
-221
-976
-254
275
-1396
39
-41
74
1211
904
804
-768
-278
-665
-1168
306
451
49
-100
243
270
201
583
-422
369
460
-234
-253
80
468
-733
-634
-235
-235
127
388
880
695
0
229
2
226
274
603
154
-271
-342
576
-643
71
918
-584
-518
201
759
592
274
201
629
425
561
-131
-570
9
169
67
46
154
-386
53
231
391
51
613
554
742
73
6
-270
-212
130
-1386
256
-27
54
256
528
-317
-71
-708
-640
108
-224
-224
-61
642
-56
1011
-1426
60
-75
-43
-173
-1052
248
-213
-221
-1382
192
230
533
222
-528
40
-104
130
-382
-247
-92
382
-610
-82
-52
-197
486
-638
42
614
-56
-115
409
-1472
-826
-570
303
-98
38
462
-174
-13
558
389
513
-338
-686
-891
620
277
-228
-835
-1003
-118
117
-989
102
-76
339
467
-139
357
153
95
300
-989
626
124
26
221
-481
-139
-807
283
-72
296
-62
110
-207
153
158
-290
-86
-1559
-61
15
639
-398
-231
-486
479
-1120
82
179
273
-93
619
-239
920
218
263
285
57
358
168
-27
-290
-1039
661
-241
-569
538
-103
185
350
122
178
276
-84
463
-1036
-513
139
-77
-374
-17
32
484
-311
51
-87
809
534
94
-224
207
88
75
-264
156
-78
370
394
-298
-223
-394
70
568
311
349
-68
145
39
72
-1552
1096
286
-1
856
257
300
207
345
347
101
260
-633
-428
463
222
270
-63
271
-139
-76
-136
1017
514
814
419
-80
-410
275
707
198
-74
460
-707
260
125
406
-67
-249
98
-265
-45
163
223
131
690
299
105
-82
73
-504
-78
61
-1483
-464
793
-194
-1030
-1161
-304
457
-460
87
-230
341
-964
-273
-1154
173
337
-432
327
-51
-39
-136
27
54
-1096
160
-1666
13
-616
199
-224
481
-111
279
281
-27
213
-25
36
-67
124
519
195
-837
-60
470
137
-75
-837
291
301
126
34
-638
388
264
307
-974
-40
-669
-41
-1259
58
105
2
-77
75
-426
216
107
24
227
308
-647
-355
187
472
291
-170
507
430
274
-79
140
-314
66
-69
-526
-302
912
-51
-461
-17
-1243
666
-787
178
-998
561
203
407
-70
16
-234
-247
-1027
-12
377
-29
-157
533
209
130
-120
505
319
-1342
374
-447
167
-458
-238
-979
-112
-22
214
-994
-829
478
698
-1733
64
-39
329
-129
-387
613
-291
-7
-207
-234
-566
-803
179
117
77
300
-87
-65
-202
318
41
272
-401
197
-7
54
287
-608
-4
-425
-155
-1249
-152
-260
15
-836
-112
-765
-1154
443
608
92
-419
189
-342
-323
159
69
174
-710
404
301
86
369
155
-51
621
33
54
-282
143
54
-18
-55
1
-49
295
-1229
907
-954
281
-59
356
652
-1291
-1048
267
-42
581
-461
214
-234
-743
-295
-271
-1142
448
-136
-1193
589
357
-50
329
-227
-145
284
337
-92
62
656
-299
-65
291
505
-455
41
75
245
111
-526
-139
-301
920
-300
334
-751
610
12
238
329
410
456
-131
-88
-66
803
-1052
-124
-151
256
498
248
599
-365
727
59
131
-134
313
648
473
370
-65
-226
-1
-544
-615
256
506
-1413
-956
30
-68
332
-652
-141
248
132
901
532
520
10
266
-1309
380
-476
801
-137
356
-114
222
187
-86
835
-155
188
-106
-150
234
-964
1076
240
343
365
-71
-719
248
487
-139
632
-164
-1235
-136
406
-1007
184
409
-313
-573
-99
-1303
430
-317
10
49
-75
261
-198
-181
23
160
140
224
534
371
-320
-388
89
495
-173
-67
-117
-119
-47
-957
1045
-117
-896
361
-65
-946
106
559
344
179
315
137
681
-321
312
-479
-212
304
-94
-123
30
-234
311
331
-247
-426
340
-830
-351
255
105
-1162
-673
-929
727
210
-1291
904
172
-333
311
519
862
-7
-213
-241
1096
-402
155
-130
343
335
-1462
464
329
-4
437
-67
-253
-441
419
14
-1041
-224
-551
711
267
-267
90
-167
-124
171
501
395
-81
-161
-40
392
201
-252
-340
-270
-284
117
-405
125
-97
276
-116
57
187
370
361
-439
-472
61
-424
-132
188
321
-669
-1023
-123
-212
-32
296
442
-35
139
34
-95
546
-136
82
913
-355
385
-230
68
-202
-270
42
313
61
-551
207
-42
-1304
32
272
630
-188
46
491
180
-772
-284
-66
-13
-224
828
556
166
13
204
-335
519
-296
-805
-118
258
230
398
568
65
519
416
81
298
-121
45
130
-451
-202
-448
-458
136
291
157
-601
590
117
760
-1303
-418
283
-79
136
80
-1082
-339
1131
484
-561
148
593
-33
266
236
17
460
-2
-1175
356
885
33
-930
-408
-196
329
-900
-872
77
-1159
-482
-77
555
259
8
654
114
-46
124
-441
-84
102
416
566
-500
-260
-468
329
259
202
-311
386
-216
242
562
826
-206
-77
285
263
-4
0
-86
286
-24
386
-1065
-90
-307
193
-644
-548
-122
722
950
379
238
-339
-184
-565
-425
535
-221
-1610
209
-434
186
200
-686
119
220
-374
580
837
-1120
261
-203
330
-430
451
304
-179
-500
-284
-77
-302
-45
-177
440
6
352
69
523
-329
-342
-49
259
854
878
680
1046
-94
110
-295
2
219
87
-141
263
-27
120
480
272
-670
101
-372
-751
276
25
568
64
501
101
-533
-942
121
-57
-222
901
38
182
420
-122
50
-133
261
617
46
-826
602
89
-229
-319
356
46
449
-151
-118
2
-234
-186
109
-61
-243
-284
-385
-199
216
871
159
-70
1183
254
-59
-8
121
395
-38
701
14
43
-180
555
-538
-20
-90
124
-4
111
34
-359
-312
714
-112
321
-1209
-541
-118
222
-103
380
-572
-253
-8
-4
534
680
357
833
21
177
251
-645
194
198
162
-107
140
222
281
-339
-670
738
557
-414
161
2
455
-561
284
-318
409
73
93
825
32
796
592
574
738
-844
516
1250
379
15
-946
532
394
346
-227
-397
-1314
-140
-211
272
-76
559
-750
363
-21
137
222
187
942
62
1
371
95
-237
-402
-339
-330
-284
-262
40
117
198
361
1261
-262
-1349
215
-488
-346
-326
311
-297
-642
15
-5
-7
27
-42
-267
329
1012
-368
-203
573
-599
90
-958
-290
-132
827
551
-195
-1610
156
305
383
500
59
-1260
272
-237
-93
-1133
-797
610
-151
54
537
801
-432
285
-270
-188
303
857
-32
-114
224
-976
-422
466
232
-191
464
181
356
438
-51
-35
172
-45
-346
-534
92
-590
-166
235
-608
773
19
302
458
-164
7
280
-317
-679
486
92
-13
272
195
-7
357
-3
-17
-1667
197
-1149
-533
-109
-110
-46
36
360
-410
-1762
214
900
-557
-369
631
-161
452
355
918
-566
240
17
-216
557
523
-1559
-39
382
441
610
451
556
-215
605
-351
-8
340
282
831
622
-23
288
43
303
-846
-126
54
197
231
-250
112
67
-130
-298
-13
-355
-43
1046
300
84
-122
220
507
259
1010
281
341
920
-56
-322
444
-234
325
4
513
-136
