-72
-2
55
-6
59
21
11
4
21
12
-10
-5
-35
-25
-41
-8
0
-18
-35
31
20
33
66
-34
-75
-28
3
-43
-6
38
-22
-65
23
-61
62
35
-42
37
19
-54
29
18
14
-37
5
-41
52
-45
109
20
-19
5
-30
7
-4
-63
7
-3
-6
87
-3
35
-3
9
67
-36
-12
-4
-5
-45
24
-42
25
-76
20
-21
5
12
-18
-5
64
-38
85
-5
-40
-3
-16
15
44
-8
-33
25
-35
32
93
7
3
32
-108
-33
15
37
22
65
18
24
-17
-34
13
23
0
28
44
37
-22
10
27
123
-7
-15
-18
-16
24
31
29
-48
33
49
28
0
37
90
58
44
1
-17
84
-47
3
-48
41
1
41
111
50
-18
15
51
6
-14
44
79
47
70
-10
12
5
54
-29
65
44
-10
-46
-18
44
-34
-20
48
-6
-108
9
-30
14
24
-11
39
-28
7
1
23
2
-8
118
-3
23
2
17
-26
80
76
15
17
75
73
48
-18
2
39
-19
13
-21
-3
28
17
67
-11
-42
-2
-9
-6
27
33
40
53
9
-62
7
-12
83
-7
-28
-7
16
-2
15
-19
-31
29
29
19
-36
8
61
3
58
11
55
49
-15
-8
-58
-34
38
-54
44
34
64
35
-7
-18
-17
11
-43
-13
-1
90
-17
32
23
5
-14
-60
27
9
-17
15
-1
-27
4
-72
-34
26
51
14
35
86
8
-27
-26
-36
-7
49
-28
-121
32
-38
19
-14
-25
-23
-1
-41
-82
28
-37
-67
26
-28
-6
-10
3
16
-19
59
18
-22
20
5
5
13
8
-19
73
19
-22
-16
58
19
20
-65
86
-35
41
60
-8
-41
24
75
19
24
35
28
40
-40
-70
0
-59
13
0
-6
24
81
9
-6
86
46
-2
-43
-3
-34
-35
23
-15
44
-60
19
13
-82
51
-55
-17
-48
29
-7
0
43
-32
70
67
24
-20
74
5
-63
54
-25
-3
25
-72
17
-87
-1
-19
66
-45
-40
-22
17
4
-27
-47
42
-17
13
49
-31
-10
36
57
0
-22
-10
-6
-14
31
-9
23
-21
-64
-55
89
-7
35
33
9
-85
69
16
134
-46
-34
5
74
-93
-26
-14
60
-4
83
31
-58
25
-45
-10
1
-70
-10
-94
32
1
29
9
70
67
-60
40
29
-35
-27
-39
3
2
43
-138
-18
-94
6
-20
42
24
0
134
20
-41
2
57
-23
39
-1
3
-22
18
7
-59
49
25
92
57
11
26
-16
10
-26
12
39
-21
-5
-30
60
51
-23
-18
34
-27
-114
3
12
18
29
83
0
48
55
-61
88
25
38
8
15
19
44
-7
75
1
39
51
-9
79
11
29
44
19
7
29
-8
80
18
139
-43
-34
41
-16
74
55
15
20
-21
17
-1
-51
7
-15
-55
47
11
7
-2
0
42
52
4
-8
43
11
-67
10
77
-18
-39
37
21
65
-21
28
-45
-41
50
-6
-23
-23
-41
-33
18
51
-76
-38
5
12
-15
9
36
77
-31
-13
22
66
27
70
-5
25
-19
-51
-8
-35
13
-9
20
-7
1
-22
69
-21
-34
19
32
-156
-42
20
27
7
54
-3
62
17
59
27
52
-2
69
-27
24
-15
-18
9
2
100
51
59
28
8
-32
-15
14
58
16
15
-3
-82
45
1
109
63
38
13
-35
-90
32
83
20
-31
43
42
55
57
-9
23
-25
12
9
-23
-28
-14
-2
28
-51
57
4
-31
-23
34
30
-50
-49
50
8
-18
-20
-5
45
8
-48
-17
-18
-25
-53
-39
-31
11
37
-24
-21
-8
15
52
21
15
80
7
-18
-30
73
-11
34
-16
63
-28
83
9
73
-4
50
15
31
8
6
-1
80
26
3
-36
58
-24
21
36
9
39
74
46
18
-12
80
30
-42
-64
-3
23
-2
-93
1
-33
11
-76
-35
-23
33
-14
37
35
17
-88
-13
-57
10
59
29
-31
-62
43
9
61
-55
4
7
-18
45
-39
15
26
15
62
-6
3
-4
66
-11
27
-54
-28
-14
26
-7
23
48
-24
42
14
60
62
11
-23
-13
12
-22
14
21
-38
-14
18
11
52
-4
60
-21
10
39
40
-8
40
2
-13
-14
-22
44
59
21
71
57
-26
-23
39
-8
8
43
-27
5
9
-31
-46
48
13
125
-10
-33
73
65
-25
-33
-25
11
42
27
-15
-16
44
53
38
-6
0
-5
-66
-16
-21
24
55
-17
-55
69
39
-19
-144
-52
9
-2
8
-34
25
47
-4
-6
-9
-29
7
-12
81
34
101
-44
57
-18
29
5
43
45
-11
10
61
-83
-33
-15
-45
26
5
23
46
26
-35
-20
-88
2
-71
16
35
5
1
24
23
-52
17
35
34
10
-27
38
11
28
-1
15
33
3
-54
11
22
14
43
-20
53
-1
26
20
10
-41
40
76
-61
-68
-9
-93
-1
-39
11
39
29
-65
-15
11
22
17
121
41
32
-3
-35
-35
-28
36
-45
40
52
-52
-25
-57
69
-20
18
24
-39
-7
-17
76
-21
-32
-10
41
24
17
60
2
9
10
6
21
-31
29
-44
-6
-78
47
-70
11
-12
-11
81
30
-67
-21
12
22
48
77
68
64
-14
42
10
19
-6
10
-17
52
6
-27
-57
-38
-2
-48
43
23
-15
31
-48
-4
70
15
50
-6
-37
-11
-27
-52
-55
85
7
-61
-28
50
17
-13
67
-9
-69
10
-16
-37
15
18
-49
9
38
-17
-11
-54
30
46
-46
-58
32
-4
4
-23
75
-67
-24
11
52
19
-12
23
78
30
-53
66
-61
8
47
9
-16
-11
81
19
-48
-20
48
13
-12
34
-24
21
-8
-55
31
75
33
-16
-5
-20
113
-16
-30
85
16
77
6
-2
21
9
5
-35
-21
-42
18
-10
137
-58
36
12
-42
21
-13
5
14
49
104
-17
8
-76
-4
-23
64
-43
1
72
14
48
-24
14
15
84
13
51
-8
10
-42
82
-61
63
-90
34
-24
-37
74
-47
-5
-3
59
0
45
-8
-45
47
34
-34
37
56
55
-24
18
-90
-42
-40
-37
21
-12
-6
13
-51
-1
-66
69
-58
-19
27
-68
15
7
-21
-20
-10
37
-5
54
70
-26
7
-27
-15
9
34
11
17
-22
49
1
-147
13
-61
16
2
46
45
-16
-3
-50
11
-58
39
24
69
-8
-13
24
-19
-16
92
26
12
-19
51
79
28
6
-18
85
-13
50
-9
-14
28
3
29
27
-29
-48
14
-15
62
42
-19
64
46
52
-30
3
-41
21
-51
37
3
-12
43
66
-40
-4
51
65
29
-23
3
34
18
55
-9
4
11
111
-17
-17
13
-66
-12
19
13
-4
-14
-33
73
63
2
-16
-40
32
45
71
-86
-2
25
48
8
-22
48
11
-40
38
69
-28
25
28
8
-2
-11
-3
73
-41
-7
-56
56
39
25
0
-7
66
65
3
48
26
58
-5
68
-25
84
71
19
-11
-25
36
-10
-14
45
-1
-29
15
-23
48
8
36
2
15
20
17
18
21
18
6
-61
-59
-11
6
57
-6
7
-75
-93
4
24
-66
-46
59
61
28
-8
-12
113
-44
-83
29
15
18
-11
-63
100
99
5
9
-10
-7
17
-11
29
-10
0
-25
0
28
-55
47
-56
-10
-11
45
39
17
-26
16
-19
-34
9
-7
-13
-6
21
-66
-62
43
-24
21
7
62
126
-38
-1
-27
9
23
46
43
51
0
-9
61
64
56
4
-43
52
64
-11
-5
3
9
37
62
89
23
20
80
-47
11
48
-6
-27
15
24
45
-17
-3
-6
-12
-23
-6
-36
24
-10
-10
71
-19
3
-49
19
4
58
6
-73
19
-41
55
-32
50
67
-33
-54
-27
-15
-48
-18
28
4
-52
-9
-61
65
22
26
-26
16
113
-13
16
-13
58
23
-53
9
21
-11
-21
-1
-15
15
34
-48
33
46
-33
-14
-22
30
109
-2
-30
-13
62
54
18
82
-50
-2
8
31
43
155
-73
-3
75
18
48
-12
17
17
-23
74
6
21
92
142
11
-19
-23
-41
10
5
19
87
12
52
4
7
-6
36
12
2
40
-53
-51
-4
40
44
-10
-94
8
-72
60
-13
52
91
120
-19
57
8
15
-43
43
56
-27
58
-18
21
-7
44
-25
56
-39
-81
-4
-14
41
-5
1
52
-23
21
44
-61
53
19
-46
15
-57
-15
53
26
38
-37
-18
11
-18
72
-113
44
14
15
42
75
-67
12
-17
29
-62
64
-19
-36
-12
0
-63
8
45
-35
-8
17
-46
30
-17
64
48
84
-25
11
-54
-19
126
-23
20
-33
64
-11
-47
66
66
-80
-53
23
-40
19
55
-5
-15
85
35
-74
-19
-15
70
-12
-41
-21
21
0
52
-53
27
-51
49
-16
-49
-41
52
31
24
-57
38
4
33
-28
-19
70
7
1
15
-21
62
-47
-35
0
-38
27
-46
46
-102
51
-12
36
-19
-25
-76
-10
13
3
30
44
13
64
17
155
71
9
37
6
-72
-45
59
-29
-44
40
-38
3
-2
-44
25
-2
-57
-89
36
59
-29
6
-30
2
24
-11
78
27
23
13
-9
-9
75
2
24
73
48
-36
-21
3
3
-36
38
84
44
69
34
12
33
-17
22
-5
32
-5
34
48
-35
-40
26
32
-19
-33
-15
-68
48
-18
4
-23
-20
-19
-61
11
12
71
-34
80
35
41
47
-108
48
51
36
-1
40
4
-57
-65
25
65
63
-22
-7
10
74
28
-35
-27
37
18
-1
34
-14
43
20
28
-36
37
94
-37
-68
-1
-21
1
-27
80
39
3
0
-1
28
8
76
45
11
-113
14
-22
-15
24
3
-37
23
29
72
-2
-30
14
23
-12
-57
43
12
11
34
8
-11
45
29
-4
-19
-44
-47
14
-7
36
-7
56
-13
24
39
-9
-47
-19
-1
-17
-8
23
-26
-19
31
80
-8
-41
-3
-34
-62
32
37
7
0
12
83
-66
-75
-40
-10
-76
-2
4
102
-5
-46
9
-15
-22
-11
11
14
30
2
49
-40
29
28
5
11
112
40
9
55
-27
-10
-12
50
8
0
-45
3
9
82
29
8
8
47
-11
16
-46
-41
66
25
-26
-37
8
-6
-11
38
54
-24
18
-50
-2
-20
-93
58
-9
-1
116
-81
78
21
56
40
84
23
73
46
-9
-4
12
-2
58
18
49
22
25
25
47
-46
-8
79
-11
-51
130
41
-1
-48
-47
5
-121
-53
62
-3
9
-33
20
-5
-4
-31
20
-12
50
-36
-19
-32
21
39
51
10
2
-12
49
31
25
-26
41
36
-58
-29
80
72
4
72
-44
24
33
-14
-23
11
18
86
33
-28
18
20
17
34
-18
85
18
2
1
-23
19
26
-1
-49
15
4
-32
-7
-24
17
34
36
-6
13
79
10
-28
-24
37
-8
5
-17
-15
-105
22
55
-36
-26
57
23
-16
0
-94
6
-53
65
-69
-18
43
-24
23
36
47
-11
44
-20
-1
-6
-27
-19
-2
34
-9
23
-2
9
-1
10
-46
-32
-27
-43
33
32
-43
-63
55
-7
7
-21
35
-74
19
6
93
-32
-35
50
26
-18
-46
-59
-25
-79
-23
75
37
-45
36
18
-34
-63
66
125
-44
-41
-4
-36
6
85
17
77
-55
20
49
-17
-2
48
92
-9
10
103
48
-15
38
35
-42
-26
-2
52
-1
20
26
-5
42
-7
5
48
-10
27
70
-16
30
-17
3
25
44
23
6
2
9
-81
-31
49
-26
11
30
-36
17
-14
-51
-17
-3
78
-26
15
-18
21
128
31
54
10
60
43
68
126
125
11
26
-49
-2
-12
-12
-22
18
38
-5
-4
-33
-119
22
50
11
63
85
7
20
17
42
19
-20
10
-38
-5
69
4
23
-4
-43
-17
-1
-19
-15
-29
-29
-55
-39
-53
19
-3
-7
-41
62
11
-42
31
-32
-3
-45
23
-42
41
-20
-12
-6
33
65
76
54
61
-25
-32
22
-38
26
95
13
24
11
57
-5
71
69
-45
7
-72
32
18
58
-60
6
11
23
14
-26
26
36
25
15
4
-13
51
24
-8
6
32
-54
19
-66
-13
-41
40
70
44
41
83
12
120
3
94
-27
59
-40
30
29
-15
18
-69
-23
-43
103
-44
32
12
4
-28
23
-33
30
16
16
-50
90
-25
-1
48
13
16
27
5
0
31
9
9
-36
77
9
34
8
-64
20
10
61
23
29
46
-52
4
29
-8
14
6
-11
-27
28
-34
-33
-20
92
-23
-14
18
-48
-15
-11
-6
118
-20
11
73
-5
-20
14
64
-35
90
30
22
-12
18
74
43
-19
60
43
-39
69
-25
-29
-33
-48
27
6
23
-14
45
-65
-36
-55
-34
22
1
6
-75
98
-15
39
-27
0
-2
57
19
23
4
-16
-46
-36
-35
12
17
24
60
-47
7
52
-35
77
12
-59
-6
1
-17
-44
-21
-40
38
18
-3
61
58
27
-8
27
37
-3
38
-70
-10
9
62
-2
-31
-18
51
-32
40
13
-25
-14
-42
-5
39
14
97
-8
101
2
8
13
31
-38
5
142
68
-64
11
-23
7
-92
-18
-7
7
82
0
46
2
57
70
45
-42
25
-27
-41
3
7
10
-58
14
-76
-24
-1
44
-2
-73
53
-6
2
-19
56
-10
1
-20
-6
52
11
-43
37
94
16
-83
54
-30
91
77
65
-34
21
43
6
24
-76
8
64
43
-24
-17
-33
-52
73
-11
-54
34
57
-2
12
-8
128
-9
-4
-12
-2
25
-62
24
46
62
70
59
60
28
122
110
73
-70
105
96
2
38
29
19
29
-3
-4
-51
22
74
3
-37
44
17
46
-23
6
16
-17
-24
25
-62
18
-63
11
-10
32
62
-33
-40
6
-36
21
64
81
46
28
12
-29
90
4
-33
-86
1
-13
1
-35
-18
-29
-42
-134
29
-76
62
-16
71
50
51
41
-53
6
37
-13
51
-18
-57
75
45
37
18
8
-29
-31
1
-17
-26
14
134
73
21
42
-72
29
50
43
-52
-11
-61
-48
16
-10
-17
-18
22
-21
-23
-19
-18
-33
-10
-43
-20
-29
73
30
54
27
7
135
-19
-35
15
0
51
47
-17
21
37
-17
-2
1
-13
-36
39
38
16
25
-31
-42
-8
21
46
36
-110
32
-57
-42
37
3
48
10
31
22
102
-83
67
87
-65
29
112
41
8
-34
14
-18
29
-75
33
-18
59
-36
7
37
-3
-13
-18
22
-3
16
8
-22
39
-22
-10
-30
13
-29
-22
37
21
-75
17
-2
46
9
44
48
8
-35
19
30
51
61
60
-57
31
13
-12
3
84
-10
24
-67
34
4
137
96
77
7
-39
12
80
18
-10
-49
-22
55
27
53
-34
41
-51
-37
-19
0
50
41
-45
-86
5
46
17
-65
65
29
-1
51
-56
77
79
136
-18
76
139
-25
25
-19
64
-7
18
-42
125
37
-5
9
-15
60
-22
51
-40
-22
0
-18
7
4
-48
6
-17
-66
-4
43
0
41
31
24
8
41
70
19
-52
81
54
-14
-29
-9
-2
-19
49
-28
27
-35
-1
-13
51
37
27
-24
-27
30
19
-33
83
60
27
17
-7
-19
7
82
58
17
-5
36
-30
-40
21
48
66
54
11
32
58
21
-16
-36
8
-9
58
-9
-31
-25
85
82
-11
51
-12
48
-18
-35
-9
3
-9
16
-67
67
4
10
43
32
59
-65
-63
-8
24
11
1
15
-42
9
-9
-21
-5
-3
15
33
6
-31
-3
-15
-44
-31
51
39
18
-6
-24
-4
61
15
63
-67
9
-84
39
2
-45
24
6
-7
-14
-25
30
21
34
53
55
48
14
35
-14
0
10
19
28
-16
-52
18
28
42
17
4
-16
-9
4
-22
-19
27
74
44
3
59
42
50
13
-38
9
-26
-18
62
-4
-10
90
-24
18
-36
-11
11
59
80
-26
-99
-18
-11
44
-7
-147
47
15
1
75
5
-19
85
-20
43
-2
95
32
45
61
-44
-14
22
5
-67
45
50
-21
-71
31
35
5
-102
-3
43
39
28
29
30
59
3
72
-33
59
11
22
-89
-32
-60
42
14
-39
28
-39
-15
-26
67
8
-15
-58
29
78
83
49
-54
63
-75
60
-92
-36
-19
-26
40
61
35
3
42
36
25
112
26
59
-59
5
36
-2
-103
-9
-103
53
77
57
31
67
-14
11
37
20
69
-8
73
-1
37
53
70
46
-4
-21
40
-35
-6
24
-29
-1
61
16
13
-76
8
46
-1
44
-4
33
59
8
-47
134
51
-57
-14
-22
-40
32
-38
-45
43
83
-26
41
54
26
28
78
74
-18
12
-23
-3
8
9
71
0
95
128
65
40
51
-5
-14
54
36
69
14
16
-47
-43
77
45
-68
17
-29
10
0
-39
6
-15
-71
-37
80
61
51
0
-52
-6
46
-1
-8
-14
56
-12
-17
-109
-85
151
-43
10
19
-10
43
-62
-3
-7
33
55
16
-2
-24
-37
74
135
72
-3
116
33
51
102
-80
-13
38
2
-61
44
59
-2
41
-68
-65
54
-1
94
9
8
43
-58
82
44
67
-20
9
50
-44
32
-6
35
-9
-40
53
69
77
8
-24
74
37
10
0
19
26
18
-42
-47
66
17
-33
39
-19
-7
11
10
-67
-7
-130
-19
-12
2
34
54
12
-54
7
-2
-32
42
-119
3
-34
27
-33
-47
-6
-3
-17
69
9
-57
155
12
95
-38
-14
34
35
8
6
6
12
-74
-18
39
-33
-54
23
-41
-19
-4
18
41
18
-5
-45
-144
18
31
10
41
21
-5
55
0
-57
3
14
7
6
35
64
-48
21
10
-30
52
53
-15
27
31
-5
-43
4
-7
27
139
-60
23
-16
79
-45
32
-40
32
-5
-17
32
18
-56
-31
-46
126
19
-22
84
-15
40
-6
20
-82
22
26
9
-48
11
36
12
-6
4
2
-7
-77
14
-52
27
89
-19
-9
-40
-46
-5
3
42
-24
43
102
-45
-5
70
13
-31
21
15
4
-25
57
26
-13
-35
36
86
45
32
-58
74
-46
31
64
-55
-39
43
1
-22
11
53
50
-5
-2
33
21
13
-1
-30
24
29
-38
-47
-9
-49
-27
-11
12
17
5
-26
20
-38
19
-36
-20
-18
99
24
78
62
45
-9
-70
73
-6
72
31
5
4
-6
4
52
78
41
31
21
-31
6
10
-14
12
-6
5
-22
-6
-17
55
-35
-16
-40
49
21
17
-93
-47
51
-71
-51
-62
-32
-87
9
19
3
39
41
-13
27
23
-18
44
-9
5
-3
78
53
43
77
-20
-11
-54
19
5
15
-34
-17
4
-4
78
55
-43
-30
-11
73
-35
33
-19
6
-27
30
86
35
-13
-28
40
-37
87
-63
7
19
38
-25
33
65
32
39
19
-43
-35
-20
-7
13
-4
16
-14
18
-18
76
27
-93
33
30
-96
-4
3
3
18
-20
-11
-31
14
5
47
35
20
-36
85
53
67
-18
12
33
-22
-75
37
-18
-12
-1
28
18
-8
13
47
-52
-2
36
-26
7
43
-22
10
16
-24
29
-58
-11
23
-2
-41
-28
41
-15
-27
100
-30
-43
-30
39
-60
-29
-23
0
17
-15
-3
-104
-66
7
39
21
-11
26
4
38
19
-74
-68
12
53
-11
24
72
89
-16
51
65
9
-17
-7
-60
57
22
82
19
10
-23
31
-33
58
-2
-64
37
-12
-7
-5
17
-117
-19
-2
-26
11
10
6
-3
67
3
31
-27
-48
78
-4
6
-40
74
13
94
-6
37
22
-22
-6
77
6
55
12
-78
-50
2
-15
-73
-40
141
64
9
3
-84
30
64
-35
4
-31
87
-28
41
5
9
16
-31
18
13
-39
13
-11
5
21
-10
22
-114
-61
-37
-36
-1
2
-39
-62
0
-27
42
-88
-14
32
11
19
24
-97
-72
24
-79
8
21
-57
18
-27
-11
-57
48
24
-39
10
26
59
-1
-90
36
-13
68
-65
54
-23
-24
22
-58
-34
-24
36
71
24
74
-5
-45
-46
-100
-50
-15
24
54
-32
-43
48
-21
58
-36
10
-54
28
-11
24
-89
-33
21
-47
53
2
23
8
48
55
15
19
81
73
-11
-12
2
-25
47
26
-9
26
24
54
-18
-37
23
32
4
18
41
-10
13
-1
83
29
78
25
18
50
-33
-4
-12
-1
39
26
132
-33
53
0
37
4
1
7
-4
2
-16
61
3
51
-52
19
39
-20
9
-49
25
50
-32
-65
67
18
-1
18
-24
24
-24
37
33
22
30
3
8
19
-18
55
24
27
28
-17
-32
32
-52
-39
-11
-9
63
53
-6
51
-33
-28
-109
-16
-1
55
-45
-3
64
40
36
65
13
-3
0
-14
-13
-9
39
23
13
-59
-31
29
31
41
-16
31
-42
16
-50
51
25
18
14
38
60
2
-51
-107
-2
11
17
-6
-21
-35
-54
-10
55
-38
-26
79
-21
2
25
33
35
85
-16
-68
74
-23
6
6
45
46
-1
-37
-15
0
3
-49
26
39
-2
-47
46
-5
-58
34
26
10
-23
-41
69
-29
35
47
-35
-92
12
-44
-29
13
11
64
20
21
29
-93
12
62
12
-48
32
33
31
0
93
35
66
27
-19
-39
15
-13
43
-21
33
-20
13
48
-40
16
1
10
-53
14
0
-33
9
-1
-49
26
3
5
22
-1
32
-14
-52
25
5
29
-39
29
10
60
56
10
-6
1
1
32
-39
-2
-53
20
-19
16
27
60
25
-8
-21
-20
24
9
-45
0
36
52
-16
32
-16
60
-22
-11
-34
14
36
80
-34
42
43
-37
-9
-12
9
-63
-21
8
39
27
-39
-35
46
75
2
20
9
-16
-41
-18
-7
-40
-20
68
28
40
-18
46
28
2
44
30
37
-5
84
-15
47
78
107
57
32
-91
-22
-49
-23
45
12
28
54
-4
-3
-13
-27
-41
54
-36
78
-7
-28
41
25
-51
-17
39
-6
-4
22
16
-13
27
41
20
36
49
-2
-4
-24
12
64
28
-45
28
-22
-8
17
-36
-35
18
48
41
35
26
50
-42
35
63
38
34
87
9
46
-6
-16
39
38
50
14
22
108
53
-27
94
53
41
55
22
30
20
19
-53
6
58
8
77
38
24
29
-40
44
28
-92
-12
-41
-19
-36
-11
29
-14
-85
-43
-54
44
2
-16
102
-65
-20
29
28
65
-30
33
-64
-78
-17
9
-19
-26
-20
30
11
4
-17
-19
-11
46
56
-12
10
6
60
-15
-40
-29
-1
33
-46
40
43
18
23
54
27
12
89
-47
19
29
57
-26
60
-13
43
-34
19
3
12
44
9
-49
25
33
22
-5
-25
24
-48
11
-21
84
21
48
-51
43
-5
-9
-67
-62
73
40
26
77
1
-6
-3
20
4
50
-21
18
28
-10
-38
56
-25
-28
78
61
-55
39
9
-45
20
60
26
29
92
-57
3
0
6
-16
39
-19
-8
29
51
-32
0
17
28
61
-26
-15
-103
5
67
77
28
-45
-29
21
13
-38
24
-29
66
-19
-45
93
83
-4
-6
94
9
32
52
5
16
-49
-36
-3
0
-25
54
-9
-133
27
-52
12
45
-5
9
69
38
-9
-40
13
43
-4
34
-15
37
38
19
10
-3
-133
-34
38
74
1
-9
34
6
39
-51
-15
31
11
-104
-37
19
6
15
34
61
21
74
35
-40
-29
16
-36
-22
-49
19
0
9
51
67
23
54
-31
-6
32
-73
-23
9
59
-37
81
-34
84
37
-44
75
-50
8
69
26
-60
32
-46
11
56
-28
28
-40
-52
-121
75
-3
-8
11
-62
-18
-4
25
8
-14
-46
-73
-28
7
29
-31
-9
18
31
5
25
-8
22
10
35
36
16
73
-22
20
28
-31
-27
30
26
19
-5
28
125
-12
-73
-11
-4
-76
29
-1
-33
60
12
67
14
20
-21
54
57
19
16
-54
56
20
75
-27
11
-7
-75
-31
-62
-110
3
73
-15
19
-9
-6
-12
-9
22
-15
10
43
-10
-13
-54
36
-8
6
5
113
-11
12
45
26
59
-10
-54
-12
15
37
-38
-22
10
2
22
29
-54
82
-94
-36
54
-65
40
-53
23
-48
81
-43
-43
77
-63
53
19
67
2
11
-34
38
16
59
-62
-18
68
-11
-91
-13
-50
-22
19
2
-58
-59
-26
70
-48
57
78
84
47
41
34
43
-16
0
-34
-14
11
-18
61
0
19
-23
25
57
-16
64
103
19
39
15
78
-17
44
39
-4
-42
89
74
24
14
11
24
16
-19
13
-16
128
17
-35
29
19
5
-13
-34
-15
-50
-50
57
22
11
20
16
-27
39
-46
14
58
-70
-27
11
-14
-77
-31
9
4
16
-21
-10
22
31
-39
123
-9
10
39
7
-94
35
20
-32
-39
-2
46
-5
-15
-51
-11
-11
61
40
-10
29
4
-76
-21
0
64
-83
8
-23
-40
44
10
29
45
21
-68
73
27
-9
12
-68
11
24
41
-95
-42
-18
40
-5
25
-1
37
44
-19
-73
65
24
1
-9
14
36
-4
29
0
-23
27
37
-46
4
-20
-30
62
28
-38
-10
-11
8
99
-15
93
54
75
-25
32
16
62
62
-6
-49
33
49
25
44
-10
-4
44
20
82
34
88
-20
71
28
38
-19
26
21
-28
-70
117
-44
79
50
17
-23
-128
54
18
18
7
39
-40
-13
4
65
43
-15
30
-52
41
13
51
3
9
38
-31
-1
-12
-2
-73
29
-3
40
10
-9
-8
5
-63
-33
-1
9
-86
-44
80
32
20
10
2
-12
-92
9
-36
-6
-3
-15
92
45
-52
-22
23
-41
-23
-34
21
-19
-14
7
-7
20
-26
-29
-83
-28
-2
-13
-2
25
-106
-58
13
60
-15
-7
6
6
59
-39
-19
-18
4
-29
18
-50
46
-61
-24
-50
38
5
-6
-14
48
-35
37
9
-17
113
10
20
-13
20
45
16
70
28
-3
-5
-9
-10
-13
20
-27
75
-48
0
-6
-8
24
30
-19
67
5
13
87
-52
19
21
-28
17
-24
49
-51
67
-8
77
-8
3
27
-29
35
34
28
44
65
31
2
39
24
15
26
-34
9
7
27
-36
111
20
46
21
-11
-48
19
-11
-43
56
61
1
-58
-9
-55
27
-42
-51
2
-38
44
123
-19
32
60
13
-18
-27
15
31
21
-30
-19
7
-30
-59
77
-17
-46
-65
49
16
-28
-64
52
-10
48
18
23
-22
85
59
-102
-10
-19
-23
39
-2
-79
49
-51
-27
73
-13
24
36
-31
-29
-3
109
-6
-1
-46
11
70
-137
-15
11
-23
-26
37
38
13
-15
57
65
-44
-13
-14
3
-2
64
-4
38
9
-3
42
-1
11
-51
-33
-10
-52
-14
7
65
-6
-36
46
-50
-94
39
-13
-8
-47
65
31
-34
71
80
22
42
39
155
-42
14
94
14
13
18
-12
13
27
-67
41
103
95
-28
42
18
75
8
-14
8
52
23
6
50
65
-31
43
20
-29
105
-65
48
-11
43
54
39
45
14
-6
-10
-5
9
-1
-6
3
16
-24
39
-48
128
3
12
50
90
26
-23
-103
-11
52
69
-22
10
36
-5
14
8
-33
-34
102
12
-19
82
-24
73
38
24
49
79
14
-8
-14
-48
-39
-105
-13
-10
-94
-15
57
-3
35
-6
32
12
-55
12
-91
22
62
-76
-20
8
10
82
24
45
-46
17
-46
-36
45
-19
-59
-17
-14
-8
-20
49
52
7
28
1
31
50
-59
9
46
29
-29
7
-23
30
29
-42
1
-11
-37
44
99
0
-36
-13
7
-8
-8
39
10
-37
-13
-33
35
15
-2
41
12
-31
-45
8
-31
37
-35
-16
14
10
21
-14
10
-57
-22
-60
38
-38
28
-17
-3
1
-12
15
19
70
45
19
59
-10
12
16
-36
-76
-21
-47
14
49
35
1
-15
-22
-79
-26
22
-20
21
38
130
41
33
-34
47
-57
-14
64
-31
-10
19
-19
-13
-1
-23
-23
-23
3
11
36
-24
5
9
-11
-37
137
-51
-58
-32
8
-1
10
18
-50
16
-55
72
9
45
9
116
-31
-7
-6
31
-37
41
-24
46
-47
-18
65
46
16
12
-37
9
10
18
-11
55
17
42
-17
-93
-43
-2
13
17
18
-16
17
-13
-25
94
27
46
-15
-30
58
-33
64
38
-6
75
4
-67
-8
-22
-79
21
-9
-29
-56
-4
73
24
24
-5
-21
-44
-16
-20
86
-86
-10
-45
-33
20
17
-22
-2
-76
-25
-29
-1
77
76
16
-38
-16
-15
22
2
-9
2
-23
-52
3
38
64
-38
-41
11
-14
58
52
-34
15
40
-17
-1
30
20
7
-29
78
12
77
-14
8
-42
21
75
-16
74
59
30
-30
24
1
-33
53
-17
-30
18
12
78
42
-53
8
32
112
28
14
41
11
-19
-8
-45
38
-14
-86
30
-14
14
-7
47
-83
-29
59
17
-47
-23
21
29
-90
-26
98
46
-25
2
51
-54
21
69
-43
50
73
-30
3
-20
51
15
44
-29
-4
14
2
-19
-18
83
2
-21
-32
-18
-65
-31
35
-34
-5
-6
-23
32
3
-15
-1
-7
46
-3
-47
-63
8
-26
25
-24
15
55
20
-15
16
61
-68
128
-19
4
57
43
80
30
3
-21
12
74
11
0
28
-82
-62
-37
12
22
-60
84
-20
-23
11
-51
-11
-27
27
-16
46
-28
45
73
28
-38
-34
-20
-37
-56
3
34
-28
22
-70
42
-5
-10
55
-60
-19
106
-45
11
20
41
1
-33
14
-5
34
43
-67
12
-5
35
-3
27
-5
93
0
-53
-12
70
34
38
1
59
-73
-46
85
-11
32
-27
-4
78
-16
35
15
6
74
21
-33
-1
-9
5
-53
42
-3
-35
-23
-28
27
24
-35
-40
-44
-3
33
116
94
-7
35
-17
102
-76
17
75
-2
-10
19
27
72
34
-9
74
-28
-1
101
6
-16
22
-54
-5
57
18
-33
64
6
25
33
6
-2
45
-33
-5
-46
46
-7
42
142
-43
34
39
1
-16
-4
46
79
34
12
13
31
1
68
-72
11
9
-16
-12
-6
32
17
-17
19
53
71
27
0
14
20
15
45
-9
-52
68
43
-51
7
-42
-13
64
32
23
34
-23
8
7
32
58
0
-5
45
27
-89
28
79
61
-84
-44
-14
69
30
-48
79
-41
-47
113
-11
-7
-11
-3
17
-39
-120
-2
-5
18
6
-3
3
-54
-23
83
-53
25
135
-65
26
24
-17
18
44
-16
-38
-27
-1
0
2
16
50
12
50
29
41
-14
12
103
77
-14
23
104
0
-63
21
-76
43
48
-1
33
27
-30
-16
-3
-34
-40
1
-31
9
29
35
17
9
-10
50
-12
-148
26
-25
106
-6
-5
45
6
83
-23
57
10
82
-17
-10
-8
9
-22
-1
-30
20
53
-34
4
-32
94
-6
-11
16
-52
8
-38
-18
-2
58
-34
31
-11
-25
-11
50
-156
28
-17
-75
-27
48
-34
6
39
64
151
0
-13
52
-132
80
-51
-34
-4
-29
40
-9
-5
-6
24
-75
75
29
34
-80
33
-20
19
-9
68
18
-57
-47
-86
-37
-42
75
55
13
-35
-3
7
46
-36
22
6
-39
3
-27
36
66
64
8
-1
-38
-46
74
-22
36
-8
1
51
-42
-2
-9
-16
-20
34
-10
27
-47
-48
-6
-12
54
35
-75
-3
-3
-36
71
135
-4
44
8
10
-11
23
8
-17
13
-5
48
-19
65
-36
0
4
-16
15
62
2
40
73
30
45
8
-39
22
45
-50
132
-23
15
-38
3
-2
-13
-60
40
117
-47
-29
26
31
62
6
24
81
-13
43
-31
-39
-52
42
71
11
54
23
-41
122
-17
2
-8
35
4
-13
7
30
-8
9
-16
84
1
42
55
78
13
73
-10
7
-5
73
73
-3
-39
-1
-31
79
79
-9
-19
34
7
-4
35
52
128
74
2
40
5
9
-47
-12
-23
-48
3
-12
78
26
33
-25
15
-11
19
35
13
41
19
4
22
12
15
-39
-57
-27
-26
38
43
-23
70
102
65
68
-4
6
-46
14
12
49
29
20
28
5
-6
-16
5
-3
78
34
-3
31
5
4
22
-23
-34
8
7
14
68
34
54
8
-45
60
21
36
91
-11
74
22
3
-5
4
74
13
-1
122
-12
12
-2
1
33
51
-76
108
64
4
-16
-6
-19
-72
-64
13
-30
46
90
8
-13
