90
88
-181
-37
67
-82
-68
31
44
-48
62
-332
-252
88
114
-122
-37
65
77
210
-124
58
82
52
-71
-44
106
143
61
77
29
69
39
-25
9
75
-12
-308
-288
-2
135
-149
-33
-227
-64
64
67
-75
137
-310
12
87
11
-58
62
84
44
-20
-40
-266
351
74
85
-187
94
-184
-14
54
-199
85
43
58
139
69
-114
60
93
-10
0
78
-62
93
32
-355
50
98
62
57
47
-13
79
44
79
86
-282
-127
49
-41
-71
22
60
-223
154
32
6
91
12
-10
89
60
13
-222
72
-385
-307
82
92
134
-34
5
37
87
-71
34
119
65
5
90
69
51
45
35
-20
25
49
-234
6
-172
6
144
107
126
42
84
42
110
-25
-134
-356
32
79
-200
-176
-142
71
204
58
-188
-86
19
-269
67
-120
33
22
37
79
141
15
-167
-6
108
-231
75
-23
139
-219
134
-45
92
54
-103
34
-41
31
88
52
-263
115
39
24
-68
103
-166
88
77
98
105
-26
-216
-3
81
79
48
119
-164
64
15
86
-291
-32
119
346
-23
119
220
56
207
31
-296
177
44
81
59
99
86
67
14
-172
86
-326
-58
-26
72
88
64
53
-210
88
48
-103
263
116
91
-162
-155
-142
84
13
139
-307
85
64
106
-227
107
22
71
56
-127
99
15
30
-10
129
40
413
66
-310
65
-222
16
42
-64
7
-88
69
-357
-7
-241
-9
52
-105
5
429
68
23
-273
-10
14
-246
27
12
-28
-49
5
33
19
48
10
-199
68
50
58
69
-114
40
88
79
-232
128
132
231
87
-33
46
-54
-461
-237
368
35
-24
-369
95
89
-34
60
28
59
86
206
-16
103
-1
67
115
20
99
-53
36
-230
132
46
-4
-306
-318
65
-287
85
94
31
-227
-46
50
-39
-70
11
-300
-71
125
1
-184
-320
-247
61
27
23
28
44
407
5
18
-286
63
17
-34
61
106
53
75
16
-18
-14
15
-307
89
-88
81
113
76
69
68
-40
-23
38
38
14
87
97
28
67
53
-124
-60
76
40
131
-15
-186
-56
33
-38
51
120
378
-36
15
272
62
27
78
431
-237
-172
-154
-16
45
-338
24
89
90
29
340
-370
-152
114
-250
400
9
68
83
56
6
-138
89
-59
-30
439
18
-200
21
-35
61
-130
55
25
-86
-34
81
-10
37
85
-319
40
52
69
-106
106
-4
67
-31
107
-13
-88
117
41
138
-45
116
73
132
-214
-41
109
-258
65
-154
8
44
24
55
-65
-30
15
92
-296
65
138
2
30
89
375
90
-32
-293
-6
-292
68
-267
-10
0
76
87
48
66
60
-331
71
55
104
114
-192
8
14
59
45
-313
115
19
-25
-56
-45
74
-224
-6
134
1
29
-55
-16
-32
46
-254
-176
78
63
17
95
-42
-18
-147
10
-23
44
-326
2
0
107
82
-32
-253
66
-190
102
-158
-127
86
54
20
-159
-112
69
-334
6
-10
93
-69
139
-98
75
87
28
-229
-16
-119
89
4
85
-27
78
-346
-300
15
60
128
95
94
-185
112
-161
20
134
-114
-124
-43
-140
105
79
-69
33
-71
23
-12
-342
49
-50
88
73
73
-27
105
125
-43
72
108
-10
114
-288
-114
-172
-34
42
-13
-76
-139
77
45
88
-259
-424
45
46
80
105
134
-7
66
-93
-126
28
-18
-328
-296
2
-331
-17
103
-192
0
-114
89
-20
30
70
139
-255
-179
35
2
-309
-20
99
52
-70
111
-20
59
-376
-17
-176
52
44
310
-54
-272
93
-80
-76
-375
58
84
173
-2
-9
73
72
74
62
-282
52
91
-161
104
89
-229
-242
-270
-26
-247
-144
15
99
52
-16
-96
-285
86
37
-125
173
26
14
-97
84
101
68
29
94
53
85
79
-326
-132
39
79
88
-173
80
-378
78
-70
51
-216
117
-111
71
-168
-295
102
120
-316
24
-37
-44
73
36
96
-222
69
-28
-245
35
75
-123
40
100
74
-18
120
-332
-383
83
87
91
111
-5
10
98
43
-322
-5
-30
-268
-299
56
82
130
62
-99
62
97
52
15
69
-17
49
86
35
-304
-138
0
28
-101
-256
43
-120
-304
48
41
-282
41
44
104
9
-8
65
118
132
114
-329
46
74
20
107
47
-158
-148
115
13
-21
-374
38
-219
46
91
107
-202
69
11
158
161
-72
-169
55
-147
-437
67
13
-272
-149
49
-194
-298
-37
50
27
-76
-86
159
-83
-109
-5
-193
167
104
35
-164
-156
67
102
38
-27
-248
115
-51
422
-44
83
71
46
34
24
68
14
42
-345
142
43
-121
-189
449
-189
19
115
52
72
15
-302
-242
15
78
-19
-121
1
-252
-325
100
118
8
-197
18
-55
-57
71
68
101
436
28
50
45
79
54
139
-213
42
-89
17
15
78
25
81
109
-27
62
-237
-91
-202
-237
-270
-182
112
-370
-49
40
-276
-117
-204
118
-243
152
89
-248
89
47
6
-53
65
210
11
62
32
100
-294
-52
422
92
-50
64
6
106
-43
-205
94
-7
25
82
67
-279
91
-229
-84
-195
-164
156
60
78
-252
-49
-189
-225
100
133
-50
-144
55
370
61
-24
57
-108
88
-155
72
-109
-167
87
-38
-34
-289
0
41
96
-9
72
88
-285
103
-154
101
30
101
-41
89
103
-44
-129
141
77
-344
107
89
98
-21
-19
-11
38
31
-132
-141
-43
20
18
43
104
81
21
45
-86
-162
22
178
51
-161
18
-26
59
21
-263
-86
-317
53
40
-14
91
-58
40
121
34
78
80
54
110
-406
91
94
-117
-37
16
142
-106
56
-79
11
98
-110
-15
124
80
-277
-15
-199
-263
-7
-269
-1
-143
-79
76
63
-269
89
106
-178
77
58
-8
31
68
-1
127
-139
27
79
26
35
68
49
19
84
115
-286
40
25
-238
-54
22
73
59
86
35
70
-91
-17
46
23
73
12
18
-149
-185
-269
-235
-11
61
-279
-22
-148
-338
34
8
94
89
-268
93
-14
-210
88
-144
-153
-54
-314
-96
83
-69
-85
107
-216
90
44
43
-115
53
-323
63
-153
-55
-217
41
-125
-129
21
47
63
84
28
-60
85
63
-346
-233
59
-35
54
-25
119
28
161
-10
-70
85
-161
-54
79
66
60
-25
87
45
115
42
90
-241
-156
6
82
100
74
60
-99
79
48
143
-270
52
-60
26
71
102
90
83
66
-43
86
269
95
65
289
93
-8
110
-184
-172
116
-19
98
31
106
-50
-86
112
-71
147
-8
-175
61
52
64
0
-46
-156
-309
-198
-266
24
-400
-37
100
120
-217
-23
97
-84
-35
58
34
-117
-14
-128
-311
80
60
94
93
-1
223
-95
101
95
-98
-285
-269
102
-9
37
-69
114
-86
8
-155
9
35
110
91
-29
72
-14
87
-17
-124
86
65
45
-293
15
-211
0
452
57
27
-112
130
91
40
8
-72
37
-114
85
17
93
90
112
85
80
-15
28
-148
-269
24
73
275
72
-34
1
-30
15
-60
36
34
108
110
-224
-184
-149
90
-179
58
119
53
84
-236
366
149
-284
-35
-135
-38
13
-7
-332
-86
115
-22
111
155
-127
-238
-327
89
66
3
-144
32
-207
389
64
-212
79
56
82
40
60
43
-304
3
58
-37
81
21
-152
123
-23
39
117
67
-391
154
10
324
56
-25
86
68
141
9
97
-125
21
58
85
-46
86
50
-185
-38
65
94
-72
38
-180
340
60
56
154
-24
84
370
88
60
60
-386
14
98
70
-8
83
-46
115
124
160
39
54
-24
-247
-78
-152
72
71
-88
-152
-307
75
48
15
146
8
143
112
87
68
29
53
21
55
48
77
88
17
96
19
-3
123
-18
26
81
45
73
-144
-389
5
17
90
17
8
6
75
79
-201
92
-152
-43
77
44
-339
263
54
-237
327
34
43
-270
77
-126
26
11
-154
68
-177
100
30
-108
108
126
-347
83
-91
-79
-169
-244
126
220
22
-35
135
85
46
5
-111
134
15
-102
-277
79
-156
-54
-7
62
56
-312
58
47
231
13
-12
-74
-60
40
-296
-242
107
204
-235
-195
192
87
34
-356
-125
30
67
106
-275
-1
57
-276
83
68
-169
7
-106
91
104
-88
84
67
36
-373
-12
112
76
53
-56
83
41
45
93
-87
64
83
25
-17
113
57
113
103
33
-325
9
62
98
134
-117
41
85
-207
81
42
8
4
-79
46
78
-235
31
67
58
67
-399
-207
25
12
22
-26
84
64
70
-191
-298
12
94
234
86
30
44
15
-211
17
-41
35
85
-344
-178
87
-86
103
16
89
-261
55
92
6
3
7
-33
90
68
177
2
-120
-1
-263
46
63
-142
-2
35
41
-59
94
108
105
-4
-28
-236
74
70
-24
89
136
78
30
44
-4
-23
31
-4
82
127
39
85
112
62
82
5
-294
93
65
60
55
65
70
-296
76
-239
103
-230
89
-109
-114
-10
26
-22
85
-229
-211
65
81
94
45
-329
-119
65
112
58
-41
26
88
41
-24
85
99
47
-170
-303
147
-3
-33
-252
-28
8
-46
69
-23
77
-451
107
53
141
81
-27
-41
-143
64
-66
-280
-21
-135
92
85
-211
-291
103
68
-329
4
93
-50
76
36
-120
143
-296
80
-64
91
-51
102
-152
124
48
166
29
-2
64
-54
73
-393
7
28
-331
-252
-272
69
-62
96
49
-47
-195
-107
136
-202
-180
129
76
-68
53
-29
25
-106
-259
-244
-46
32
308
135
-1
21
-82
88
-376
74
53
375
88
63
-18
25
-109
-74
91
-293
13
66
66
90
43
-16
91
87
92
123
4
107
-35
90
-250
61
-7
14
-144
-283
360
-269
73
99
-287
374
-33
58
93
401
-78
10
53
-334
136
-121
-2
-150
82
-346
16
-148
-233
40
131
123
-112
-167
-76
-248
72
77
102
85
-103
71
44
61
-60
-32
-14
70
-250
70
85
45
81
-185
114
96
86
-248
33
56
-101
31
-270
16
41
34
-51
-83
-237
97
139
58
43
82
47
11
-96
52
140
93
-174
68
-44
67
-32
101
-132
108
-5
129
-3
-51
57
44
-323
-56
108
47
-230
21
123
59
29
-135
44
40
-9
20
-232
80
149
82
76
119
41
-5
83
66
77
-192
-275
-451
84
36
77
99
74
42
107
387
209
-372
153
68
-25
2
29
-105
73
-259
55
-209
36
-1
-140
41
70
-267
-230
98
34
-71
81
211
117
-234
-29
-98
75
75
12
-316
49
92
-3
71
93
56
88
-37
-91
83
-174
-21
-158
92
-67
95
-167
-7
80
81
62
-6
113
77
-193
68
-175
46
-7
51
76
-140
249
40
-28
-23
41
103
-246
24
92
-146
156
96
105
-305
107
-17
79
64
144
-97
-86
64
-1
0
-176
-110
121
90
-387
88
117
-307
72
-144
-39
68
83
28
4
31
28
79
93
11
57
79
114
17
64
-198
16
-294
18
-135
72
-222
-119
-194
26
123
16
101
137
-153
-144
13
2
-75
423
-169
-43
-107
89
72
-166
30
13
108
-128
86
-384
-189
149
69
-265
91
30
-10
106
-18
-2
-24
54
-36
-331
90
116
98
-396
37
-310
54
-15
160
-44
107
-353
37
59
76
28
-25
56
-101
177
101
19
103
75
81
93
62
62
2
-288
13
62
-2
59
4
70
-220
59
60
70
58
114
31
104
43
-340
79
-15
36
119
33
32
58
83
-1
-5
91
48
46
162
75
-66
78
76
-206
90
58
49
73
57
-19
-373
-324
-10
163
74
97
30
29
48
91
89
25
68
43
6
-8
114
148
-51
-248
-171
91
-269
92
5
105
-109
22
-23
-108
89
-221
-13
-422
-317
129
61
32
114
98
-311
9
-98
83
58
29
56
97
59
18
-200
177
-172
56
71
135
92
98
34
57
-36
-293
-122
144
90
11
89
108
62
-176
9
15
15
-160
46
78
82
3
37
333
-93
119
107
90
62
-49
20
-187
4
31
51
-228
11
-142
-69
79
81
139
20
94
72
61
-18
43
-239
70
41
-364
13
9
-58
65
91
-334
-298
-177
107
185
82
-14
-316
46
-36
31
52
30
17
61
-379
-33
-23
-14
27
39
129
19
34
43
34
135
54
128
-136
18
81
59
-155
-208
-210
147
-189
-7
41
-301
-1
-279
-270
55
51
-113
54
-116
-253
22
98
86
-152
-56
90
-209
81
121
70
74
79
68
275
75
129
60
91
77
107
44
4
61
-100
-122
53
-16
73
-21
29
60
-96
74
-102
61
431
40
37
164
-35
6
46
-3
-376
29
39
112
-242
188
13
81
-163
-175
-354
100
-11
-310
9
-37
84
62
11
57
-37
60
-314
-80
-146
-274
134
64
97
3
109
-187
-169
-244
-107
-165
-316
-19
167
16
-149
30
16
56
151
-276
-223
37
-30
104
140
-148
32
26
36
66
-7
-261
-256
98
68
84
60
101
-219
88
52
-34
-96
78
-294
296
-102
110
59
-45
-231
135
-135
-26
18
-111
-30
-2
71
100
56
48
90
129
-185
41
76
-69
-141
-220
-82
-128
-240
61
94
89
123
60
57
-80
-161
-9
106
-43
60
-195
8
135
15
-13
119
83
111
87
71
-255
-81
-68
82
-37
-34
74
83
-111
36
120
60
68
90
20
-296
-11
18
114
-327
134
-7
-105
101
-213
85
59
-19
-117
58
-383
110
-241
-195
14
82
54
-170
-108
9
38
-249
75
26
39
-265
-71
60
-277
68
-19
-241
23
38
37
7
75
62
1
116
115
84
-271
-141
-35
86
-16
-160
-156
-184
86
77
-345
-135
62
113
401
85
-112
60
94
29
269
-38
68
-116
4
91
118
37
-264
69
42
-103
68
36
140
88
-96
108
23
93
-78
70
-10
-266
85
-124
30
18
-11
-45
-63
-131
-26
105
-214
35
50
-213
-266
95
64
-130
78
14
17
46
70
-111
-128
29
-395
44
51
16
79
-45
-2
0
71
102
44
489
24
130
-344
121
86
56
115
307
76
86
90
-50
-187
-5
90
135
162
-78
-23
97
-309
309
98
129
-82
2
76
30
-62
106
26
30
177
77
-188
81
78
67
67
29
86
49
-164
37
-216
-242
41
124
-246
59
98
105
113
-41
-68
-314
98
-266
20
-106
-64
108
93
26
47
-137
-282
93
30
101
-168
42
-6
70
204
83
-306
154
-244
111
-4
62
22
-289
123
99
-233
73
26
-2
-39
54
-329
-367
32
-42
105
78
-269
83
-185
-74
86
-237
-226
112
98
2
25
-98
-81
-208
-220
-251
-12
-278
78
70
-159
111
27
103
73
96
350
400
53
76
-317
-47
-180
-124
85
-34
-261
-24
-49
388
68
-60
-37
-51
35
71
53
37
101
153
72
139
110
110
-289
-221
-33
-27
18
-135
-16
21
-276
-12
-192
83
45
136
201
123
7
-63
61
-238
-89
49
55
-1
-310
-35
103
81
-296
114
1
95
-269
47
21
-36
360
-295
65
-25
52
52
30
128
-11
78
82
102
80
-198
40
-33
70
-263
36
-230
-19
60
143
138
90
75
419
52
65
-213
5
504
-135
46
-32
29
13
64
-157
65
51
-155
-65
82
68
82
83
-183
18
79
-171
126
115
-187
-36
68
57
129
-172
-66
-184
32
-15
46
94
128
42
66
-195
122
137
-20
162
-298
-250
-37
-245
-165
186
-49
83
92
433
-28
-319
-171
96
52
-40
85
-273
-239
108
-1
70
65
62
-61
23
50
23
107
-8
49
7
-221
189
131
71
-291
128
15
73
101
108
58
-75
62
-305
41
68
107
-218
20
30
58
-224
77
25
-140
-203
94
85
5
63
43
96
83
-260
91
-217
31
-32
37
48
57
-328
77
71
5
108
-237
-222
12
2
75
-238
-82
-289
58
-358
-46
92
-278
62
26
-36
-160
46
-81
18
92
21
77
-69
-149
54
259
12
-278
-127
37
-42
45
97
109
-75
64
-50
-298
-39
43
-193
-108
-40
-119
106
97
-276
23
-46
38
-51
-61
42
11
37
92
-187
89
-234
-229
-20
87
93
102
109
40
-337
-205
-357
-213
18
-395
78
-122
32
77
65
91
-60
70
32
-9
90
-34
84
-79
137
32
-204
-351
77
71
65
-160
161
-282
-29
234
73
366
20
93
-196
-8
32
-219
29
23
107
95
84
46
-255
-27
102
-59
-200
56
-250
103
66
130
65
108
77
121
84
81
52
15
78
53
135
-27
-211
72
-9
-211
6
-33
-170
91
123
67
12
-56
75
62
95
-12
132
-32
65
94
89
-239
48
87
73
43
31
92
87
-380
94
14
92
53
73
82
106
24
8
42
-171
-329
63
-192
-130
68
95
1
-226
63
-242
-215
-275
-72
12
12
47
64
-126
-153
43
90
44
99
91
-170
-244
-5
-154
-234
423
-319
-207
85
89
63
114
-304
85
75
82
48
308
61
-29
-126
78
25
85
-223
35
83
-22
3
80
-46
22
73
55
45
22
-283
-134
76
-284
-51
62
45
-277
23
44
6
-40
103
42
-131
134
56
54
119
-3
13
-51
-326
-36
48
23
-36
160
-12
-58
40
-347
47
48
42
37
2
116
93
-24
26
8
25
4
97
135
-269
-279
128
-103
160
-313
-49
-209
101
13
-13
41
35
55
-317
-241
-295
109
53
125
57
110
7
84
48
81
37
87
28
81
58
86
98
64
-340
141
22
56
-48
16
93
52
-83
85
23
129
-247
81
-314
-108
-121
-124
61
43
-49
-3
39
76
-286
42
-169
51
-54
89
-202
119
-21
-158
135
-395
-306
94
-258
-33
8
61
-12
139
44
84
27
-71
8
84
31
-42
105
-51
6
21
-44
-349
115
-259
141
24
166
90
-312
82
71
-7
-161
-32
-23
-235
45
78
68
-150
2
42
-170
88
105
24
27
142
133
22
91
103
90
68
26
-350
-23
3
53
310
63
44
-105
70
85
-332
13
57
-23
45
67
-1
-25
34
18
-284
43
74
98
37
16
-135
78
113
-43
64
20
62
-79
-12
-129
-34
-33
1
3
44
114
-366
51
107
-39
52
48
65
20
105
61
-7
27
92
22
-174
-301
62
98
92
53
-383
59
48
-61
-202
-36
-123
202
73
34
-209
-19
-281
59
-216
83
-172
-4
78
-218
103
-242
8
29
103
104
-18
-37
-61
88
47
20
80
32
-236
-86
-22
-157
138
-305
-247
107
-7
24
-122
-344
-49
112
-45
-274
-212
-312
91
116
-137
-257
378
-266
-305
-140
78
46
-243
94
-56
32
-103
-269
106
68
-282
90
61
93
85
440
-284
115
95
92
-109
103
219
-1
98
44
36
51
-185
-19
-214
-142
-153
-28
-39
61
-143
10
-103
-77
-207
100
72
5
36
31
74
91
101
-295
64
56
23
55
-321
-100
-48
-243
-66
-339
-323
42
72
125
13
-26
143
25
76
97
-113
-34
93
86
23
101
-71
110
79
-351
-26
-114
-12
206
3
12
143
96
63
77
-241
-237
-208
61
5
-186
-129
103
23
-83
37
-81
79
-110
-242
-157
37
86
25
-8
70
30
-21
-202
327
302
83
107
81
58
97
141
47
62
22
115
-170
105
145
81
-154
-1
-59
-96
0
-124
-38
42
-206
-9
59
106
-168
2
12
78
-64
433
-80
22
57
-389
54
79
43
99
62
-204
78
-79
70
8
49
-300
92
-354
53
127
-3
55
2
97
67
-124
95
31
-180
-272
-4
82
-185
-11
55
-262
-6
111
-155
97
124
7
143
-156
100
308
85
115
48
-176
-155
92
4
34
68
-15
-37
-41
-15
-63
67
-352
136
-44
-242
127
51
-2
-231
124
-83
408
-18
-244
-106
-201
192
-14
-34
52
105
164
70
50
-112
106
4
31
-215
-57
-289
110
-132
141
59
-434
86
-72
-5
63
-45
13
63
79
-249
48
-166
48
67
-55
80
78
76
52
11
47
-313
79
81
91
132
88
77
-235
-78
12
51
35
-209
24
67
91
34
36
-42
88
23
80
64
-2
-161
-6
-172
82
89
-228
92
128
64
41
-241
99
-35
14
37
-216
-210
50
84
-29
-263
111
-206
-200
-57
58
62
80
95
65
98
54
38
77
-272
-105
111
50
125
39
20
139
-89
-173
57
66
160
97
146
30
27
99
-97
-9
115
-240
7
88
-314
33
69
112
89
-221
-148
83
-347
15
-264
-201
-76
45
-385
129
96
30
-100
-293
39
144
-143
4
-153
-124
-95
37
-12
93
-297
44
-64
-19
118
-199
125
-20
-25
91
32
-251
89
-43
60
113
73
-109
-77
90
78
15
22
-141
-255
45
-432
70
119
30
-237
65
-238
5
86
93
-50
-65
67
88
58
90
140
-233
-214
307
-7
51
-220
15
51
-217
30
56
-15
70
-329
379
26
-379
411
127
-12
21
-17
429
-240
92
86
38
31
82
-114
21
-167
-204
91
-46
55
73
-290
-14
105
-199
74
40
-224
56
85
132
94
-39
77
88
46
312
31
48
-58
-40
68
110
-22
73
29
-135
75
15
28
21
53
16
-84
-212
20
61
20
81
-375
61
23
57
-376
259
43
21
-267
-235
86
20
24
-310
80
32
78
-295
-232
-248
104
151
35
79
-369
14
72
301
54
0
439
86
60
-236
354
64
-152
-86
-249
103
72
-132
36
-47
-65
143
-14
67
-214
58
112
20
450
79
-46
54
78
-112
83
98
-237
117
98
161
42
65
-35
25
155
370
-250
147
29
-217
84
-30
207
377
57
45
-1
154
-293
27
71
87
-321
68
-23
-165
79
68
34
103
5
-223
0
75
51
49
-288
-247
85
-158
-310
-30
-128
-31
-242
87
-107
20
68
-152
50
38
-242
-39
102
148
59
-109
-422
109
40
46
-166
-102
-3
-169
58
-285
-102
31
-14
97
14
85
-27
67
71
-149
125
86
126
81
24
46
83
114
98
-32
41
-258
11
55
-331
-2
94
140
83
115
-132
83
-51
15
-35
45
-147
-237
129
-210
-6
98
407
24
47
-257
81
54
-109
75
-304
-238
65
52
-21
-27
-9
-39
72
88
-28
322
72
-50
-127
96
-183
50
91
44
-221
-15
134
-33
1
64
77
93
23
-46
-259
-238
36
78
-223
34
50
-250
-51
77
-42
124
20
73
74
-33
121
513
-317
86
-226
141
-144
95
-55
57
-112
-10
75
-268
-176
-103
67
5
-331
-31
-211
189
51
50
80
9
23
15
-34
-49
-78
273
-221
10
-10
99
64
25
123
48
16
82
-313
-329
-31
99
117
-298
245
-53
72
91
-164
60
113
79
-101
-102
41
-4
-109
45
-46
-25
-19
-70
322
-3
-42
115
72
50
-285
-282
-143
97
74
15
82
20
88
223
-250
105
126
34
29
96
-248
92
138
63
-237
387
55
-206
-58
-262
-54
51
125
-20
49
28
-246
69
69
19
48
2
-27
73
91
120
113
220
-21
65
-263
84
-21
60
-159
52
127
92
418
93
87
-58
-7
-234
-13
-334
46
-314
240
-316
31
102
-166
-213
60
137
43
-150
85
43
-27
100
85
98
-408
90
-126
103
-187
-97
-104
-42
-33
13
25
-96
-377
-166
67
32
-207
-64
68
68
90
-36
-22
12
-75
46
113
286
55
13
-210
81
-109
20
20
20
52
6
119
93
51
-225
167
-362
7
188
83
-169
-115
-176
-259
17
145
80
-2
115
66
-37
19
75
-250
119
18
0
52
-4
-54
-202
126
80
68
-285
120
-312
-221
103
123
-17
76
-121
65
-3
76
-47
68
65
440
291
-214
66
9
-345
-7
63
23
-27
88
71
79
-92
-25
60
-36
135
44
63
350
-70
-67
-129
129
103
69
-291
-319
399
-299
103
19
83
114
91
41
121
60
-198
-41
-43
-210
94
-303
19
-25
-2
59
126
-42
58
15
137
24
2
73
93
143
-247
-311
-111
-17
-100
-247
59
148
62
-27
-18
85
-165
-288
-244
57
-161
-264
40
84
-60
77
37
127
-317
-97
407
76
53
-184
99
-61
-264
108
107
62
95
-106
40
-25
90
64
30
147
117
105
21
365
49
15
139
107
-144
61
-294
-2
-46
-34
-18
63
-276
-50
-64
89
-1
91
85
-41
57
89
-101
83
-200
89
57
33
-176
23
-13
-179
58
44
-397
7
-231
-14
-18
84
-42
-154
56
72
4
-155
66
-215
-328
106
-86
89
-242
37
28
-12
73
-268
63
-2
-238
-9
39
65
67
32
102
-242
-114
-421
-296
-84
-135
-61
65
108
-297
-89
56
-58
-288
74
119
23
-37
-124
77
-346
-122
-198
132
80
81
77
-51
-101
-82
-71
90
72
-68
37
-29
-267
92
22
56
75
66
20
-82
25
-320
34
-17
34
117
72
-312
-125
78
86
-54
43
85
473
107
-263
14
-180
94
46
103
-72
86
-164
-14
53
-212
-192
113
-290
-326
-185
152
121
33
61
62
162
58
-11
92
102
-27
61
-218
83
115
45
67
67
7
89
0
-219
18
145
-313
42
34
37
51
90
91
82
129
-15
45
103
41
13
98
-331
28
-159
-263
-103
137
-257
61
-36
-250
-172
127
132
-421
-17
-31
-2
-249
64
20
42
27
23
-156
76
-244
-314
4
92
100
-11
74
36
-148
64
68
144
-2
100
-13
67
63
18
65
68
53
76
76
71
142
92
47
-60
24
63
50
-309
42
167
-96
-60
88
47
-79
-24
29
77
46
103
91
-257
46
51
30
24
286
17
105
55
85
18
19
55
81
2
126
66
75
-26
54
143
1
-24
56
-7
302
104
-1
-2
-39
-327
36
-337
-69
60
112
4
-17
146
-299
69
8
50
-36
-127
9
-309
105
-12
45
-10
-229
36
27
79
30
-337
35
13
107
-148
-123
86
42
-17
-104
81
78
6
46
-9
69
14
-417
63
89
65
-27
-32
-76
70
-186
42
102
104
70
-273
-18
21
81
-101
94
-142
-25
85
18
21
-140
81
-312
78
12
30
-82
67
127
36
-247
-54
23
132
27
37
-80
-5
73
-192
145
49
34
102
19
-24
-217
-109
-249
18
-13
102
-88
77
46
-6
-245
-19
-16
-47
89
-372
109
-275
-47
57
45
50
-23
-326
-213
-297
75
145
57
72
-68
-38
78
-36
52
301
96
-117
-276
91
32
98
27
103
8
17
-217
-59
26
67
161
140
122
-234
-243
-96
-79
-401
-3
109
12
-42
-82
46
45
413
54
91
38
112
33
-217
53
58
-104
-87
-86
-218
-102
-73
65
113
-451
103
98
2
103
-31
68
-395
-205
73
-2
60
-152
-306
-317
-208
68
143
80
-217
56
93
99
73
-10
14
64
65
63
97
-304
21
58
67
60
111
74
14
-2
35
-213
324
98
3
52
86
78
41
107
90
64
64
91
62
44
139
46
18
-163
36
85
-268
70
61
74
-181
28
108
-155
-162
-66
473
21
-178
88
-1
52
91
125
13
117
1
103
-351
63
140
101
-240
-111
-10
-195
68
70
65
84
47
-86
-96
88
191
-152
-55
178
107
-17
-38
2
-10
-23
81
-7
82
-202
31
89
43
42
34
88
51
87
-8
135
-461
78
74
-20
312
121
-26
-256
-72
77
58
-219
130
-24
-96
-256
-10
120
42
82
-54
100
60
79
105
8
81
32
-3
18
101
-170
-243
37
-224
43
-349
102
80
-6
86
-227
13
4
84
-4
49
-51
98
-77
101
52
-242
11
107
-7
91
-222
92
-278
-76
-324
20
48
-10
72
46
101
-129
-247
-375
55
184
57
-101
86
38
82
63
80
33
72
-21
59
127
143
76
-35
433
-236
65
31
97
0
-219
67
63
21
86
115
90
115
135
-173
63
127
71
44
71
50
-47
-64
63
11
67
-264
-60
-126
41
148
65
109
-305
25
56
449
83
52
-210
-276
73
133
29
-108
-197
-200
-236
127
105
-1
7
-30
-307
-312
-9
-40
291
-231
68
-4
-233
-89
-6
49
21
78
58
-19
-307
109
-223
-57
5
-261
121
-34
146
103
141
-215
65
33
-35
-33
0
-40
139
-185
-19
-107
95
32
-329
90
-233
-297
84
62
18
79
41
69
-216
103
1
87
-317
117
99
63
36
164
31
35
92
-251
272
115
-107
-260
59
66
96
-1
-105
-129
23
17
26
100
28
79
38
296
7
-17
-191
148
-168
130
-161
-3
75
-98
-228
-230
-238
11
116
90
127
59
-28
204
-51
95
-103
32
-122
62
-117
-235
92
-311
62
58
80
116
-239
52
69
-178
4
-30
31
15
16
-257
-15
99
-47
-11
2
-184
-41
75
45
-36
-179
95
-160
-378
85
-141
-107
145
219
57
-28
-306
98
6
35
26
83
61
63
-264
52
-110
71
58
89
59
71
68
82
34
67
378
-40
92
-228
108
75
116
38
11
-149
51
-69
42
50
-156
91
29
143
107
-144
-14
116
1
30
30
20
47
60
0
146
-117
-307
13
121
13
68
-42
69
-178
101
-11
370
-51
94
185
19
77
-34
77
37
97
53
29
41
39
56
105
-239
-10
71
-72
90
-181
-27
62
22
81
-319
-241
-38
27
-4
68
-81
85
-32
-136
81
-207
-270
90
-108
-76
89
-98
-220
-165
88
-378
5
19
11
-60
69
33
57
-209
116
249
0
88
75
9
-193
79
-231
54
101
67
-20
32
57
-45
-24
34
67
13
70
90
-6
11
-33
80
79
-3
-195
86
56
52
77
88
210
-81
39
-89
108
82
128
73
55
-32
28
42
0
-240
-63
-145
94
98
-146
5
-4
103
36
115
86
-111
-267
51
23
85
-166
47
184
-325
28
-107
26
-196
-19
23
-3
93
-254
35
23
42
48
85
90
328
-272
87
32
89
37
3
-27
65
43
49
32
13
73
25
65
-94
-190
51
-172
80
-36
41
139
70
-9
97
-89
-13
-1
115
58
-37
38
132
-61
89
108
81
37
27
62
24
-23
31
40
-214
-42
399
-268
27
108
123
91
-309
120
86
55
-167
-278
110
-11
121
76
48
-42
-293
55
94
-94
29
3
66
33
112
138
113
-36
354
-33
-355
-242
24
84
-79
40
-103
347
62
-101
-218
66
-73
-154
80
27
-208
19
-37
24
-11
38
90
96
19
-167
-14
104
-224
-31
155
-112
69
-78
-275
124
77
99
70
-314
43
57
109
-252
-217
-315
40
-243
67
-33
-309
131
82
44
97
-312
25
110
83
80
-103
98
110
236
-158
15
82
346
122
59
-28
-367
66
92
-98
69
-5
-39
73
89
119
140
0
47
95
-66
-95
90
103
70
85
-7
82
-162
-144
14
26
86
-79
91
-67
76
85
-168
46
246
11
-216
37
42
89
50
-33
-393
82
-321
-145
-75
-336
129
34
70
-195
436
113
-89
-122
16
105
114
-287
360
30
-280
-21
42
-207
89
347
84
-49
51
133
-25
-15
-250
-208
-323
-25
72
-49
-130
-306
-2
-87
110
-37
74
-290
39
79
8
129
-111
-16
-98
26
86
-305
-272
118
34
-154
109
-163
47
-35
-46
96
103
-86
-155
52
-169
91
60
-314
-47
-113
20
115
12
94
79
40
96
53
-25
-10
73
29
96
43
-48
84
-198
86
-2
-3
-23
-125
-154
-153
18
-166
429
63
374
-45
42
-11
-234
52
11
96
-73
360
77
116
2
131
-232
-255
80
-9
98
-64
73
-298
62
-44
123
65
34
209
-189
71
90
-15
25
42
-99
112
-117
19
22
84
-49
91
54
-106
96
-214
452
-135
105
-68
-185
110
-8
15
-213
-14
44
65
1
59
58
123
66
86
118
93
119
-89
80
-7
-178
-182
66
-193
65
96
29
62
38
-12
-204
73
105
99
-35
-314
-180
85
-1
-279
29
46
86
28
333
33
62
30
81
-1
369
-61
42
18
-47
56
41
-92
59
-71
73
20
92
80
-197
85
86
-96
19
-236
106
85
69
39
88
-14
42
317
-124
7
31
-382
-185
5
22
141
92
14
-132
135
-5
33
81
89
-120
-6
59
-212
68
-263
92
46
20
11
-143
27
32
-36
8
-207
-233
-237
7
109
61
-166
110
-132
117
16
-139
9
-230
5
88
26
-110
42
45
-432
87
84
-97
87
136
-74
-89
14
85
-33
-119
133
369
76
-47
-69
55
-23
60
111
72
72
17
78
57
-125
