317
754
-930
542
-935
345
492
505
-107
315
313
157
197
500
-1020
310
402
716
0
185
318
404
418
194
486
242
61
290
-902
500
-245
-1552
52
-470
14
130
-484
336
467
471
402
104
274
-375
239
430
104
300
401
83
475
294
-295
537
133
233
375
320
296
-1037
467
666
-838
-181
347
-96
121
330
492
-21
68
242
477
-1293
271
353
45
-624
135
179
506
454
-780
99
-823
-826
365
-229
-1191
388
656
320
-379
-474
490
43
-129
199
304
411
259
413
68
215
-120
-1425
348
449
308
143
346
60
277
135
467
375
383
271
539
338
-987
-237
292
417
-1282
419
-651
-448
-300
391
290
225
637
220
-276
348
-232
-1204
397
245
597
269
-662
-808
531
-1487
-1506
304
242
-140
485
-1257
359
-1446
-693
-187
295
-239
296
317
289
521
-79
-252
616
463
382
-1113
434
186
210
19
341
99
-120
288
237
318
-847
136
-882
-37
241
509
463
384
-524
438
-306
-605
289
199
266
-692
287
426
348
44
-395
577
518
-1148
113
-790
-548
-193
-1561
456
-577
-743
-952
295
189
286
653
193
391
-383
357
331
74
-267
352
324
437
173
427
199
-892
421
-363
555
259
170
394
404
-1077
307
450
291
197
390
217
313
17
455
438
175
385
-22
468
424
-135
-22
357
312
275
57
-209
181
-1212
-251
825
-143
-1246
236
22
155
283
-679
-1111
-811
133
79
112
367
352
486
269
-208
325
238
225
74
371
306
108
-476
-1242
361
525
438
599
-212
259
312
599
193
399
442
-1165
397
528
264
325
358
335
587
-1342
309
-593
-480
336
-18
-6
307
-252
324
491
490
161
300
560
-395
334
-131
431
-199
343
226
-1495
628
505
110
608
345
-1093
333
306
378
343
242
245
-341
157
371
176
-253
-1012
329
111
384
152
281
103
469
109
-496
324
334
-115
286
323
-1012
201
-1053
-272
322
362
219
326
408
329
370
-265
6
441
-361
172
-16
-548
547
447
322
-48
-1501
343
451
385
-71
174
506
422
-527
173
511
-1163
-902
-349
488
-169
8
232
152
5
186
491
368
111
72
486
222
-106
478
217
105
348
-1293
-264
445
-551
-599
2
328
166
150
-313
-78
573
29
345
72
486
127
-31
379
-348
-494
-10
47
146
-1057
405
-627
273
-153
-1475
72
320
263
-29
327
212
731
222
-1618
479
475
309
526
111
-105
174
-424
81
134
321
196
445
386
-9
270
77
315
-651
488
169
268
-114
163
272
-730
283
68
749
228
367
308
391
561
-195
243
385
373
-635
260
-353
-883
331
-416
325
656
297
175
512
46
-512
-762
-1033
176
-112
313
326
-1806
316
245
105
-825
-155
136
-14
354
148
381
404
227
225
187
262
506
20
347
317
-1023
232
-42
-1069
285
179
63
275
420
243
183
-141
270
-251
163
274
-332
272
267
402
240
286
-518
327
289
424
415
-734
-54
-9
155
310
-1054
650
-129
-236
245
-1481
0
1037
514
32
-159
320
215
224
-599
256
475
273
157
221
232
472
600
-313
444
-493
-850
-159
249
-1109
414
285
344
104
-346
-471
510
364
-25
315
231
51
285
338
296
-528
505
-912
114
731
-662
430
303
350
-968
503
151
194
-196
488
396
80
33
403
306
306
541
487
-137
390
-313
-497
-143
460
444
-1262
-12
358
510
366
285
260
303
514
294
375
-352
338
-102
88
-30
463
-1140
130
-71
-222
163
264
176
88
150
637
-1109
-298
243
0
564
-47
437
-477
-131
338
419
10
302
-40
513
146
-23
52
156
973
-1053
375
-18
-38
272
572
-1
-36
-649
-860
481
171
255
427
189
327
452
-246
517
377
182
497
-601
398
-1169
353
114
-879
215
384
377
142
180
648
335
222
297
434
272
174
-152
-411
-1833
556
-324
45
384
296
332
233
15
233
116
55
-1093
419
-1415
153
170
32
-285
280
255
366
434
357
-986
306
495
378
337
-1204
448
272
476
415
405
-1094
309
309
221
286
-233
-707
-1034
-1457
-216
485
-337
237
-391
303
-1494
450
-615
352
295
464
315
-527
273
227
386
-849
-632
165
349
338
38
22
343
-127
-9
-850
-668
-5
32
263
568
182
498
247
-12
514
386
629
293
-1001
406
319
-218
324
137
453
363
614
471
518
451
-159
-277
300
193
-1191
-949
-1136
381
47
164
483
454
194
333
-930
622
181
-1136
-531
329
-1009
-937
-152
443
316
330
-849
-862
265
-373
-414
71
32
-1231
34
507
-11
554
280
531
228
-357
-138
-1508
280
264
454
-246
227
326
210
360
380
510
-945
536
42
210
-501
97
381
-167
-38
-208
325
491
467
-100
-1833
-179
-1416
89
514
160
358
307
357
74
-1835
376
262
237
312
690
-812
174
343
172
463
250
600
474
277
177
-164
359
295
-175
413
302
284
272
318
-1124
-1163
-249
-102
266
463
-136
379
189
329
-253
-134
59
-417
509
-936
311
-151
75
646
-6
-165
-185
-883
6
349
198
396
172
369
103
-466
444
409
10
253
401
-251
330
508
312
344
-5
200
186
406
209
-577
-62
-617
312
-79
254
-127
-114
-435
438
250
-705
3
-749
239
467
382
30
-152
343
-727
-34
412
378
-428
364
-448
187
368
-997
231
-34
695
30
117
498
393
-384
412
83
261
-591
-846
420
251
367
298
248
409
239
353
-258
370
224
521
-632
572
337
241
689
-137
-1320
154
232
-1132
405
370
40
286
-920
-959
-1199
-1803
-790
41
59
-134
-765
310
-112
306
-255
-241
349
379
14
740
-731
628
207
329
-982
398
-8
428
-1124
-385
358
394
438
-86
339
-684
174
-178
-1241
-551
277
-176
-232
-505
589
207
315
-231
323
986
240
343
-1454
622
-248
-1
394
644
-649
-276
305
-347
343
384
595
-668
210
-46
-31
488
363
423
432
379
751
133
279
-113
316
-918
352
481
475
248
-293
272
329
88
51
357
409
297
276
118
164
245
-146
272
189
221
473
372
279
-332
57
-1216
159
-28
245
-86
502
269
169
375
227
326
-300
380
394
159
156
114
49
225
149
22
440
432
400
83
61
-386
535
164
488
558
-500
-64
608
192
163
273
536
97
365
323
-232
489
388
-749
190
67
299
498
103
-79
476
41
313
-846
-386
72
499
266
237
297
151
344
229
-229
304
135
66
471
192
-613
385
-309
297
513
-30
-225
443
117
222
206
-141
425
620
442
335
25
626
-1365
-228
415
391
314
109
107
571
-309
40
15
310
436
-433
462
432
449
216
504
387
191
741
266
194
405
337
558
243
43
598
572
548
243
-84
155
730
187
499
229
-414
414
480
-174
-325
303
-114
68
-363
-388
-400
59
193
334
-943
284
-800
595
-6
-263
-131
52
69
217
-120
141
447
385
-1829
-79
392
440
174
32
266
374
337
-617
-902
398
202
305
206
341
415
376
473
576
315
279
189
-608
650
404
-1838
378
281
45
-247
426
183
375
252
74
477
634
-1453
373
479
485
618
-1032
-164
-176
508
464
-881
565
-9
-317
441
309
369
530
-1547
-1020
-1
397
-1495
-1059
308
-962
274
476
288
183
-605
-71
332
535
5
526
-444
-489
-167
-229
173
-112
147
239
366
279
-746
43
323
238
393
200
-267
241
255
385
-1149
-1427
166
-32
396
305
-386
-1117
327
554
287
-256
-222
358
462
323
458
306
326
362
134
453
327
15
-272
437
299
-540
-838
39
157
489
243
486
148
535
155
427
155
368
-1030
-239
-1285
-92
266
368
457
387
228
173
51
444
-759
387
292
306
355
966
397
333
394
294
214
-443
177
333
216
-957
166
274
-1286
-327
-392
318
187
88
221
133
-1153
82
-620
498
292
480
72
285
-1095
405
326
-847
75
519
-308
491
-345
-1067
24
-163
-34
403
584
422
524
-1173
531
110
-100
295
277
-986
-1641
379
-466
378
927
303
742
-110
-191
133
-1054
392
-530
-318
-287
-84
-447
-232
-208
-565
520
472
385
259
457
265
353
151
-137
384
507
-413
110
495
-1246
-85
498
-739
-72
447
461
-690
323
379
-847
-414
2
-47
184
358
16
550
437
238
536
-39
299
427
422
298
323
262
15
-28
463
361
324
-238
203
398
-1454
270
-150
-1067
320
-259
-142
105
-594
142
-17
-983
2
0
290
320
-23
287
-32
536
-317
325
217
234
-1097
-1377
251
-1687
-620
-739
396
-957
486
306
-387
80
82
420
1
-559
353
419
-205
1049
58
335
-698
126
724
-176
-854
483
315
159
-250
341
-862
-408
-554
237
-313
433
-530
-1007
417
-213
572
91
305
-388
295
-733
346
-829
-61
572
435
342
244
54
291
329
399
-664
-188
331
-1339
363
-296
194
-1
462
427
-1054
166
328
-300
409
-47
180
-158
307
347
403
-370
614
162
261
92
616
354
433
-1266
403
680
850
493
554
410
-80
541
-703
-142
312
322
377
390
126
364
362
485
-385
-995
372
394
-86
59
143
371
-307
129
-138
700
360
-852
-671
393
697
267
-187
347
535
17
386
217
239
115
-766
326
-5
-424
526
-267
-663
296
454
261
400
454
500
351
293
-531
217
433
-1071
256
-89
-79
-889
-1279
552
14
350
-1147
731
-1057
307
427
197
-57
616
-366
-1203
402
113
196
419
411
155
-28
258
229
-14
-94
121
366
-850
286
386
397
308
-733
414
7
383
-129
41
-1033
421
344
428
-478
126
487
-76
422
303
478
-635
-366
240
241
479
492
457
122
456
271
455
225
421
-276
219
44
150
209
451
-1105
-800
-518
62
495
665
-861
441
128
412
44
-895
427
-259
192
571
300
134
632
523
505
-203
211
212
418
96
453
-1302
266
598
346
-1094
133
415
143
-479
69
154
125
-24
459
357
313
-338
337
329
120
234
376
227
272
-398
439
178
273
749
52
-387
505
4
444
183
303
-874
236
262
279
111
92
475
-46
-1839
-1149
150
-144
373
-79
-318
353
-485
262
473
307
63
419
60
514
273
305
-17
-416
35
476
163
55
374
148
318
369
368
407
-120
326
287
-1320
-507
307
142
92
166
277
52
1015
694
-47
656
-105
452
-1285
245
75
46
-129
-949
46
363
-336
-214
78
411
296
327
-1627
-377
388
-398
-219
-297
-8
-1376
-43
-120
-183
416
497
295
-1071
195
131
182
444
324
284
476
109
317
-514
456
-812
582
-780
250
400
218
445
148
439
98
-583
-795
497
-343
382
225
287
-1266
-690
286
326
651
400
-12
157
361
394
-731
-1338
-1539
384
127
-1697
400
-967
-464
298
251
-594
-1390
-127
-1109
199
183
377
337
489
134
-102
503
353
27
531
-968
295
-645
248
287
-1146
-1158
-1193
382
643
227
278
440
47
638
289
304
359
215
360
419
148
-81
499
287
414
-183
-1316
153
287
531
-232
-959
728
367
-224
657
-703
-142
473
-195
-82
-144
840
547
404
58
494
146
-246
-99
-111
208
491
-1626
301
-560
543
198
-728
554
344
528
330
357
442
247
260
-1412
-1697
256
233
-46
175
753
73
261
407
286
448
-1413
-1120
471
313
95
449
315
-850
278
-1182
-48
-1548
357
417
-1020
444
144
234
-212
-867
87
404
297
178
-193
378
-208
494
-912
438
214
-432
-998
185
-259
328
55
385
-1263
-293
-668
-102
411
518
-593
-298
-248
436
372
-1195
279
199
37
160
-59
299
-629
382
433
-112
-383
362
-217
19
-210
255
254
308
324
-1057
33
336
-1316
166
509
61
425
313
520
256
-56
412
287
-1075
84
247
85
273
-276
-410
43
37
525
393
-941
240
502
287
642
-231
-396
-31
-557
104
496
-503
-1124
357
-293
-91
-671
174
310
202
330
414
150
-396
-27
604
429
1056
-1065
429
-252
108
72
555
169
-747
415
283
189
-373
-626
279
363
104
-210
325
453
-293
-188
-552
-120
294
209
-731
-695
337
257
247
-73
430
258
469
329
-390
-762
-1073
269
375
202
348
358
414
64
186
-143
237
-210
-1080
-811
401
-1457
-297
-181
-769
368
406
131
104
215
273
-371
492
-994
282
389
-52
344
532
259
294
309
163
232
-836
-1090
57
-1127
282
118
-946
-286
-447
-578
145
443
-347
464
311
293
-1079
360
468
405
430
-594
232
707
76
45
356
731
462
287
-1839
343
284
4
293
107
-790
-272
183
-34
-678
294
460
337
104
420
401
376
463
301
-1090
495
-448
-233
336
285
210
-1090
-967
-1099
329
273
199
617
314
120
550
190
1056
-392
-871
-1342
-1556
144
-258
55
411
405
565
442
414
-11
463
-210
537
591
490
358
365
148
-352
135
384
263
303
189
299
-1322
-48
-1353
210
231
303
427
-191
-1627
96
-31
537
181
150
-718
-1169
-778
306
-1003
199
179
224
218
437
212
419
-209
-112
116
184
-204
-69
-863
418
453
300
-912
362
500
1059
-583
-896
19
-122
61
203
-44
-599
489
567
494
253
406
331
-544
328
308
314
-1556
241
9
325
-988
209
448
-1548
107
127
392
133
39
174
428
37
490
281
24
-769
285
103
448
-972
549
385
282
224
-562
71
136
150
-431
422
492
429
571
142
553
-504
300
314
454
186
273
-968
157
338
-424
409
514
556
225
368
189
-565
15
151
-592
312
-57
-545
350
173
265
329
266
457
470
134
598
-115
197
422
-1113
357
366
239
634
150
-124
404
91
367
-41
299
276
-187
315
-235
209
381
-457
318
393
438
343
385
147
189
332
-1257
286
364
545
546
271
57
-994
348
-258
262
302
-184
241
310
6
-99
-1256
-136
-947
244
-127
451
413
709
122
330
289
183
-187
460
448
299
-416
247
-53
416
-153
209
176
194
-210
-609
181
-464
-53
40
216
-1
129
255
-310
304
400
524
498
-457
462
741
742
252
-1199
-743
461
581
251
489
561
242
168
-1
-1292
143
386
-1360
468
386
452
226
457
239
-124
315
338
-272
453
558
-1036
226
226
-1260
270
117
189
115
-1076
392
-401
-538
603
189
580
-537
134
556
496
350
299
545
945
-855
411
434
282
-755
389
391
266
2
-1076
-145
-1284
344
376
-1348
-936
52
-1440
-1007
308
318
492
-260
315
51
454
443
146
-445
472
225
75
350
164
-164
239
-53
486
487
308
210
-540
-1111
248
-988
-444
-622
282
316
439
59
315
329
499
-86
122
-1344
-599
420
-780
311
-1236
-780
-538
367
-164
-620
109
436
-287
165
262
397
303
571
690
-693
-679
-468
315
597
317
-1080
-1020
81
365
84
-728
-609
465
-216
398
-343
399
142
-159
114
350
-1163
426
41
212
506
282
227
-170
77
238
-59
-418
277
471
-464
289
470
285
361
346
453
406
135
-955
59
120
-255
-1100
484
459
403
-1166
498
150
290
293
482
314
306
400
-1261
85
632
285
362
161
508
-195
286
698
521
-429
171
-572
-303
-975
421
411
585
103
-854
-1279
377
292
307
-522
582
-334
-91
-236
-48
210
-115
259
451
-249
-432
1
-997
164
65
204
-144
541
-497
-889
146
306
133
343
22
595
-645
-448
307
215
262
-276
164
-871
262
-1148
-755
412
171
300
168
-929
-565
90
286
555
38
-862
376
-48
69
578
395
35
229
270
-1340
-838
-754
-690
-345
407
453
239
49
216
16
106
504
145
237
284
368
264
-41
603
315
150
-1090
-444
251
-692
309
-143
-1307
216
887
-80
85
145
256
415
306
115
461
-1001
-259
433
300
133
-63
527
-560
117
-115
-60
-1001
644
227
258
-493
541
379
443
-251
291
-99
-1039
-18
184
-428
443
542
540
413
573
532
490
442
-383
130
299
-447
392
-1145
365
-721
-415
133
335
491
263
109
463
4
310
193
-1051
430
-1148
250
811
155
169
-1254
-1216
-812
-918
-174
-1838
-627
128
-356
285
-1547
-859
281
-1407
-420
527
406
-65
-205
226
193
341
315
121
436
-121
419
201
-443
-120
457
-543
265
353
758
170
189
-615
248
-871
459
239
300
79
-131
518
530
462
-499
372
284
25
238
633
-88
457
716
410
162
-544
455
543
-1099
-1186
100
359
239
461
168
85
64
591
212
457
393
91
-12
123
467
261
400
258
480
149
45
-982
-1285
-47
407
-209
616
248
676
92
373
176
69
-125
14
540
496
146
-766
-4
329
307
310
363
473
-1027
91
577
389
304
193
390
43
371
-150
445
-825
-28
397
-47
-1552
-383
291
315
299
326
365
-1235
-47
-473
-1170
-30
237
-79
219
382
-7
-970
137
499
130
427
-991
485
321
-398
413
475
489
-692
-158
258
540
567
467
272
82
27
515
-59
68
276
232
177
-30
-945
-225
-178
261
-384
-7
324
263
782
-543
-70
348
150
231
-347
-564
-246
498
150
287
-464
448
473
32
231
379
355
-416
290
279
435
439
131
333
335
418
476
371
-1508
-1148
6
442
281
436
-547
366
-28
600
245
376
-99
100
-562
366
462
-1054
188
107
136
512
-441
-540
-218
-988
-264
41
-1067
308
296
157
66
43
176
-444
176
-446
347
315
-80
358
239
573
-538
-56
198
-1
-19
-717
-863
-927
-240
286
498
-102
287
508
467
-571
-707
259
-236
-1028
428
519
496
-748
381
-212
80
-623
927
-540
405
131
164
492
-1141
532
160
-206
135
107
346
384
268
221
332
-257
0
90
-35
457
299
303
362
512
438
462
-495
312
375
-664
464
-987
4
473
-1028
44
-131
187
331
346
145
1
637
52
209
492
192
-45
-101
643
-1034
-429
-224
175
-892
566
-1134
231
123
-582
-177
189
-84
293
258
175
557
363
295
491
213
-214
-1151
83
476
-597
-765
-111
401
-38
-647
-649
-1244
-946
582
381
358
-1090
457
290
424
213
178
394
-21
446
392
-361
-1203
-251
474
2
346
635
-1607
429
456
499
62
194
45
546
146
470
170
-1118
-64
154
317
377
327
-166
242
375
267
193
291
-881
397
239
223
241
419
485
102
-139
-1358
362
234
72
-290
-24
401
171
495
196
82
335
-1322
186
581
-1173
237
408
366
180
-163
-263
594
-1295
221
150
-762
217
-1216
337
-1073
492
286
-684
-92
171
665
303
-267
294
463
246
-1089
215
719
163
257
109
439
-9
-24
-487
214
607
424
316
122
243
-1261
114
-34
100
122
518
88
-1117
125
486
401
474
120
612
62
284
437
104
-472
433
125
-37
399
382
386
449
291
243
-995
-1039
-235
966
-1053
-120
188
-1077
344
-740
269
395
282
-850
61
-468
184
308
259
429
169
-175
252
243
80
-125
243
297
188
77
-166
287
456
680
175
455
483
-1167
-286
-1413
530
547
-531
375
436
162
360
-894
398
-1216
471
406
-120
-620
-1244
371
-208
123
216
520
371
367
29
-734
681
-545
1008
202
189
741
-1158
172
310
302
-505
540
240
288
252
419
417
-332
311
97
475
439
420
124
-89
357
-637
-1148
-1716
193
353
197
118
215
344
91
7
318
-671
241
280
729
366
278
456
385
-580
-42
-429
-947
323
323
455
506
-1288
331
195
945
-548
221
527
380
447
275
-389
462
345
112
-1033
39
318
-1241
89
-462
272
225
229
728
275
328
-398
390
-332
81
321
-255
351
304
604
510
108
129
336
291
488
-1135
90
371
183
481
381
343
-70
659
-204
457
-486
519
-443
120
440
-1071
149
439
556
306
-96
361
281
368
306
383
546
384
193
117
323
365
141
216
-560
183
401
377
404
360
-102
-306
-345
496
-933
550
225
281
427
526
0
245
-1669
81
220
-347
91
170
-96
350
496
-82
162
616
397
356
278
62
-748
111
-810
-1344
393
-1033
-1153
-881
-214
256
515
301
-587
-348
317
-569
-115
-417
99
256
-345
199
432
133
232
-68
242
286
152
-255
-318
-591
167
466
406
360
71
429
238
467
150
-670
503
507
232
240
359
-1158
457
88
-718
-539
374
1055
413
-476
382
437
572
441
429
336
-552
369
-137
217
-555
421
-44
260
-168
313
283
281
-689
731
146
475
362
373
402
124
202
-59
140
49
412
-157
455
15
709
401
651
-144
344
376
82
-1463
313
-1163
317
277
9
-39
346
290
11
457
-603
183
261
370
245
93
348
37
415
307
96
8
-154
459
216
159
-271
238
503
497
97
301
-435
-524
435
245
383
266
361
-1001
431
422
-237
147
-347
384
-1065
100
-301
354
-349
-288
-3
348
291
434
-336
-67
-1813
-203
220
-388
124
553
-115
95
-346
244
479
114
371
360
393
-718
117
426
270
-173
216
695
136
337
386
-690
255
-831
-744
337
332
18
209
358
173
-863
382
418
-57
371
19
-47
688
48
-503
334
252
481
-154
494
-1317
260
-235
920
328
196
-418
252
127
-578
321
584
211
298
118
160
375
556
301
460
181
-25
-343
322
295
56
-78
493
-190
253
-1002
513
290
461
-583
274
-1079
-81
471
1055
76
301
475
-222
174
313
273
79
-10
118
336
-1009
71
89
-1502
-136
379
-470
434
-136
241
-1174
192
-224
-173
-943
517
410
513
-64
385
366
580
340
207
270
-1453
-157
-379
131
480
187
-947
274
315
89
341
-62
402
75
-96
-1108
11
194
276
273
312
371
307
161
498
-554
469
32
299
120
492
339
486
154
-1102
-385
382
-611
-816
225
397
143
362
-396
276
498
451
68
-662
467
218
179
80
-165
440
364
-309
-125
-970
134
202
610
397
133
-1066
-291
400
588
-1145
-486
391
303
297
-896
386
307
247
340
1043
44
461
361
95
159
222
224
196
385
81
273
-552
194
-537
304
227
-371
-133
197
284
-21
55
229
128
-127
37
-163
107
711
289
184
464
-563
521
-300
-251
412
294
199
761
403
362
459
-571
335
197
107
72
269
420
237
342
59
75
208
-261
172
350
116
192
44
646
735
-170
77
493
153
325
209
133
735
343
-780
238
278
575
-118
372
379
231
502
414
122
-18
-494
-108
-1803
409
229
-1059
301
209
148
441
315
92
385
308
444
440
238
-705
400
405
-315
-519
-471
87
496
417
-220
427
419
-98
-608
23
38
-1810
456
582
326
-297
290
462
-505
86
652
331
316
363
270
215
389
-693
-57
330
-731
401
-501
412
-305
444
-1416
-1008
408
38
-125
232
318
308
113
-1502
-1112
471
447
549
242
-1511
-863
391
-1340
-1036
378
-1626
546
317
-309
372
91
238
372
204
393
-1193
-837
-752
359
292
-504
229
-903
416
536
359
391
261
259
697
260
356
449
379
369
427
-251
442
-384
-1212
-849
-154
-955
362
-1099
313
308
887
258
-493
343
358
-662
-1255
315
469
297
-702
243
-1194
-177
67
-157
612
-157
-658
-837
-3
298
277
-241
-1004
-731
-6
382
495
477
378
-814
-533
-82
-842
17
197
1034
-25
423
-44
-930
233
-435
361
-1075
273
527
105
637
245
327
366
335
164
-461
472
326
-1152
-29
418
283
515
338
401
399
120
72
228
265
217
113
-123
86
247
-120
402
307
390
427
-115
-195
-347
315
209
327
277
450
352
142
37
-1145
347
377
704
156
-861
-414
205
363
-855
169
119
558
313
-754
-315
338
501
-1075
311
354
473
-179
-9
-679
-64
462
-860
-94
292
-1295
578
182
-1149
486
-932
-955
-896
220
-1108
215
194
233
212
-238
365
373
154
82
-417
-277
307
-683
-559
356
536
252
222
-221
209
287
89
378
344
404
298
16
-1446
432
315
-683
-139
249
334
325
195
-982
488
585
27
341
8
118
84
206
492
-190
-346
-491
289
4
-67
457
-168
386
382
-431
460
478
164
323
-76
250
152
-901
125
-1182
298
343
-264
637
393
393
-869
-1165
675
419
-146
210
229
-1023
62
-701
293
-578
253
492
40
449
549
88
312
116
115
-982
435
131
323
405
-514
437
-423
259
336
476
510
374
831
413
366
573
133
-473
462
284
15
-89
240
242
-551
187
508
25
335
357
441
-54
-734
326
-1118
308
500
289
483
421
456
408
-250
188
-245
-81
291
389
462
490
291
437
295
492
-208
227
-912
384
34
-344
-179
472
-31
476
1037
480
333
306
-1222
232
512
-140
551
250
232
-101
293
410
182
-874
357
-261
-324
169
-1180
128
299
585
-1
85
403
210
676
-502
53
1049
160
687
315
316
141
184
202
308
-1559
392
-867
359
302
-1835
-276
-1407
365
-278
300
-14
411
463
193
428
402
347
291
-734
-143
345
322
-182
289
-879
-16
167
383
-646
241
297
214
620
210
60
319
-578
-222
-1378
-1070
664
308
571
484
136
-141
366
458
-197
461
-26
422
-674
38
-707
-1102
305
338
-80
-71
-413
-459
403
252
-505
536
-236
104
457
310
280
155
4
-74
503
546
338
405
222
415
198
410
284
542
392
-267
-46
-360
99
435
-162
298
-152
107
273
267
-1186
59
-1641
264
-65
498
-1655
377
-124
549
-1501
748
-1206
182
512
333
338
333
86
375
-1315
-296
-87
-856
279
171
-679
-10
-10
476
-34
221
-981
253
174
356
302
266
360
195
477
154
626
404
719
326
-617
-1413
-117
-907
500
151
-1039
1
91
682
397
279
580
-578
-746
-305
448
457
-1008
-565
228
304
356
-12
421
-1199
-276
113
475
302
395
-276
-705
-1353
379
287
-170
-199
-159
195
150
512
-47
-1067
64
-84
114
530
236
306
403
123
-361
358
-816
361
-58
-912
110
228
472
195
374
420
-1443
314
353
-98
352
502
-6
119
-731
559
-702
310
-471
-702
-718
444
32
113
-197
310
456
-176
390
198
422
-41
-560
53
372
107
297
203
198
407
382
522
64
58
255
-208
-153
-115
408
478
-1032
603
-1286
447
-397
-656
311
246
-73
348
303
94
-202
265
275
-395
282
438
459
-1094
-1662
107
-850
566
68
195
-61
239
-512
-812
358
-333
297
457
265
189
459
-808
262
212
295
-347
-310
-1687
-146
307
-263
-225
730
-252
383
483
477
407
173
-39
-245
-179
344
231
-599
509
382
104
555
179
-671
230
32
-154
539
127
-957
175
-166
-261
-415
-35
72
487
300
729
384
-146
414
156
241
391
212
-60
91
200
197
-902
172
-1494
301
-987
328
167
410
595
397
420
472
80
344
243
31
-79
384
348
15
398
761
297
176
469
481
172
375
-972
500
-256
227
447
161
354
405
389
203
237
175
-1115
-1264
474
196
439
282
279
547
-82
255
617
-1001
84
243
175
518
248
82
253
417
-1425
447
-264
420
327
200
133
263
296
-74
337
-1136
-396
122
588
-834
267
195
391
273
610
272
141
-193
546
309
548
347
291
-1292
425
-823
-44
463
455
530
-1004
208
111
711
-258
-1443
170
20
753
156
16
267
-106
111
-330
524
-142
-1655
233
297
217
365
584
192
57
307
290
398
367
346
458
486
-538
-34
-170
284
25
-769
490
-360
314
331
162
460
503
241
430
81
382
152
356
241
-459
297
47
-1071
238
294
-949
-426
51
-879
285
-613
400
-679
115
666
458
306
525
648
-267
559
404
-60
368
138
567
511
-114
420
486
356
376
191
349
294
32
688
98
262
351
349
385
452
525
303
353
105
185
74
475
67
281
-407
182
-394
211
97
-491
-246
33
306
429
323
-296
258
698
179
430
-170
387
425
-79
170
224
379
-717
457
390
508
33
55
-319
-1376
173
449
318
390
-718
-912
374
153
370
385
443
173
338
-1146
-572
481
246
382
-1748
177
153
-577
-795
-990
31
350
293
416
37
163
-332
-460
367
367
269
309
390
402
90
-995
436
-656
380
130
21
118
1043
199
-62
-297
203
203
365
-403
633
475
413
-592
358
209
196
255
198
-935
499
-38
-1206
254
264
221
232
-1148
240
417
7
258
34
130
-845
174
-557
17
384
134
-27
164
1059
-813
-1027
986
239
216
460
302
26
-769
-663
-485
439
476
-550
-66
551
-1806
463
161
831
382
285
-150
375
573
-19
281
613
8
-447
-1001
-587
-1340
463
180
482
443
269
316
175
-390
-1748
634
-752
-367
665
95
393
400
234
377
78
-537
297
-658
-8
303
-790
153
411
204
-42
10
287
186
159
-1001
-577
-361
-66
292
-519
518
450
376
413
-403
-1231
-185
-193
414
87
572
229
262
142
517
469
-734
272
499
314
513
156
-437
-252
-208
-566
531
43
474
-569
155
347
148
17
391
358
122
317
399
345
290
499
221
353
128
-105
329
155
62
265
498
-243
97
241
-484
-967
184
204
-123
360
389
-945
-1162
-1105
-911
-1070
333
440
423
-53
239
-500
-391
522
210
286
303
215
427
405
169
-493
441
46
274
-1146
413
-838
480
-1315
-1
291
266
336
500
-747
413
32
-73
323
-98
-721
-205
-562
-537
175
518
90
184
150
302
395
-605
287
-239
390
-705
89
-3
192
219
393
-895
311
93
-962
19
-44
6
533
306
-689
-22
221
6
332
204
462
275
-528
-122
491
126
-251
189
-416
305
222
24
208
313
-107
29
368
453
565
462
122
600
97
-343
160
33
192
428
457
-628
379
25
-990
479
145
-178
423
244
175
-44
-279
161
367
259
225
174
425
377
-350
-1254
-36
1015
449
597
55
260
374
-347
556
271
436
96
372
634
499
-1090
362
-279
210
214
-852
-1032
-131
260
330
53
458
384
233
-79
405
-647
164
296
-555
-995
-698
283
227
318
299
525
136
279
-138
-1115
315
-668
-431
224
-692
378
724
-892
253
-800
143
450
0
301
89
370
226
-723
377
-164
156
-1690
367
12
17
87
231
168
-116
-907
-489
382
-38
376
337
-1263
162
587
469
-1067
374
-39
407
238
256
430
187
-727
-235
436
471
-52
-1243
51
218
-415
248
168
392
310
299
-89
719
-977
46
-248
248
314
564
277
-598
-1282
196
125
354
-1415
306
344
104
451
-1261
418
-1140
504
326
540
46
130
10
467
513
287
336
434
417
376
78
194
-957
-547
126
-1006
196
-932
-836
-364
-207
-36
170
424
157
17
111
90
-116
-548
-296
61
-46
263
149
387
1034
546
61
-220
489
425
-239
391
262
69
492
-1006
526
-79
458
176
47
-933
187
-187
-255
255
267
138
433
-513
45
220
-834
78
-257
-859
122
168
-47
622
169
442
436
173
-1159
519
438
-1134
428
-746
353
352
-264
-859
-602
-248
-1544
181
230
238
636
231
284
227
383
721
-454
422
579
-53
532
528
89
53
379
-39
103
455
392
468
504
-3
104
375
439
216
-970
285
344
-949
-121
-259
206
-158
-320
252
311
249
388
146
142
-170
-562
206
40
-81
326
-143
199
343
597
191
-297
-1124
-135
328
-1303
-1180
472
239
338
-1069
400
316
291
299
330
307
366
363
95
223
336
547
-408
439
1
99
476
427
-184
681
413
130
487
-595
375
-708
66
301
167
226
-1167
310
-52
-108
322
269
390
351
-30
174
731
65
312
-163
527
164
-346
-247
142
-338
-177
280
145
-377
99
354
232
176
-178
144
241
281
54
725
84
324
-101
761
252
226
163
118
441
741
296
383
194
331
-255
189
332
-483
160
-892
-474
392
468
371
400
162
-812
298
297
39
-1036
614
178
328
456
197
-46
362
-881
189
257
51
90
157
338
-221
453
-378
168
277
234
591
514
-397
412
58
-496
531
453
501
-401
217
180
439
239
270
68
259
97
-1197
192
-1020
500
246
254
237
411
610
-746
457
249
-920
589
420
-1414
307
-702
66
449
530
-233
-1195
-583
-1074
424
-611
137
151
721
-955
216
134
-116
295
169
385
163
-988
416
-894
-181
185
350
170
155
209
-241
254
335
377
388
432
-424
-47
-394
-216
115
-46
-113
-158
320
-272
-1032
-30
-480
510
168
163
357
64
371
-1111
301
317
144
353
295
118
247
-166
276
367
130
-12
165
438
196
297
488
167
313
104
-1298
-533
-950
49
-238
-161
351
287
-902
394
57
182
256
402
155
112
342
330
84
187
263
-788
97
-1149
-399
191
-157
-624
-1071
427
-291
-717
-164
79
381
230
320
378
-99
-296
-377
249
391
656
300
169
152
-1100
287
285
364
177
478
-642
237
396
447
221
430
471
419
338
452
-674
-115
681
562
293
217
-437
85
453
301
-202
341
0
365
-38
306
-60
258
-1145
-169
653
-550
450
-500
186
505
664
-255
440
-723
451
118
-150
343
483
311
274
-284
290
-306
-1256
377
-759
240
253
-175
392
276
-1151
434
-417
603
84
345
522
517
212
-502
338
-88
367
-731
337
277
321
92
237
479
314
369
306
84
78
