83
-27
199
123
-11
190
164
66
120
-324
147
309
107
48
-92
59
49
90
-30
149
-311
-294
-162
169
89
6
-123
131
90
96
-51
259
71
273
-208
-395
23
-96
192
-191
24
-478
-119
-41
199
282
85
202
-305
-68
-145
-219
-243
110
85
-2
217
-165
140
-205
-167
-304
-421
-250
-409
148
-212
303
-306
95
388
131
345
273
176
212
-202
-8
222
134
111
-10
-209
-282
57
121
173
-334
-67
25
81
276
130
-139
-15
250
-310
-398
-32
125
88
4
91
-165
70
-142
19
132
-80
-280
-214
-38
-126
264
177
178
64
-248
350
98
83
-93
293
-193
-32
116
-135
-365
-48
162
-271
-73
-306
163
-13
-282
-47
-168
-15
-165
-24
0
314
-213
248
-168
-332
93
-237
-14
104
-122
-171
211
-79
173
-89
-122
-127
286
89
207
69
286
255
-336
67
174
-149
119
-16
-30
-307
117
-217
76
-103
180
-63
-390
-187
180
89
148
127
-384
-53
166
-242
295
307
-189
75
-172
91
40
12
150
-316
-119
-150
13
66
46
-377
232
-283
-277
-80
175
-469
-184
31
196
-229
-196
148
184
-179
-249
-403
54
-178
293
158
-70
85
53
190
181
-443
215
5
143
152
-351
155
127
-57
-176
-383
76
-236
128
-8
367
86
71
-73
-203
69
90
-250
114
16
-167
59
91
-320
91
-359
159
-131
-10
193
-41
-107
178
-12
54
27
-134
38
128
-154
-96
57
29
-43
-250
-57
-154
53
-173
-73
70
21
110
-286
-86
56
102
44
-194
184
-284
-20
-268
-494
-316
-135
-423
130
-383
331
19
107
-92
160
-282
-209
338
102
182
182
21
82
219
45
134
110
155
-175
15
88
81
-226
-88
158
-5
-218
-346
-154
198
8
35
85
-346
76
69
161
-105
-312
-5
-126
-58
68
-283
-339
-299
220
-125
-25
-63
212
31
-179
-379
-159
47
86
-41
4
28
96
-1
185
13
-167
-428
-210
19
-54
77
181
101
-251
21
-3
-238
-15
-171
-351
175
192
21
15
-339
163
31
259
-43
31
63
-151
-183
-237
141
-115
-73
131
143
-330
126
167
-311
81
29
-346
22
-250
-41
139
-143
49
132
-373
121
-17
-24
104
-282
-196
-212
108
122
0
130
49
-195
-324
-168
96
132
-329
146
184
138
36
-374
167
74
318
7
-29
-338
59
96
-7
-233
214
52
-339
-112
-81
143
-160
-68
214
-279
349
-333
-56
54
136
32
-217
41
126
225
65
-18
195
98
90
-138
4
75
-17
-90
93
-363
13
-56
25
-106
-172
121
92
-225
300
177
-241
-143
177
-143
-346
70
184
-438
-121
104
-207
94
-14
148
296
180
190
20
-373
-67
158
-343
-123
-68
219
-113
0
-48
-144
329
-282
-310
-55
-72
325
-381
379
-322
-393
151
58
244
22
116
-115
-159
-225
-181
-379
169
161
-170
74
86
299
-449
-339
331
115
-398
-229
-71
-6
-28
142
-120
69
-374
127
-373
220
-316
-376
-28
-166
-52
132
-20
104
38
213
-131
54
298
153
-74
205
38
-64
-88
60
213
-312
5
117
-112
193
183
111
117
41
-115
85
-200
55
-188
45
141
10
-262
24
-478
-90
73
237
-388
-214
55
-437
-124
-376
37
-351
140
101
-142
61
-240
-89
25
48
49
123
-143
100
286
148
-102
-309
22
-199
-31
-86
-120
97
-102
135
-74
63
18
74
70
-71
367
85
126
1
65
276
218
-326
-300
-289
-201
-373
42
2
-126
-47
-155
42
69
-333
-254
-45
150
-26
-202
218
-46
70
214
143
-189
-330
80
120
115
-181
61
106
219
200
112
8
120
117
-89
155
-90
-323
-349
-261
86
209
311
40
47
-139
163
51
-199
124
-20
-256
-61
173
56
162
331
-309
-116
41
229
97
-73
60
26
79
112
341
-136
-342
162
78
-76
-324
-106
-133
-2
152
-233
237
-52
-511
21
-49
43
-141
104
207
-27
51
-373
-65
103
-216
79
-105
209
41
-349
-32
63
130
-108
-446
-2
2
158
-112
-379
-418
-43
-377
46
-169
-32
100
363
-56
256
-266
-26
201
100
-310
-218
166
-449
-135
158
177
-129
-343
154
-210
243
24
108
21
164
-376
93
-291
-123
2
204
140
24
147
-339
0
-329
-357
38
96
208
-55
93
101
45
-178
1
-173
119
-72
-198
-435
-238
122
-163
-291
45
-102
-247
-369
-372
122
-118
-5
-193
52
124
-75
247
-248
75
26
-80
-218
-262
210
-315
219
-313
85
50
109
143
-127
-39
-211
212
14
85
127
122
-74
16
11
199
-78
-30
138
325
105
158
-321
185
-286
185
199
-333
64
-306
185
-263
-137
-211
147
-100
133
91
282
-386
-352
295
-209
-204
77
214
161
237
250
96
-3
-25
-185
101
130
-272
232
-247
312
226
56
182
101
92
118
130
-39
-215
-1
151
68
-45
245
-15
-99
-163
-93
-54
-310
-68
-90
85
236
118
-23
-24
-96
-46
50
-59
199
-178
-168
207
132
69
-135
149
118
72
-10
40
29
103
180
144
6
-64
-198
118
180
-155
186
188
45
80
-3
180
154
184
103
257
146
-413
69
-204
78
40
35
-135
-74
-253
-245
109
-221
-296
-50
165
93
152
-39
-379
314
234
91
-118
-333
-145
162
-171
-231
61
187
-387
-18
-106
122
96
136
-101
145
-137
-120
70
33
56
5
307
-127
-67
330
200
222
-10
14
104
-156
-67
18
101
-304
66
-122
157
155
56
-229
-54
116
114
-299
-232
-385
295
-157
-360
89
39
86
-74
-173
-124
115
-258
-419
-340
-326
162
-20
-14
79
248
123
88
201
171
-295
149
-156
-85
-309
-201
254
-82
-164
-68
271
-75
-63
-121
-166
-1
-378
-148
77
-497
3
217
-396
133
-159
-43
36
185
-361
-85
-138
198
-123
-36
-287
17
161
-141
-214
25
152
-234
-54
175
-486
75
78
-77
152
-53
-373
-21
-483
235
-13
60
133
-199
68
130
91
56
181
20
-359
132
3
126
412
192
163
-29
292
-67
-179
-195
-386
177
86
-246
186
51
108
-115
-360
-184
131
36
-149
-43
94
-469
-13
377
110
-6
160
85
75
-103
120
146
86
236
-42
-188
-67
51
117
-414
10
-114
-212
-135
-373
-193
147
124
13
-368
87
-75
174
-253
78
129
155
160
179
126
-330
212
97
-296
-94
87
-225
78
110
138
117
-46
-289
-69
-218
-207
-104
33
-148
83
-141
129
99
66
51
10
-388
17
83
52
-42
21
-201
-90
46
-196
-50
34
312
-122
-82
185
101
35
-146
62
381
91
195
25
69
165
136
83
-431
-314
18
-123
-296
214
254
3
-163
18
-262
284
39
28
-298
58
34
-257
91
33
20
-111
-159
229
23
181
164
170
41
87
349
136
92
139
-166
-344
-327
-153
200
-18
-199
100
130
-139
-138
22
260
-210
-17
-229
-122
171
-261
-385
-270
70
65
-266
254
99
-291
116
5
-261
-25
267
101
18
55
67
72
33
190
165
-57
-258
-148
-397
-291
-113
-469
349
80
165
111
192
53
-95
-361
229
-248
78
-340
179
150
-197
-230
-79
305
70
54
199
107
-222
178
-340
-297
-61
218
7
97
-240
-74
-307
77
107
-297
-16
291
-5
144
-150
-201
-118
-236
77
-273
36
-100
-174
161
161
-260
121
226
161
90
-46
217
-16
-41
208
345
90
-70
-239
285
42
-47
-36
116
88
-27
-75
191
193
77
148
-236
-500
-85
100
-108
24
176
6
11
8
-11
-344
9
128
48
27
16
129
-325
-329
79
122
-19
-66
-409
63
171
21
-153
143
309
-198
-153
-12
245
-215
330
-290
60
143
-53
177
100
28
79
82
-393
37
70
93
-482
88
-12
231
-162
-391
298
-4
-150
195
117
-109
274
-53
-61
151
141
-172
165
224
-249
5
40
138
77
226
-90
-228
-218
80
-120
111
-341
-315
170
-124
101
-259
-15
185
52
219
10
-170
149
-21
-169
89
132
-16
214
122
219
-138
-43
28
169
150
40
-7
141
91
-275
154
-187
241
-330
129
-405
105
26
-309
-78
-285
90
153
-341
-273
-320
-269
96
-51
232
197
-243
317
204
112
-335
128
168
32
-338
154
126
-318
78
-190
241
25
-297
-3
190
51
-196
-326
-132
-215
262
42
158
-326
113
83
24
-48
127
98
-90
-112
-2
12
-243
93
288
-195
-286
-391
29
137
93
-35
170
104
0
-24
64
-107
-44
-225
-23
239
-181
-9
179
107
-27
-22
39
246
111
-218
-32
-203
91
196
-361
-155
-328
76
-76
6
-114
34
130
199
-152
-311
-106
82
-65
8
105
-48
43
160
150
-376
-420
-198
-238
-40
-268
303
104
196
281
-32
-162
75
166
-226
-295
17
-86
26
205
70
-249
63
-127
-132
-7
117
22
159
-75
-183
-2
-321
-296
212
116
28
-225
-286
-179
53
116
-374
-2
238
-108
83
35
-14
148
-286
154
-47
-173
46
-97
106
98
54
179
-66
-84
-52
33
85
-390
63
-10
247
-73
91
-1
224
-235
-176
9
169
-238
188
-181
157
-55
116
-371
44
188
171
94
-15
-27
155
-113
237
-90
19
40
116
7
-400
-99
-510
77
97
-285
176
75
-178
-158
36
76
63
184
78
-414
-307
-157
-34
-127
335
25
93
33
105
-376
60
22
-68
61
-284
74
114
25
-156
-326
159
184
75
-85
70
68
185
51
-315
-57
-58
-170
273
-147
-146
78
17
114
121
-327
146
72
-117
-257
-386
45
129
164
-224
-38
-419
35
74
93
147
-406
97
-316
-232
40
-1
-123
32
166
-241
-196
-304
-271
28
-114
175
116
72
-349
-107
-156
307
98
104
-26
-458
178
157
146
-373
238
219
216
-87
-209
28
321
-259
-340
126
11
196
-276
97
-73
-272
199
-225
-100
-88
-262
-289
51
173
223
-5
254
-39
-152
180
-31
140
-27
87
65
-106
91
225
-253
-362
45
205
-36
-248
117
-34
12
-123
-225
-242
-207
-341
-364
125
-1
-165
84
-312
86
-343
-457
-70
328
227
149
110
24
79
-125
-175
388
267
14
17
159
-382
206
79
105
-170
-3
-151
-298
5
-18
-201
165
137
86
-7
15
84
-8
-28
-20
-16
221
-166
160
218
-205
-136
-438
25
160
-120
-83
-206
207
91
25
-60
56
-58
174
-35
104
79
128
69
-209
-31
-390
143
-93
-387
107
112
-377
-177
-202
-396
223
134
-271
-96
-97
6
-251
-147
100
38
-339
95
276
-163
-357
-269
296
-59
117
-255
75
-117
90
-15
34
134
-84
398
166
234
169
51
160
104
107
129
180
-355
-328
80
151
291
208
-40
134
60
-43
159
1
-41
-323
125
-49
-270
-366
70
-233
-107
168
292
-372
-357
293
23
-315
-431
68
-357
136
115
285
88
-134
319
66
65
-297
147
-219
-108
-340
65
-218
-47
1
155
-54
45
81
-15
145
-70
-311
234
170
-388
-300
110
92
-150
205
-30
-190
-98
-91
-218
204
-335
97
-86
-82
-368
-218
169
-68
-143
-166
154
155
57
-307
-291
184
-336
-290
133
30
218
-368
-258
-146
-35
66
105
234
-87
122
56
-61
182
299
3
180
-359
-409
-201
88
-331
-71
-313
6
-26
-321
-172
58
55
-143
-67
-27
71
-219
247
61
-382
-124
139
12
96
-188
44
243
92
80
-248
-232
-24
23
163
76
-150
25
-153
-238
1
-74
-15
134
-218
-133
40
-126
57
124
95
5
-124
-73
-31
-77
266
32
170
127
-10
218
-269
83
-208
252
-27
123
211
-376
-46
228
-2
53
-247
-177
-5
-212
119
0
174
-26
-88
214
-353
106
-114
-12
107
-106
97
-202
98
362
-126
-3
199
43
6
205
-267
-101
23
104
-207
116
-131
75
66
36
88
219
-99
-398
-30
89
29
286
107
121
-205
-37
91
9
70
-56
357
57
126
32
17
192
12
68
-113
193
-64
-393
-307
196
-331
-288
82
-176
-41
-298
-33
-112
-46
-323
74
-365
51
96
115
-10
170
99
-219
86
-176
-263
-150
70
136
47
143
-181
-285
149
28
163
42
31
-61
-12
33
-303
121
-276
-139
-367
-31
74
-143
77
-119
-91
173
51
-178
256
-57
-311
-38
43
176
234
-74
-399
236
206
42
281
209
-212
103
-229
-29
-139
-105
40
40
-175
-48
-39
-204
258
164
-39
35
-17
111
-248
22
148
332
19
19
-170
-261
212
-103
2
-11
131
-81
251
25
73
-35
-358
-245
-307
95
215
191
-482
98
-500
56
24
162
-322
-152
147
-42
-233
234
-33
57
-43
163
11
273
210
156
-3
13
55
106
84
168
-248
-141
19
-209
-243
315
-32
189
29
292
151
215
-172
162
85
-142
79
-78
-202
-126
-74
143
36
18
149
-372
170
-107
-63
-259
94
136
-244
76
165
40
189
273
86
64
-267
-182
-82
-338
110
251
129
70
99
132
77
107
-15
196
208
-40
-327
-150
52
115
35
117
-142
29
44
-335
-49
-156
24
43
-104
-463
173
50
45
202
214
-281
-236
140
227
25
136
-298
-186
80
131
106
-168
138
111
-29
103
-121
216
168
19
130
173
91
170
-125
270
-61
137
-133
135
-196
-192
-158
186
0
-316
-89
-71
-146
153
-157
84
-343
199
-353
-95
29
-452
-85
-125
162
-11
207
92
119
-322
-419
336
-413
69
-21
-147
97
115
32
132
8
-313
-218
170
-30
111
162
-212
-24
-248
164
-95
132
49
-135
-52
62
24
-117
107
191
-25
-137
47
-5
181
97
-14
25
-181
132
-113
247
161
4
161
133
-191
299
171
14
-94
13
-413
132
149
-394
-154
-36
-191
254
27
-209
-131
128
27
63
160
137
236
-442
-177
122
63
34
156
-153
81
119
-165
103
-112
54
-182
150
94
258
-327
-368
-3
165
146
116
-352
-20
16
171
54
192
209
10
21
54
192
-446
-185
-341
84
156
132
185
-130
-269
-121
178
15
158
-358
180
-242
-181
107
206
196
191
-97
193
54
209
94
-283
171
-164
201
-316
64
-474
122
53
63
-77
-36
-283
54
-433
332
-117
91
140
127
-238
112
207
-149
137
-251
-271
-82
103
-92
-76
-32
95
-94
10
107
329
203
-141
-204
174
-10
17
65
88
184
-393
-229
41
148
101
-187
-214
96
-87
117
42
181
115
-167
-29
17
196
-366
127
180
340
-317
-195
284
-372
82
-53
-418
315
139
98
120
420
101
172
-107
79
-257
133
159
29
143
58
-115
-323
-103
248
112
104
273
-95
196
-191
91
-210
-147
-185
140
1
179
28
-344
-272
138
-295
34
129
162
-48
-220
-101
13
143
-283
129
-172
90
-411
-418
-256
-313
-29
101
183
280
-224
332
177
-177
-152
187
73
-312
-86
-352
-139
-43
45
156
258
145
-28
-327
-20
87
-180
46
-48
-129
267
131
-90
288
110
-112
313
88
-214
5
206
25
253
86
-289
235
64
146
-113
-316
-71
178
-135
-419
-28
-329
91
172
89
-83
323
-130
-187
191
-31
285
-238
-202
-185
106
88
237
-47
-29
29
-153
-88
-231
93
-44
42
-303
-225
-396
168
-64
148
9
-163
93
-453
192
87
-107
229
234
-79
-303
-148
49
161
105
-251
61
216
-99
60
9
101
16
-338
126
242
149
84
205
49
194
-218
-66
-217
-387
189
-331
52
270
41
-135
28
233
-316
-254
-13
273
-287
350
-131
235
49
37
263
-483
349
-179
-216
178
121
71
-195
56
-158
131
116
-385
112
-21
-213
92
-53
15
187
-70
114
77
133
143
-405
-111
-41
-53
-104
73
-321
143
19
-349
129
-161
-70
-35
-365
156
33
205
81
-28
-173
17
272
123
65
-191
242
-248
264
-50
94
185
-189
-326
229
-20
171
62
76
-312
256
-372
31
-89
191
89
-247
-199
-387
75
194
-255
-133
65
-232
-359
-123
-202
-100
102
185
205
-21
181
-298
-236
-304
-247
-276
-154
262
0
286
-203
-304
173
-212
56
-380
244
168
147
85
-386
96
140
222
36
-89
-94
-28
-294
101
-229
201
-70
126
80
29
-237
81
-12
286
8
-269
309
-29
-117
-445
-11
17
83
-187
-25
-78
99
-20
-190
120
46
45
-163
27
192
216
139
148
113
37
165
-57
276
142
-341
-181
-297
99
-382
-336
197
-94
-303
224
107
-12
185
-67
241
189
-273
-187
-441
-224
78
-45
72
196
140
-16
3
321
-298
-212
137
123
-214
102
154
180
77
21
-61
-284
75
156
-404
-341
143
-63
-215
-110
-351
71
-138
84
5
217
90
-24
111
-257
183
-199
187
-297
-352
-32
-244
68
157
-98
109
110
244
366
76
125
98
-111
70
36
-214
292
-133
212
318
-46
-243
25
182
43
-203
-245
99
-368
116
148
-28
31
-81
-260
145
135
203
290
-22
207
107
113
-240
-107
-141
-274
28
64
-457
-334
-279
-13
116
-68
291
100
-324
-300
-119
-219
-289
229
105
97
-322
-226
-63
-70
-290
332
80
99
33
-194
57
-205
-142
174
291
325
-188
-70
-7
-202
175
19
208
27
242
-381
-271
16
47
133
206
102
69
-344
-5
200
18
284
106
-33
37
-184
-18
-126
-14
-180
244
-319
138
94
214
291
412
88
-178
196
-15
-44
88
189
-229
-85
-36
57
-328
-315
-218
3
6
-71
124
193
71
190
17
266
115
171
-181
104
137
-88
-130
146
-123
-229
54
116
-32
-35
-251
-31
28
-67
-245
14
81
205
-62
34
105
53
-178
-71
300
-286
-352
-320
4
110
-80
-291
221
-78
-103
-221
-43
-63
188
82
167
2
90
-6
-125
-137
216
-9
273
120
-75
41
-244
-171
136
229
-47
-68
49
132
238
-405
-458
-385
75
-437
148
-456
264
-285
-336
96
-131
-115
43
40
-202
-147
-143
-263
-244
-80
-29
-125
45
247
-441
-125
-134
45
-87
83
-264
138
-354
-31
-232
-45
42
187
147
-184
-120
186
312
105
-299
-74
-77
-120
132
163
220
131
-170
191
87
-373
235
114
220
-227
377
-41
-37
92
219
71
107
1
106
249
126
59
-135
85
48
91
-228
136
68
-188
-221
129
-357
-169
-90
222
244
-79
35
-28
55
-176
-290
106
151
-134
99
189
242
-113
-55
150
109
176
-54
-239
-16
81
44
113
215
78
-90
88
419
-245
-119
-266
227
285
104
-253
130
192
115
136
216
-327
-299
-256
0
18
95
21
299
-106
186
123
56
-4
-443
124
270
-143
208
-212
293
-29
191
119
-268
-38
-51
-189
-127
103
186
38
-181
-225
-16
99
84
32
209
69
31
-109
-62
29
219
17
281
-163
-27
76
77
-2
78
60
181
85
182
123
62
-109
119
57
22
86
64
81
123
-274
-57
-93
113
-17
176
276
97
24
22
77
70
-234
91
-1
155
57
213
335
-222
-5
105
34
-39
84
215
22
-51
-271
-121
168
-5
328
-167
-87
137
134
-28
-170
62
-414
-123
90
119
178
51
-237
-55
35
-309
103
32
189
-258
-387
-3
-87
-467
-216
129
21
-269
116
-344
-18
-64
153
79
61
236
50
-32
-96
93
111
118
23
194
-338
77
-227
104
64
-285
-269
-42
34
85
-56
-25
124
148
96
-77
189
118
339
201
245
227
-90
-4
-187
150
13
-203
193
85
-294
92
85
-230
-55
68
131
251
-1
-259
21
132
-47
-115
338
67
-300
-354
161
16
-199
-53
165
4
105
5
-27
188
25
209
62
-383
-43
43
-263
126
-86
-189
119
84
126
273
-8
-101
276
-218
-290
-170
46
-357
-86
-452
65
128
241
200
-351
57
149
-31
-342
99
182
-290
-26
100
58
6
90
179
246
96
-34
-20
-197
44
-377
-141
-289
97
173
189
-333
-226
-35
-294
-164
234
170
-66
25
-45
-164
109
-37
-178
188
-83
-19
-459
128
290
105
-107
117
-67
-170
-138
-367
258
163
-78
60
-313
205
-24
-107
178
47
-32
158
-265
-364
-238
0
150
-394
245
-198
157
-7
182
147
127
-430
112
418
161
-281
196
16
165
66
6
168
160
-2
-84
-57
111
-161
145
-309
-57
7
-157
119
-3
79
-98
150
259
-350
180
199
-234
-264
45
130
53
76
45
-120
132
108
66
-82
-60
40
-34
109
74
24
-291
-157
201
65
-154
362
270
152
162
-233
74
151
-57
-421
71
-79
-358
-294
126
-34
-121
55
-53
-200
56
23
212
-437
227
242
330
-351
-85
130
-215
-357
-248
165
-252
110
-397
79
48
190
20
330
-200
-130
23
6
253
-181
129
233
46
-383
172
-173
-86
-72
-89
44
139
-321
23
254
135
111
-67
-345
218
99
32
-263
-271
48
207
219
-287
-172
111
10
56
-326
-81
-25
123
181
-47
276
-66
-155
-206
77
24
163
-10
-180
10
251
196
280
-3
41
-133
71
163
-199
-307
-142
-70
-175
-403
-169
-263
123
178
147
104
123
17
-61
-46
222
-75
195
153
-480
-37
-324
242
-74
-164
114
-23
30
-338
132
-2
-10
-352
-261
-166
93
29
47
-5
43
-238
92
113
131
120
-187
-199
-327
-125
-383
26
233
-191
133
-27
0
149
-212
70
-77
193
-199
95
-363
13
216
-336
-149
-95
-325
159
47
-70
-345
189
29
-37
-171
-252
-292
21
92
-63
-55
140
-114
-118
-212
164
100
125
68
85
91
212
133
287
149
-13
-419
-17
-138
13
37
126
42
217
-187
145
-61
189
177
309
122
-441
62
-107
-158
-70
192
128
95
-271
57
228
-275
174
-209
-165
-74
93
-64
79
86
126
-162
189
-34
-212
164
157
-9
177
-10
-168
95
228
-3
59
-141
165
-355
-43
175
51
94
-205
201
59
-84
-397
-175
127
327
157
34
-429
64
90
-348
58
122
-405
97
-282
46
-74
168
-229
99
-232
-126
199
149
-207
116
307
8
92
-180
127
28
191
-233
44
200
-138
37
129
-299
-352
156
55
164
286
-354
-161
191
-1
-294
173
110
-2
-54
67
66
-170
126
132
-14
47
51
140
-166
35
-142
90
167
52
23
-171
-321
-309
211
200
-37
116
-38
-248
-16
108
67
-328
79
186
84
-188
-16
-107
120
79
130
-257
-277
48
99
29
-442
219
98
141
-457
-2
125
77
113
114
50
99
-373
-331
-17
38
19
-99
115
220
-83
-355
99
-57
-15
123
-276
-181
-73
16
-184
-271
84
21
70
-215
-21
-286
42
33
-225
-199
8
-272
-61
87
-166
63
185
-84
-307
-36
-26
81
145
32
221
52
163
155
-331
76
39
13
119
249
217
-150
-390
21
-342
-242
36
-14
74
-383
-225
169
20
54
24
86
264
284
-290
75
-42
43
-351
31
26
-115
173
33
68
-12
-53
229
5
85
267
147
241
95
70
-54
34
-235
-73
225
-225
-67
-283
248
-229
245
78
-76
333
185
301
-216
99
-147
-357
-360
42
182
121
91
-344
41
-225
154
81
-280
343
-46
-39
251
116
107
131
-255
31
-156
31
169
-249
146
43
-137
115
-229
-347
-51
131
25
104
30
7
1
51
180
100
363
-109
-2
115
-183
-41
144
65
-29
-294
-98
246
-62
-259
-317
136
61
31
25
146
98
-206
-91
-34
-175
22
-396
187
121
130
-398
62
221
-49
66
209
288
210
177
99
85
110
176
-64
15
369
184
229
-256
-40
-168
-139
136
-46
31
-51
330
-269
-37
-45
237
218
375
319
-46
227
-268
156
-210
-453
215
-149
-315
77
166
113
108
98
-245
-121
141
-120
189
-16
33
229
84
-345
-50
151
-213
-101
63
291
57
179
183
-204
46
-63
-328
136
77
-53
70
64
-11
46
185
-163
-141
-12
-52
-28
83
-380
-257
148
-101
102
79
-82
-445
64
291
-277
85
5
-203
-292
171
179
-173
189
-248
119
24
-283
-179
172
-393
79
215
148
-264
180
253
-72
137
-377
239
69
-35
-452
-38
-328
-141
-250
175
245
158
-64
206
92
-80
163
208
89
-234
-175
51
-203
-203
-387
357
-249
-195
-326
-353
-69
-169
138
-371
40
112
-179
-1
259
-269
-51
74
284
-17
-520
21
71
-244
-33
215
-15
278
54
-177
-230
-21
192
166
45
-170
111
199
-209
58
215
-91
181
8
20
227
85
-393
127
-17
45
16
148
41
-33
181
167
-145
298
72
-220
188
-180
129
187
51
216
51
75
141
71
39
18
63
-85
-325
-325
147
-42
-119
121
-194
62
14
-145
-294
-54
74
-239
-139
-119
-387
-219
105
-195
165
79
270
-328
-376
-40
-322
-229
50
280
-29
-106
40
151
61
-100
-27
-88
64
-304
233
114
-27
79
187
-42
420
-31
23
216
-41
-156
-214
137
118
5
-48
50
286
128
-329
165
-299
262
-371
-301
52
-189
-210
-380
150
112
-372
-87
190
-74
124
293
145
123
52
-200
109
-118
-77
127
-61
126
10
-14
18
179
162
35
56
381
-207
-100
-248
93
238
97
40
36
-144
-353
-160
-520
-37
24
192
201
22
13
-237
-383
111
-302
117
12
54
-360
-192
-167
-193
-88
117
-322
105
227
-344
-181
-339
16
28
-82
123
192
235
89
-243
-253
-24
153
-34
49
210
130
-45
92
166
-1
-53
16
-32
151
-215
-236
-229
211
205
-296
32
194
-263
-215
-256
-55
159
0
85
-291
100
-12
182
134
49
-175
174
-278
-155
-368
-64
64
-42
76
-35
79
-33
-345
131
-53
9
89
136
-209
-25
-317
-438
91
83
134
149
167
175
17
-124
-243
-31
-107
-389
198
233
86
302
249
-52
168
25
-30
-187
-123
-122
-250
87
9
-38
86
-285
-364
-325
164
-387
-333
225
216
-52
244
329
44
-18
-173
93
218
27
22
301
66
37
-1
216
-117
-8
85
117
-92
118
191
-218
165
-154
-361
271
120
99
-94
57
-42
176
-131
47
7
256
64
81
28
196
227
144
-183
-339
40
149
29
-354
-61
356
-11
-294
24
40
-179
254
-81
219
44
-44
198
105
168
259
-360
52
-149
33
27
104
201
258
-57
-55
-418
231
-404
-165
34
-64
188
-105
113
311
-207
301
-117
31
-234
-2
137
-278
-98
-254
165
241
264
28
-22
291
145
-129
-120
-280
-344
-35
-294
46
69
-314
177
185
-344
202
65
-258
-243
153
4
108
-208
21
-298
41
-104
132
-262
131
206
-321
-109
-26
109
-41
-388
249
-296
138
133
-297
112
119
-51
-252
20
71
-341
8
140
11
184
164
-124
121
-262
-149
-279
-28
-172
-72
-238
-64
-380
-229
-203
171
167
156
-205
-186
68
102
-50
196
-85
-305
7
-296
75
-55
35
-152
196
-265
342
104
0
-82
-152
21
56
-323
-486
-85
-280
332
-42
-298
-201
-3
-136
29
206
39
307
126
63
28
193
-96
-211
177
398
118
79
-257
-231
110
215
-70
17
-171
19
96
6
10
169
88
-35
-410
-321
200
-83
-388
-118
-388
196
128
-13
-259
-354
164
-106
381
280
-272
-306
-357
-232
-85
-124
-70
151
-125
52
188
137
-14
-277
77
-388
126
-243
46
-238
345
-126
-410
-284
125
-245
53
44
-160
15
-135
66
59
-109
312
-353
15
112
-452
-256
128
19
71
-190
-263
188
-313
-99
149
23
-209
-77
-25
123
189
-95
5
-87
182
-231
-295
-90
72
125
-330
79
350
-141
74
121
145
-307
-299
-169
-35
-303
-330
80
173
-184
70
99
-18
147
-80
127
-136
208
59
-100
92
-441
163
107
-229
-132
138
76
141
-303
-118
111
74
-266
161
234
34
216
242
-257
114
-72
26
-172
85
-420
128
196
-18
-64
183
83
154
-175
33
-67
-128
63
-165
-255
-332
127
-193
-366
-166
181
211
71
-414
74
160
154
-193
105
138
93
-327
9
-148
149
-121
-253
160
-138
149
-211
-194
-250
70
206
61
-277
-145
-219
-187
117
-134
-250
77
51
97
-212
-204
189
20
-166
96
33
-126
-282
68
33
-292
-215
22
-178
-78
34
244
1
-32
-418
-458
-196
148
84
312
28
21
270
-194
295
139
73
333
-130
-5
120
-25
-50
154
-317
163
134
158
-81
-48
-71
-196
125
-112
174
84
167
-215
-201
115
-222
24
-78
183
-85
54
119
13
-215
-17
143
-144
87
105
98
-142
-78
122
150
114
-511
-353
31
-74
222
16
87
115
37
164
-125
-291
112
-36
75
-349
-154
93
-34
-247
-329
-27
160
175
161
119
215
62
75
170
-116
-123
181
148
8
36
141
23
152
-125
104
-31
133
48
64
165
77
126
231
-233
-67
150
-365
-373
-369
-27
-198
70
125
-8
-303
61
-255
254
31
-217
-149
261
17
66
-206
-284
-70
181
70
-106
193
-207
-2
-109
-386
-54
83
150
199
122
-445
84
23
75
-39
-168
-376
338
332
-145
185
210
148
-359
128
99
185
-331
20
105
102
-474
-73
10
-237
-83
201
77
84
137
-167
18
105
-53
-163
-315
66
92
-175
165
21
133
-121
-27
-91
-159
-18
-311
-22
-37
31
-67
8
160
96
91
-251
-39
161
-95
143
45
-168
40
216
-264
-198
-286
-327
314
87
-88
239
-363
181
-416
30
114
28
70
-175
-478
104
-128
-439
74
-17
-143
-5
129
-352
-105
75
-156
17
-57
-70
-187
-180
-413
110
-20
246
85
109
-147
140
-123
66
-51
-29
-21
-178
-88
56
229
166
138
-237
-237
-79
84
-75
123
-4
157
-84
-233
143
-13
-288
71
32
116
-198
-20
86
119
148
158
180
-165
98
51
52
124
115
236
89
-12
47
150
15
45
187
-63
135
-46
286
99
-236
-32
-20
281
-119
74
-173
-204
-19
67
-138
-390
-47
4
155
-311
-14
138
-31
1
-180
166
-180
10
313
-254
49
133
-66
42
-88
-105
288
183
51
-47
95
57
121
177
-355
-339
-360
9
104
-211
307
317
-127
-331
137
16
59
119
171
367
-48
-158
81
-94
24
-398
-23
-309
24
-119
258
-16
138
102
-381
-7
128
92
177
-256
67
38
115
-221
141
-369
7
88
87
-50
-228
-244
-339
22
-12
51
-384
-240
-211
356
150
-182
185
31
-194
-274
126
282
-118
-390
-54
-199
107
-38
-226
-241
38
-110
181
51
-196
219
-102
196
-123
77
85
5
20
112
176
-141
-157
-157
108
51
195
-305
74
61
35
-442
84
-272
99
147
-121
80
116
84
-397
57
17
80
-57
-76
170
91
7
-114
139
17
-74
30
115
168
-135
12
135
179
-111
-263
100
208
-431
-222
81
238
131
20
-5
47
184
13
-1
19
-169
-93
325
-231
139
140
-62
-23
-74
-28
81
3
78
-121
329
101
114
32
36
168
-66
-336
-107
1
41
46
-142
-178
-341
187
141
35
-25
49
247
66
57
-434
193
98
138
-193
-417
184
-131
-300
-192
88
191
-46
60
130
54
301
33
-203
60
-171
159
-76
-3
180
-151
19
-233
-99
71
87
163
27
-338
-397
66
-24
-159
86
-294
-13
97
-237
-169
-445
-228
46
122
-244
-99
-11
147
-181
-61
45
205
207
16
-343
30
141
-106
85
-4
-192
-244
241
-48
78
225
-339
109
104
-170
-435
-339
-9
-386
120
122
57
236
-331
153
192
-10
-332
-55
6
85
153
256
-59
-11
339
185
54
103
261
67
205
201
-146
101
-266
-497
-6
56
-361
-231
88
167
-55
-45
234
48
-167
103
-79
331
44
-122
-166
-162
-245
298
180
198
-96
52
146
-22
120
61
243
160
166
108
-172
117
-221
12
140
-61
-191
36
-54
78
191
124
84
-231
-173
67
-298
102
340
52
-125
85
-289
229
-73
343
-66
71
21
92
-313
-348
41
-20
-22
-309
-339
270
-158
-230
215
79
181
-11
-175
227
274
-253
303
322
335
-52
119
61
-233
-44
-78
-98
-45
-254
87
-437
121
153
142
154
61
-28
-7
104
-89
171
-88
94
314
-101
58
-56
62
146
117
53
135
343
-36
237
-4
-379
192
301
-43
-336
185
227
-292
-216
-74
-208
-265
-215
202
175
132
-121
147
-53
163
68
-379
-236
153
119
-327
51
52
-107
182
46
111
45
-121
-393
-497
39
-39
-160
133
95
-48
213
184
-1
40
258
-170
342
-237
194
-50
148
-97
-18
216
66
238
-298
-18
-410
-77
154
-10
62
-47
73
-39
-25
145
140
31
-18
162
156
-278
-3
-134
122
118
-279
189
116
343
-154
-366
-133
-201
49
78
-248
243
-107
202
48
-276
94
180
142
-33
-256
-88
25
82
68
-209
-21
-53
112
51
-159
-257
-181
259
-390
-267
168
68
-294
-386
-89
115
-100
90
126
-359
46
77
-354
-32
-100
160
71
-40
-57
-20
-13
68
232
100
19
93
114
219
-39
-292
138
-262
-35
96
60
72
5
152
-56
-31
-405
-171
25
183
-63
-282
-42
345
127
48
129
-227
-272
6
282
273
130
32
84
-184
