-51
-48
0
10
65
-7
91
-10
-6
-110
57
-49
-46
17
5
-13
10
17
82
-35
50
-41
-31
-29
-53
41
-146
26
-17
-20
-1
-54
-29
18
4
41
-10
7
90
-1
30
10
-5
14
59
-85
91
-18
93
53
16
-28
21
30
31
-22
53
-18
36
-9
-29
-24
47
24
16
-70
32
16
-27
-10
-85
6
16
29
63
170
11
93
1
23
63
-28
127
-39
63
66
65
15
53
6
-61
-9
-11
0
-18
-40
68
17
27
-40
-16
38
-65
54
-24
-2
-30
0
3
-4
42
25
-5
21
-18
35
8
61
12
-8
25
4
52
0
-34
-37
-35
23
-57
2
-62
-8
69
-55
-17
-1
59
-12
38
-49
38
0
34
8
53
-22
-15
85
1
-21
-31
71
-77
-56
-2
13
33
21
78
-37
-15
-35
17
-11
-115
10
-41
1
37
-36
52
19
43
3
-20
22
99
20
-61
4
-39
-19
51
-59
-59
-59
-61
29
20
-57
-181
64
-60
-61
-20
16
81
5
20
-2
11
6
5
3
13
-36
45
38
-65
-5
5
3
16
-21
60
31
-35
70
-34
-7
51
10
56
57
35
-6
-17
28
20
-9
-7
-21
83
21
63
12
43
-61
72
21
33
17
62
64
-44
-8
78
244
-77
12
-9
33
104
11
-100
-20
-7
-119
-33
5
70
-98
24
32
21
73
29
34
12
-65
81
-74
62
-57
-54
-43
-32
18
-23
33
-19
28
72
-105
39
113
-41
50
64
-35
-35
63
-22
0
-91
-35
30
43
101
92
-30
22
2
-36
-54
56
-93
-49
-63
93
40
39
12
-3
46
-52
57
7
-12
-35
88
18
14
56
1
-7
37
52
1
52
90
58
33
34
14
33
-18
-13
83
-117
-35
58
20
-33
76
26
-11
6
22
-26
70
46
-16
15
90
55
-37
29
9
-28
-48
-1
-57
43
45
76
44
57
63
-10
-3
-18
3
-64
7
3
-95
59
-40
-116
-4
-57
16
-21
9
78
-51
23
20
-26
54
49
0
-106
-5
64
3
87
74
-110
-70
25
161
-60
66
85
14
51
92
8
-116
62
16
-19
42
-12
2
-5
25
32
180
-9
-49
-26
-57
39
28
-2
23
87
74
-21
55
-47
-7
-22
79
-23
56
31
51
20
-63
16
8
-21
74
-21
-4
-87
-58
44
-15
-62
-98
-19
49
-93
42
-41
2
-60
-39
96
36
-89
35
-6
9
48
27
-79
-65
10
12
211
41
-26
-100
13
23
-90
12
20
90
56
21
8
28
-28
-11
24
15
-82
8
39
57
-48
-11
-17
61
45
-157
14
60
50
-13
-11
54
-31
-10
-26
4
-38
-23
11
-27
108
39
-10
27
28
-8
55
-37
-11
-19
-72
31
-11
-16
-154
-59
34
-156
32
-59
34
71
-7
96
2
10
53
13
-32
-27
-59
59
84
-3
-24
20
29
86
-203
-165
-35
74
42
-93
-3
-79
101
178
52
-50
-54
5
-78
-36
42
13
11
-37
-25
-6
2
47
-66
8
33
4
-65
-52
-40
-12
-69
44
35
-95
-1
46
-71
27
60
-30
6
-53
-55
-28
29
-11
24
50
-6
-76
41
8
62
35
25
76
-5
-23
-26
-24
-36
18
34
9
-11
-82
53
41
-6
47
58
22
15
106
26
0
-31
-51
-29
46
-15
-65
-28
46
47
-1
74
-17
118
-35
-31
10
13
-115
15
1
-64
-64
21
63
26
40
47
-30
-37
-39
161
41
-91
65
-55
59
-126
19
49
74
-8
79
12
-18
29
-25
-3
-26
61
84
109
47
61
-3
9
-59
84
-92
-2
-3
5
93
30
36
53
137
-48
89
25
62
-30
-31
-15
-65
-114
-91
95
32
19
101
11
-15
7
97
46
77
-31
-78
-18
22
-75
41
21
-55
2
23
32
-36
-11
46
-13
-18
-62
20
22
11
-28
50
4
49
-5
30
4
-10
-3
8
100
15
-19
60
-8
8
80
6
79
-49
61
18
72
18
115
-11
60
115
-139
32
-2
126
156
-19
22
-32
50
-30
55
5
134
84
-21
25
45
63
14
38
69
-55
-13
-32
15
15
10
-45
50
113
28
-31
47
-19
37
-68
-35
17
-119
27
-76
12
30
-66
13
-39
4
56
-42
4
-69
34
-39
8
-1
33
-42
-29
-28
-3
25
64
2
-15
50
-134
-34
5
34
-47
-32
122
-15
81
55
46
-18
11
36
-20
-36
141
27
42
31
-3
-76
42
-43
-90
23
5
34
4
90
-26
-37
84
-27
83
14
25
56
-36
-3
44
42
74
-1
-19
-80
1
-16
-13
15
-39
-44
61
17
51
27
109
-10
0
-3
-22
16
0
-35
59
16
30
9
-41
53
-45
18
31
52
9
29
56
-62
32
0
-10
38
27
12
0
51
7
57
0
59
161
24
62
-23
-35
54
2
-34
48
180
-11
-116
-24
-39
-63
-31
-1
0
-69
17
-118
80
-60
-67
-33
30
65
60
3
-53
-31
-29
27
-66
37
10
22
157
13
-36
18
-5
-31
24
22
-45
64
33
43
-53
20
-49
-38
-38
4
61
-57
93
16
17
61
-11
-14
52
-75
14
132
70
-85
20
-173
56
-56
-17
-165
-61
58
-36
29
43
61
42
36
83
-35
-35
17
-21
39
17
95
119
-87
-20
-13
-16
33
29
-123
-7
16
9
23
-35
-13
0
-24
-117
-18
54
11
-39
112
184
-44
-31
72
-35
13
5
24
65
45
-5
-16
58
-13
20
-59
-5
38
-13
-14
135
-55
-34
-82
2
-37
33
33
-24
-58
48
-16
-24
-43
-64
54
-5
21
-37
-4
18
-33
19
-70
-33
-2
106
-25
-23
-2
12
46
-10
-33
13
57
27
22
-14
21
11
0
104
61
25
14
27
-12
15
79
-79
-45
32
7
59
-27
59
-18
-1
2
-39
30
28
6
85
-58
14
8
-15
34
24
-59
87
-25
-139
32
113
39
101
2
18
17
-9
137
74
-54
31
-126
14
-13
133
12
-39
-35
48
-67
-25
-66
10
50
45
3
-15
7
-55
31
18
59
-9
7
-21
24
72
34
-27
-69
-23
-25
33
-46
-29
56
32
61
-65
76
43
37
88
-70
-9
0
-27
-49
108
-10
106
-38
-51
-10
-20
47
17
141
-34
31
-85
-36
39
70
-35
234
-14
24
6
19
-32
32
126
8
-93
51
16
-20
71
-34
120
68
-57
-34
42
87
-14
56
26
-66
-20
15
22
1
-22
-65
74
-112
51
22
-31
2
32
-13
69
6
3
30
-92
55
64
90
-20
36
56
32
7
-3
-70
-43
-162
-73
8
16
120
-43
-110
-39
12
29
12
47
28
-35
-49
79
-39
28
16
54
43
62
-71
43
59
-126
16
20
6
4
-48
71
-16
9
8
-51
-17
-174
52
28
-15
-40
20
-10
4
110
-1
22
-38
60
-79
-3
35
-22
4
28
-7
55
-27
-10
9
25
-21
26
29
-25
-116
21
-49
-75
-55
33
39
-38
54
97
-32
-13
-2
19
63
56
-20
39
-174
-2
41
21
41
44
67
25
22
69
16
29
12
8
33
-62
33
13
-65
-29
-5
13
87
32
87
126
-20
57
-139
16
1
-62
93
11
7
63
-8
-25
53
-25
4
-90
-64
-42
-21
13
84
-174
-64
25
1
37
-36
44
87
52
-59
52
7
-69
37
-28
44
77
-25
28
-4
19
-62
15
95
73
12
-52
-42
-7
8
9
-55
12
-24
-53
3
13
-9
-11
-19
-50
1
-58
18
20
41
33
7
-25
121
28
40
-1
78
-54
81
-33
-10
27
48
10
-24
11
-14
56
22
91
-17
-39
4
-13
-54
-80
-3
21
57
62
-49
22
-9
-16
58
-13
16
65
-52
9
-33
32
51
12
13
76
-52
48
7
-12
39
34
-11
-30
10
-48
-24
15
11
-6
-21
-13
103
18
-4
108
-6
47
41
55
-42
-78
-48
-4
42
-42
11
-104
-69
29
61
19
15
0
39
-38
-94
66
-15
59
17
61
21
50
-2
44
39
4
-2
6
57
-18
-31
23
-14
53
74
-18
81
-3
-9
3
12
56
-47
-94
2
31
3
106
21
9
17
-71
-21
62
12
-39
31
7
-9
1
-45
-31
28
-6
-23
-27
14
-24
29
24
12
-7
36
36
-39
4
-27
-11
96
91
53
-31
65
-4
19
25
-1
39
-11
115
19
61
178
16
31
-34
-42
45
36
-75
29
40
-31
75
4
-38
33
21
10
28
66
8
-74
-36
7
-49
-44
-25
-21
-94
19
50
153
41
-63
-28
55
-65
-80
48
47
-22
56
-24
-39
20
30
22
56
38
52
-29
-19
-16
34
-18
31
28
-38
-48
30
9
-3
-22
34
6
35
49
15
8
-26
-45
-24
-1
11
-16
-26
-7
115
-34
57
104
-19
1
24
1
19
40
-11
28
26
-15
-22
-63
83
146
-64
19
64
49
26
4
49
-128
-8
-76
17
37
-14
58
-3
-18
27
66
-2
7
-34
10
47
-5
18
-21
-18
-9
54
41
5
13
-78
-47
36
80
-8
11
31
134
-12
-38
49
38
33
-71
14
7
50
-9
24
-9
29
-35
-13
-48
-9
21
22
-12
19
42
-85
1
66
60
-47
117
-110
39
42
3
0
-19
52
-52
-36
-98
-1
-3
-7
61
-125
-23
-2
47
-29
-70
1
53
6
35
-24
68
96
17
-102
56
-37
21
2
-72
68
-78
107
-13
-16
-44
-72
-23
53
-15
52
17
1
-14
44
3
-33
6
-9
5
-59
4
79
79
9
46
4
-38
-18
-7
-25
26
40
-24
-12
-2
-31
-43
42
21
2
11
-61
2
26
72
-12
-116
-32
112
37
-15
-20
3
17
-70
-214
52
49
155
12
-61
-43
-53
46
-9
13
-30
-6
4
69
51
29
15
13
11
-161
51
35
-35
-104
45
-14
-21
42
18
92
16
40
-26
-49
-20
17
6
8
-82
46
-3
-55
-20
17
-80
88
55
10
36
-6
-67
-18
4
84
-8
50
8
-78
125
21
-73
4
24
47
18
-9
28
-12
72
3
17
41
60
115
-33
-5
52
-25
34
-33
-46
27
-43
37
-32
52
0
5
-20
-89
-35
-2
45
-21
13
43
-11
21
-51
10
-54
21
-35
25
23
-32
53
-11
60
67
32
-57
66
99
2
-13
-10
13
-12
-38
80
28
-21
-56
30
-18
-18
-22
47
-6
17
-26
10
-115
4
35
-28
-12
139
-1
-11
13
-24
76
11
18
-37
10
-2
-26
13
41
20
2
-7
5
47
17
77
-64
43
57
-85
18
-74
-22
-34
5
28
-160
4
21
31
45
-13
-9
-58
39
-25
-21
134
-61
-10
117
-54
-6
1
-78
5
23
5
24
-47
34
25
4
47
98
5
36
-27
37
-20
95
26
-30
-163
-57
-2
-66
8
9
10
21
-89
88
43
12
-20
-20
4
1
-24
-22
-82
-37
57
62
72
-20
17
57
39
-106
-47
-55
-51
49
9
-36
72
18
63
74
47
9
1
48
68
38
23
43
-10
89
-9
36
-55
-17
0
4
-61
-44
46
42
3
-7
11
-47
39
54
8
71
56
-50
7
51
-28
6
-17
-48
31
82
5
63
29
38
21
20
-178
-7
39
-7
-35
-98
6
15
25
-7
21
61
-10
53
-30
-86
42
-33
-13
13
24
76
18
35
-37
17
95
-1
34
-32
52
6
-13
-70
125
56
-16
-48
56
-92
-51
-154
5
-57
-3
23
-38
-51
-20
47
78
112
17
-61
19
-30
33
6
105
-60
4
28
-5
-89
-12
-35
-1
-9
-10
37
3
-6
-17
149
-15
69
-26
-35
13
28
61
119
48
110
32
-18
-36
-12
24
43
33
-47
104
-27
8
1
-101
118
-65
68
-147
-26
23
1
-6
93
72
-38
31
-76
47
41
11
-4
-2
152
96
52
21
66
-61
-71
-37
14
39
-65
10
-57
27
29
-10
110
-46
-115
9
69
45
-123
-19
-3
-20
-55
17
180
-11
2
-58
6
73
26
96
18
64
13
-1
-29
10
39
60
-9
-47
25
-85
24
4
45
-9
63
83
-48
54
-126
58
-25
-19
57
1
34
-102
81
59
25
28
-42
18
3
64
2
-12
-45
-22
-34
-1
16
-18
42
1
51
-11
-10
6
0
54
1
58
-24
24
-77
47
-2
-5
16
-85
25
-60
5
-49
134
-42
37
-45
92
9
-30
17
-3
16
3
-25
58
-32
6
-41
-80
57
-6
2
99
-35
-25
-20
21
57
108
179
-16
19
-46
22
-1
-16
12
110
-32
72
-92
-24
92
12
4
47
-14
113
33
-62
-26
67
-4
-13
-51
19
-58
1
-38
7
68
-82
28
73
-80
-17
-23
-53
6
-30
-21
-49
47
-5
-70
153
43
5
-39
-39
24
-30
73
-151
56
95
16
37
-8
10
-12
31
19
41
103
30
-30
36
30
-54
-14
9
17
3
5
-13
-6
39
78
-22
-17
46
-15
38
12
34
-29
-3
51
-66
3
-26
23
36
-60
-82
-91
51
61
-17
71
94
22
-15
33
8
63
49
50
35
-32
-55
79
-16
56
-26
23
-78
81
-26
-20
22
47
37
40
64
-4
-162
59
49
-69
18
30
-23
26
18
21
24
-63
11
-134
232
15
17
54
141
-2
-141
30
-30
45
-10
-53
55
20
26
57
15
3
37
79
22
5
46
53
29
2
13
46
-116
13
35
80
-13
-85
93
57
54
-42
21
74
52
13
3
-31
22
54
42
-16
45
73
21
83
-11
5
43
-35
18
48
62
47
-9
19
35
15
-44
-61
-7
38
170
-7
20
47
7
51
-57
28
90
-10
28
57
-82
-43
62
-11
-31
-62
70
-44
-58
106
22
15
-54
137
71
-21
58
34
-83
22
31
20
237
53
54
-26
-34
-59
79
4
152
41
-38
6
-18
63
-9
24
21
103
25
4
-62
34
11
-26
-49
29
-14
69
27
55
40
-5
56
-64
-41
-48
80
22
-162
59
-19
4
12
-91
62
58
37
85
20
19
44
47
81
36
-54
-7
57
-64
60
52
-78
-69
-53
46
-36
16
22
14
6
-21
-49
53
16
28
26
5
1
-44
-65
88
-32
75
11
-75
58
99
-72
-15
-18
-1
7
15
-21
-3
-1
-42
44
-82
17
73
29
43
-112
55
60
54
18
-36
51
155
-19
16
59
86
-24
-18
-70
-54
37
24
-117
-34
24
-63
63
108
16
10
56
69
-51
24
43
-11
21
-31
0
17
83
14
-27
4
39
-26
-24
-15
121
35
32
33
96
-5
-60
-63
-32
9
60
-28
12
-96
-50
21
133
54
17
35
-33
-86
103
48
146
8
110
33
-31
93
33
-66
13
-79
-5
4
1
109
32
-166
-23
-50
-3
-35
-85
45
71
-53
59
59
-1
91
-15
8
-87
2
44
34
75
-98
-1
46
20
-22
55
105
8
-129
-28
53
-18
16
-3
13
10
24
148
105
0
23
-141
110
-15
-66
8
43
-101
13
25
-27
-7
96
63
-34
-34
4
-87
79
6
92
-43
-46
-53
-2
-1
50
9
-4
84
-70
58
-67
-13
12
50
45
83
24
-22
33
-21
-14
-34
-17
-80
1
-25
-21
23
146
-10
56
-13
-7
-44
-92
52
59
74
45
-21
57
52
63
-3
1
32
-62
66
22
39
-10
-39
-105
-12
11
34
-25
10
48
43
-38
-12
-91
48
-61
-6
73
-11
29
14
-7
-30
68
3
-58
-17
8
42
37
36
-10
-85
18
73
-22
50
-52
3
-11
-33
-100
29
12
36
-20
13
10
34
-31
-27
-49
9
30
-56
41
68
-7
-44
-36
-97
-8
24
7
-16
-29
-86
145
-10
64
20
-78
-14
-104
-7
71
58
-34
-61
56
78
81
-19
21
64
15
46
-72
12
-9
62
13
63
2
-49
-29
-22
33
28
-93
38
6
67
-64
49
-10
-9
31
24
6
27
-27
14
26
-52
-22
55
1
-9
-8
25
101
27
9
-89
70
36
-97
26
-21
-8
3
61
-22
26
39
47
3
93
30
-19
112
20
57
-72
60
-140
-47
19
-10
-19
29
19
46
0
3
-12
-20
-5
16
106
29
118
4
15
-39
7
23
17
8
-30
-4
5
-65
-14
-29
79
0
31
27
77
67
-22
36
62
-79
-86
61
54
8
3
24
-12
-85
36
-89
46
25
-3
148
21
8
-39
5
-88
-100
47
36
80
41
-22
12
-66
-35
154
-35
33
1
5
-48
-59
31
24
2
41
-16
-27
7
81
48
42
52
46
-24
-7
-90
13
-82
49
40
-85
-76
20
29
74
-200
34
44
2
-7
-17
8
25
20
36
74
39
38
-33
107
3
49
-13
24
7
109
-34
103
-53
13
-6
-32
-1
87
93
17
24
37
3
70
70
18
29
40
119
108
14
22
-39
57
-13
-75
15
52
25
54
-88
109
-64
-3
-125
-53
101
35
2
23
-4
-12
-21
21
-15
16
92
8
-27
-20
-164
-40
25
11
70
85
15
106
40
-85
-77
59
11
40
86
-14
-17
-26
14
0
-1
41
20
44
61
-8
7
71
35
41
-18
-28
42
16
14
16
-65
-36
61
-10
47
58
64
-63
66
79
50
4
23
-38
22
-49
-10
-50
78
-23
-48
20
38
42
207
-26
19
85
23
61
10
24
51
-17
66
-21
-11
33
-1
-48
22
-41
8
42
89
90
-5
-20
71
24
95
62
-27
18
-33
-15
-61
-21
44
29
35
-75
20
67
65
5
-18
-41
81
46
43
-2
-27
-36
30
-1
-34
-13
-1
88
-12
-27
39
99
40
44
42
-8
-31
37
0
16
2
-27
19
-80
-23
27
-53
19
57
79
-20
-14
-27
33
-38
-19
61
-58
58
24
5
36
-12
-36
-7
51
60
54
-36
40
57
70
0
73
3
-19
-43
-25
24
-6
58
-25
84
2
-62
63
-20
-2
41
-128
52
127
45
-17
12
6
24
49
57
57
17
-3
25
116
11
4
28
-38
77
55
56
-1
53
-3
10
-29
-20
41
40
6
148
-60
-12
-10
-29
-3
-25
-67
-2
-38
57
17
-4
-35
57
-24
2
-25
-22
-6
61
-27
36
-36
20
-17
-10
30
-11
-9
-47
-61
-8
7
23
27
-85
31
-55
-4
-7
4
17
-153
13
-35
-89
146
1
45
6
74
-5
53
13
-91
24
-58
19
-5
56
61
-13
-8
-1
23
27
1
23
-115
-19
2
29
-62
-68
-35
9
74
23
-22
-6
-34
49
-1
37
27
-32
27
-46
-5
-9
9
3
-1
-24
-42
32
58
-112
-26
55
37
81
-82
-34
56
1
32
108
41
63
28
-31
-33
-24
71
90
-4
52
18
-55
16
8
16
46
-46
-41
45
-74
5
-37
-10
-96
48
-23
-49
-17
-48
18
-5
-17
6
-43
56
-31
23
2
-66
71
129
47
-10
41
-66
1
26
-23
35
2
-64
11
60
-59
-30
58
46
-8
43
-4
23
23
-43
26
1
31
45
-8
-24
16
36
6
-20
-39
0
61
4
146
5
4
16
-16
45
68
1
10
13
-14
-37
7
5
88
-45
8
-61
-4
128
-10
-21
-4
90
4
-80
61
-17
-96
55
-79
-24
-134
-23
-20
-28
20
57
-108
-7
59
-133
-104
19
-36
30
10
-82
4
49
-10
-76
38
-110
-28
-31
-29
-14
63
53
21
5
24
-11
81
-11
-43
220
-1
139
-53
-15
-14
41
-31
87
-16
-31
29
-12
-45
30
-15
-16
-33
-62
-36
-15
-171
8
-2
1
-8
16
54
-14
-94
37
124
12
-5
83
-79
58
4
-11
-74
63
-25
-35
-11
-75
180
9
-58
22
-4
108
27
-12
37
4
-26
56
-13
-7
30
53
58
11
22
46
-14
-14
-62
-13
-51
2
36
54
-43
-53
59
-41
50
21
35
10
3
38
57
42
71
-1
40
33
-25
-14
55
-42
-48
68
95
-64
7
-16
38
-40
14
56
23
18
13
-5
14
36
2
5
-16
5
-22
31
108
-9
40
21
32
7
64
65
-17
-46
13
50
31
7
28
-25
-53
47
-75
4
89
46
135
50
-136
-12
50
-62
63
-6
-35
77
-64
35
-73
16
-93
23
61
-17
74
26
20
-8
-67
12
71
9
-10
-77
-4
57
47
71
14
60
31
11
-123
-39
21
-84
8
-29
-81
50
58
-7
93
21
-17
17
-43
50
37
-44
25
60
-92
-21
-17
-94
-3
-33
-35
23
-61
-23
-32
-61
-55
47
-85
-19
6
-25
28
50
2
31
12
0
11
-57
-5
-63
28
-2
-112
39
-41
-136
59
-17
59
2
-10
0
-29
84
10
28
-24
-70
25
-36
8
79
-19
48
12
-21
-52
-67
-110
-12
-50
6
167
3
-10
37
23
16
31
-76
72
74
55
-59
-5
-22
-30
-35
48
-108
63
-63
69
24
16
-40
-14
3
27
-1
-28
-60
15
42
-54
-77
-1
2
1
60
-36
-23
-32
-57
-91
-26
-27
-3
47
-45
27
-140
1
-53
51
2
93
42
4
42
-38
71
-26
-61
-40
-30
42
-8
92
14
8
-48
36
60
49
2
-38
-27
1
-35
-76
7
21
-3
24
27
37
6
117
-2
52
-7
10
47
42
92
47
24
-16
49
78
120
-175
-24
-72
-83
21
-21
-71
63
37
145
-36
18
11
60
-21
-58
40
-8
-119
38
-124
96
-29
72
-21
24
-17
5
55
11
-26
69
24
-57
-19
42
-27
-36
-26
28
-29
3
26
-32
-77
15
21
135
12
4
-119
32
-104
54
28
-30
-37
31
28
-44
33
-12
42
71
50
62
6
-44
39
-29
73
-47
-29
-44
19
-104
8
30
-140
81
9
-23
68
-14
-72
-21
-18
-28
-16
48
-21
-12
31
-3
-17
20
-40
48
-72
-30
13
10
1
-13
16
49
-29
26
33
-40
-46
25
-2
-7
54
-30
-116
57
37
-2
-23
-173
104
-6
-48
26
21
21
-59
-123
-94
13
-15
-39
19
-70
49
73
29
76
126
19
-40
37
4
21
11
-41
4
-82
-143
33
-21
40
-36
118
-11
-6
8
-6
20
-23
107
-6
49
-1
7
10
52
-9
-44
13
-64
16
-34
-17
80
-12
12
17
25
144
35
55
-16
27
-82
27
11
-22
27
23
72
-3
-21
29
37
-63
-48
-64
-16
-15
33
17
30
-140
65
-12
3
-49
56
24
56
0
49
-21
37
41
-5
-37
-49
-22
10
5
3
32
-19
37
-29
-9
-77
100
-60
15
30
42
-12
30
57
15
38
27
51
27
48
28
10
25
35
22
77
18
50
37
28
52
21
-12
20
72
97
80
15
17
146
-21
6
0
-102
37
-11
65
78
-49
2
12
35
20
-13
-22
-50
-10
7
40
13
-49
6
-31
-6
-55
-27
-71
-12
-23
17
-124
88
-12
-58
-26
53
-21
39
-1
-39
153
10
42
-45
23
-93
58
-47
63
-7
18
2
30
46
108
-9
-22
22
58
-36
20
-39
5
102
-14
32
70
-28
57
37
35
-27
83
5
-62
68
47
136
26
24
43
37
7
-35
-35
62
-50
-76
8
27
-35
22
-20
60
-2
13
72
93
43
-3
-4
44
-17
20
64
9
2
17
1
-39
0
-100
59
11
12
-41
-48
-4
-1
-75
13
-37
12
79
57
87
7
149
-35
-73
11
27
53
179
4
-35
28
-7
-14
-34
-25
-83
-32
184
1
-28
42
106
7
-18
25
-8
-1
17
38
-12
-19
-56
-4
57
-31
60
54
-44
59
47
-14
-17
42
44
47
-109
16
-5
-76
-14
32
32
5
244
116
41
-4
-15
50
12
-15
-11
45
-39
22
25
17
103
-39
5
36
-52
-15
-21
21
-2
-26
3
56
-41
-29
33
60
53
69
-82
-36
45
96
-74
-151
-61
-19
68
-41
46
20
-18
12
47
-8
60
-87
112
-8
49
-12
-5
34
-64
-21
-123
29
12
-18
-17
13
2
3
2
5
-24
33
-48
-6
-63
40
161
66
62
-77
-11
14
-1
-36
84
-61
-16
33
-89
76
-52
-49
51
57
-94
-29
73
0
-59
95
-15
10
-2
57
56
136
36
-49
-72
-34
-27
-37
-3
-6
-4
-17
46
1
-100
-4
-20
5
30
7
14
23
37
-15
-14
-80
48
-28
-43
43
-139
23
-167
-32
-43
-33
44
94
-1
105
-8
3
11
10
4
28
-36
39
20
-85
-55
-35
62
3
3
48
56
-22
9
-4
58
61
-46
56
16
7
-4
-9
14
13
35
43
-64
-44
69
83
-81
-23
24
-4
-33
-35
43
-14
54
-27
-32
28
39
-12
92
33
63
-85
-1
-35
-27
53
4
-14
-16
27
-2
7
-1
51
-15
13
66
25
61
3
74
25
77
-9
1
58
19
50
-31
-48
-13
58
153
23
34
-19
12
31
-24
35
44
-85
23
-159
26
-14
-7
58
16
-55
-80
-70
56
59
77
207
40
-19
40
39
-16
-18
-37
-41
47
-67
18
15
-37
23
-68
-3
84
90
2
2
73
-9
28
3
89
-31
-23
86
-95
-14
-29
44
-35
30
103
47
13
57
-98
60
1
55
-49
21
29
1
66
8
-54
-89
22
66
6
93
-119
-10
61
-137
-12
29
37
2
16
-30
-58
29
-69
123
87
-14
59
80
72
58
-30
7
23
13
17
62
15
-117
8
-24
7
19
-14
-17
-2
-12
18
46
34
6
23
-1
2
8
17
-57
93
-84
-4
35
9
-1
-60
43
8
-23
171
19
103
-99
-7
-20
29
18
34
-83
44
29
47
34
-87
23
24
-8
13
-39
-6
78
-2
4
21
-4
17
-1
-40
-2
23
-143
-2
-86
11
83
44
46
-26
129
63
50
-40
3
40
59
70
3
27
-38
54
13
211
55
93
44
5
17
-10
7
-7
-55
0
34
-7
232
65
78
77
90
-72
-7
-69
-26
47
19
-37
18
3
37
31
38
130
7
5
72
3
-38
72
-9
-33
28
-14
61
-35
69
-65
-53
23
-9
94
-22
13
-30
22
48
24
-39
32
139
-39
83
128
10
24
80
-185
-27
-3
-78
108
41
22
-17
52
-11
-61
-64
22
19
11
-38
5
15
47
-48
-28
30
46
-43
33
-6
55
67
-2
32
63
-1
7
18
78
120
56
0
2
62
-10
20
127
33
45
-37
48
58
58
-11
23
-30
-18
-8
66
16
61
43
4
16
-29
27
36
31
13
72
-21
1
9
-50
-2
-5
-61
39
34
16
-14
-13
-1
-13
33
-53
-26
-31
48
25
46
0
-17
-41
9
49
30
10
91
-2
25
-20
60
-21
-9
67
24
-38
-4
65
-110
152
27
29
-17
-58
47
2
33
2
21
-18
81
25
23
-39
68
-28
122
-181
8
57
6
-66
21
56
11
53
17
31
3
75
34
-69
79
71
48
-12
-10
10
-1
34
-45
-76
102
62
-38
3
27
77
42
22
-67
23
-34
84
152
31
-31
-154
-80
70
-3
84
97
79
4
8
76
-1
3
-36
-39
1
12
-129
-40
32
-27
-16
-102
-10
-1
38
58
38
78
20
-29
76
-7
37
4
-10
43
96
4
38
16
43
2
69
-43
-8
15
56
-3
107
-7
81
44
-60
-18
-3
-11
45
22
45
-73
22
-85
52
83
32
34
48
-89
-3
20
-86
-16
-31
-22
53
25
-30
-39
30
68
-84
43
25
-51
13
-49
-43
-34
34
-14
-13
33
-16
38
-21
-50
-63
-92
-4
46
65
14
44
-18
15
52
-16
-116
-37
49
29
76
29
24
-19
50
-5
99
59
15
24
15
20
-31
37
6
81
-112
-38
32
77
-18
31
7
33
-155
4
-31
-26
-39
13
-3
-4
-9
-35
-31
-4
-78
-29
-43
40
47
104
-14
-11
14
51
-2
-27
26
70
-34
76
-7
-2
13
-10
40
96
19
-25
56
60
18
-1
-8
57
-4
-11
-91
146
-48
61
8
-18
-32
42
43
27
-42
-4
23
-59
20
-23
4
102
-58
77
-53
21
-10
-174
21
33
72
-9
-71
-20
-55
-140
135
66
-83
84
52
-53
23
-43
-82
-25
-9
-90
36
63
8
-36
-85
-17
-68
-126
36
4
-16
11
22
18
106
11
105
68
27
-102
37
88
3
1
0
12
30
9
-40
58
-140
23
62
19
19
-28
61
-22
16
-14
-20
36
-54
46
16
-18
-1
-85
37
-2
-147
4
27
40
-17
-9
-3
4
12
-98
118
-5
0
-7
29
77
-33
30
-72
-7
8
54
36
-22
11
-2
-33
71
42
-6
-68
54
16
17
-102
24
-106
32
-65
35
-27
-17
14
82
9
22
25
86
28
-23
44
8
29
51
-35
52
-41
52
-7
-2
6
2
18
11
88
22
72
-39
32
2
17
-72
3
-47
54
10
70
45
-40
28
39
69
9
92
8
-29
36
53
-47
25
-42
49
76
15
99
-36
8
-9
22
12
-3
-12
30
30
35
31
-4
-34
96
42
10
-26
67
-85
1
19
46
153
14
-47
-1
-40
56
106
105
-4
-42
1
24
48
45
-19
-22
-49
-38
96
-24
15
-164
-137
6
-115
3
13
18
48
5
53
65
-41
-12
34
-12
26
-28
-19
14
46
-44
32
1
76
11
-9
44
78
-13
9
33
-10
-39
-4
28
-54
91
101
82
-9
19
52
16
-37
-5
16
56
-9
90
-37
48
36
4
-19
0
25
-37
-51
-3
30
12
20
5
37
100
41
149
-44
42
-6
-35
9
-10
-26
17
28
35
83
-49
49
-25
-27
33
31
-11
2
53
-65
8
-31
7
35
105
-157
21
-34
-1
17
18
50
30
47
62
44
-21
40
30
-94
-1
-22
40
30
8
136
20
-11
-38
6
82
57
135
-100
-31
74
68
46
-8
52
2
19
4
-38
75
133
7
32
38
146
-83
-40
-57
2
-14
-1
40
-28
0
-92
23
-21
-47
-72
-54
-28
-2
-30
27
-24
46
-9
159
30
14
-1
-11
5
-85
-75
2
-45
108
-66
148
96
-85
-24
29
58
4
24
48
7
65
-31
-17
17
-36
5
20
119
21
31
18
-3
12
-18
17
-38
43
-94
0
-22
-38
110
19
65
22
-104
50
51
-12
68
93
47
16
-35
31
-69
13
50
-110
1
-21
51
-10
22
3
47
-19
11
46
13
-29
71
35
220
53
-31
27
57
119
46
34
10
4
21
34
-64
-51
45
30
-28
56
61
38
57
83
54
27
33
-38
7
-18
-27
16
-5
-83
25
-54
-77
81
65
-2
19
-4
40
-167
35
58
-86
55
-89
65
79
-92
-20
87
31
-84
-18
-11
7
19
56
19
-18
61
-7
-1
155
29
59
-8
58
-17
77
56
-2
-69
-32
-45
157
10
-3
44
-102
-94
72
-48
-82
-80
40
-10
-20
73
11
42
56
5
1
-10
-7
-47
52
-28
-106
-29
-75
-71
-3
53
-19
34
35
-48
24
39
-69
-35
126
10
-58
12
25
11
5
53
84
57
57
-79
52
-64
34
-108
-18
156
-72
101
86
-9
41
-69
-18
12
42
-89
-159
-32
-47
92
108
-39
-1
124
27
70
10
1
-17
-1
-103
47
-36
36
-18
65
32
-57
-20
76
-31
-23
119
57
-1
5
45
6
-98
-49
11
9
-55
21
51
-19
48
106
-33
18
-48
12
-53
18
16
1
35
-7
4
-74
-2
-4
15
-66
-22
5
9
-8
48
18
-85
11
-29
93
35
1
1
33
17
-15
68
-37
-19
-37
-31
29
56
-5
22
-5
-10
-31
-24
-39
77
-85
-13
-3
-47
-21
35
-1
-40
11
-80
-20
-59
-59
-39
-35
1
20
18
-52
-10
-65
39
15
-1
-13
-24
-18
72
-15
38
25
78
21
-17
69
-73
38
77
35
31
-35
55
31
18
72
36
23
-5
-63
35
2
-19
2
133
-2
37
19
-30
-35
-47
-11
-8
42
-4
60
-5
-110
26
48
37
-30
13
-33
-41
-67
1
-100
16
113
-36
-173
26
-13
84
53
-33
-2
-22
-23
4
-8
2
-28
-4
3
40
56
-29
21
41
7
61
52
19
62
0
21
13
45
65
0
58
35
-39
21
42
57
-33
-29
16
21
35
-18
4
-35
-17
62
7
33
56
-6
73
-10
32
-21
-24
23
-63
33
-5
-7
48
-44
118
38
17
-26
234
-58
10
-28
54
-98
-10
33
11
-33
32
-47
22
65
-20
8
30
12
6
25
237
8
30
13
66
49
-10
-19
59
19
