-9
20
-4
-36
3
-38
-28
-6
-43
39
-15
20
-7
-14
-9
24
-20
-11
-12
16
19
-31
-15
51
-29
5
-8
11
22
-12
7
-2
4
23
23
-20
-42
22
-9
7
39
-10
-11
-6
-14
-17
8
-22
10
-20
-25
27
-23
5
24
47
-1
-5
-19
23
-24
-10
33
13
3
-39
1
5
49
5
15
-6
4
4
-36
-15
14
-8
6
-44
23
-23
-11
-28
49
27
-7
-36
68
64
34
-28
-1
-28
17
-23
-3
43
-13
-17
19
-18
20
-17
-56
-31
10
-9
-13
48
-44
-12
-3
-30
-33
-50
-7
-30
64
35
-22
10
-22
-22
30
9
26
12
-55
-20
68
-28
13
6
-5
41
-23
-35
-30
-2
0
-69
0
-10
1
22
-13
0
28
-25
-33
-82
-3
14
-6
16
7
45
20
-9
9
-7
43
27
4
49
17
30
1
-17
-10
-15
12
33
-20
-20
5
36
-28
4
6
-20
7
41
29
-6
-59
27
-1
1
-33
-34
-27
-1
12
-2
9
20
10
-13
1
-10
26
19
-45
-13
-3
36
-7
-18
27
-9
-7
1
9
8
-10
17
-3
-33
-2
-11
18
-11
-3
-24
15
-19
68
-1
7
24
-1
-33
3
45
-22
-2
13
-26
-19
22
-25
30
-22
-1
1
59
0
20
-2
20
21
20
8
47
-9
26
20
0
-5
-19
12
-30
-29
-50
29
-24
21
4
-78
28
-32
-7
-4
9
12
-6
-33
-37
-22
-60
-19
-23
11
-20
-42
-13
19
-33
-52
-3
35
-17
-24
4
-34
-21
7
-61
-9
35
22
-15
38
-36
-35
-17
36
-17
3
-53
34
0
-24
4
35
26
-7
25
10
-39
-15
36
-11
19
-8
-9
7
11
-7
-10
-25
16
13
-8
3
36
24
35
12
34
-11
-19
-7
-4
53
30
-7
19
-34
-4
36
-3
1
-26
-31
-26
22
61
16
-26
-3
-73
-15
-24
21
14
-7
11
3
4
11
-85
-39
16
-7
-33
11
-10
-12
2
55
-21
23
1
-17
-11
25
-28
-52
-35
18
-8
27
-3
5
-9
-24
-9
-28
-30
2
-10
-23
-7
15
-12
-3
-12
16
-41
9
27
48
-39
10
-46
5
25
16
24
14
5
1
-21
16
43
-16
59
7
-14
-11
8
-6
-42
-12
23
-41
21
-42
-56
24
0
4
-43
-18
-18
-32
24
17
-1
-1
-1
1
-51
-12
54
-26
15
-24
-33
18
-9
0
5
48
49
-29
4
27
-3
-59
13
-10
-4
-13
-8
33
55
4
13
27
-22
39
-4
-2
16
9
-11
-42
-21
-12
24
43
-30
-40
-10
-16
-5
-41
-70
38
46
-7
25
29
1
-8
-22
-29
-33
3
21
1
1
27
48
45
-19
-43
-6
-29
-8
-10
13
12
32
-13
7
-13
35
-3
71
11
-7
23
-13
3
28
11
37
-8
4
10
-17
12
16
-11
22
-21
11
21
0
24
-19
-31
16
0
0
-10
31
-16
-1
-1
-25
49
-49
50
20
-2
-6
34
14
4
-11
27
2
-44
-51
12
9
7
-34
33
26
-56
2
-10
10
-42
19
-6
29
-40
-17
2
-8
-35
-41
-5
22
-1
-35
28
-15
-18
-7
13
28
21
-3
-14
16
-29
33
5
-6
-1
-9
-78
-6
-11
1
-48
9
-20
-9
19
-42
-40
15
38
-13
-28
8
12
-36
-8
1
-23
-4
53
3
20
-2
-29
-31
-6
-16
75
5
65
2
-7
-50
-10
11
18
27
-12
17
-29
18
19
12
-3
25
-15
-1
1
18
-32
18
10
2
-16
-12
-30
-22
-18
-22
-23
-81
-24
17
2
25
-17
-5
9
24
-7
6
-3
13
-1
27
-10
-22
8
-34
9
-28
17
-32
-43
-31
2
-10
-8
14
-28
11
-38
5
50
1
-46
-2
-35
-4
-1
-58
-14
21
-29
13
-5
-4
-48
14
-37
-3
23
16
19
20
-17
17
12
-18
3
-36
-55
23
-7
25
-7
35
43
16
14
32
-26
-6
-10
-11
13
-13
-14
15
35
-14
-52
-8
28
4
43
-15
3
-6
4
11
25
-12
15
14
-27
-19
8
-16
-38
-21
4
-6
28
-17
14
-20
24
-18
-24
-10
1
52
18
0
45
21
66
-19
-21
45
-25
7
27
-37
10
5
-8
-19
-18
-4
41
1
-36
0
5
18
-13
-22
-39
-25
45
1
4
0
-52
13
2
19
26
3
34
-20
21
-17
41
23
17
-74
11
28
-30
3
18
27
-31
7
76
-3
-16
-44
12
10
7
-15
0
-6
49
1
8
8
-20
-38
-5
29
-10
0
-5
33
19
19
30
1
28
28
-10
-6
2
20
-8
-22
21
-24
32
5
-43
-43
13
-16
-4
38
-23
8
14
53
7
1
30
-4
-9
4
-58
-14
15
-43
-7
48
18
19
-20
-13
-10
-26
15
-23
-31
-3
31
-24
-6
-19
43
-16
-46
-57
-9
25
-25
23
-50
-11
26
8
6
-19
-17
19
17
-10
-42
10
-22
1
-14
-48
-13
-15
26
-5
20
-5
23
-14
-23
17
-33
10
11
43
-17
-17
58
-30
13
-28
-29
26
-10
-57
31
-21
4
-5
-12
-16
-8
-24
-24
32
-33
-33
9
-11
-25
-13
-47
-37
-31
-15
17
-22
-9
-2
-1
30
-21
9
18
-30
-23
26
-13
5
24
-23
15
1
-10
6
-25
-28
1
-18
-9
5
7
-25
-29
-6
-36
22
21
1
19
10
-52
36
20
-34
58
-5
-4
-8
13
12
-1
16
-12
4
16
-29
-5
-13
-2
10
7
23
-28
24
-13
29
-54
-35
-16
-28
-26
-25
17
-42
-25
-37
-9
27
1
-2
-31
2
-7
-11
-11
2
-13
4
-67
23
3
-27
-16
-40
-12
21
-35
60
-34
17
-20
49
-4
30
5
16
40
-23
7
-14
41
4
21
42
-14
27
-5
64
-22
49
0
8
-48
44
11
-24
-1
-58
-26
47
19
-37
52
1
0
-67
15
-41
16
44
35
-45
5
-2
-52
1
-7
21
-44
-46
-3
-4
-26
-2
11
-18
-52
17
-14
45
2
12
-34
3
55
-9
12
9
-22
-37
-39
-46
-19
29
-7
19
16
-14
-15
-28
-20
-1
-28
-10
-8
22
10
-18
-4
-18
-12
4
-3
19
47
-35
4
-14
-6
-24
0
0
2
-7
-6
24
-10
-24
-8
25
17
2
29
-28
-11
-7
17
9
-41
8
4
-10
9
-15
-37
28
-27
-57
-11
-51
-3
7
-25
17
15
1
24
26
-12
21
-4
-18
-33
-28
71
-45
-3
-1
-14
9
-23
-37
-14
38
16
47
-8
-12
-37
24
-3
-19
43
24
-3
15
6
-17
6
50
-19
67
8
-75
11
-50
0
-36
-12
5
-16
13
-23
-20
-19
-8
-40
-7
-22
-45
13
22
24
-6
14
10
-41
-86
-30
-36
0
-23
5
40
19
-32
18
-5
-12
11
-4
49
-23
-9
-11
33
-3
-27
-10
-8
-33
45
-10
-1
1
-25
16
9
9
29
4
-8
43
-72
-20
-20
-31
-37
-17
30
-17
11
-26
63
53
49
-15
11
40
-3
19
-20
-12
4
10
-49
-25
-46
-43
-7
47
-55
-1
4
24
18
-23
47
3
-8
-14
-11
-26
-91
-26
-11
-21
-34
-19
-32
-20
-25
-29
-26
-15
30
-9
33
14
-14
-10
-15
2
-7
22
38
-22
17
7
-21
-10
-10
-15
12
-25
-50
-16
-17
9
41
5
-46
-20
-17
-16
3
-26
-55
6
-54
-27
36
-47
-26
16
9
10
-15
52
-13
-34
-38
25
50
-29
-28
29
-34
-53
-31
-30
21
15
49
-12
-14
-3
18
-24
-4
-23
24
-26
-4
-8
33
-8
7
44
-29
16
-58
-8
36
-22
-11
-4
-24
6
-7
-38
19
-26
-50
26
-1
38
-1
-1
0
12
18
22
-16
7
49
14
-20
19
6
3
-25
-14
53
-1
-22
-15
15
-9
-13
-20
-39
-2
35
10
-55
-15
1
-11
-12
-9
-17
49
21
27
10
16
-21
-63
11
4
-32
-26
13
-18
48
16
16
-35
43
61
-11
10
25
-5
-1
6
54
-16
-45
-22
34
-20
-26
-22
3
25
10
-1
1
-12
-7
36
-46
-23
14
42
33
1
27
-85
-23
45
-52
59
9
21
9
-36
-6
9
9
-10
40
-11
-12
-5
-21
25
8
-3
14
7
58
-34
-11
24
18
-37
-8
-26
20
-41
11
16
6
-29
17
-34
-14
-7
-1
-1
43
-17
-23
-36
11
-8
-7
-17
-32
-48
2
24
14
-58
-38
11
-16
20
-90
20
24
-2
-63
-36
66
-9
66
20
-6
-18
-33
-21
11
-21
3
-36
4
10
35
-12
-1
-26
-34
23
24
-14
-34
-27
-9
31
-23
37
-9
25
-30
-23
-11
-46
36
-12
-11
-17
43
13
-5
14
7
3
-37
-25
-37
30
20
-7
56
-10
-26
-17
3
9
4
19
16
3
27
8
-42
-16
-8
-26
28
-1
31
29
28
-28
-11
-8
7
-22
-20
-9
33
25
81
9
62
-15
-38
-6
25
47
5
-17
-11
26
-13
-45
-25
-14
-27
13
-5
-31
-5
-71
28
-18
22
40
-2
21
2
-12
10
-41
-1
-6
42
-27
53
42
-21
-42
14
-34
31
-10
4
9
-10
24
16
-35
10
-32
-35
-11
22
60
-11
15
9
21
-5
9
11
-50
-27
-9
9
-38
-1
-35
14
21
-14
-17
12
22
1
24
15
16
21
-6
16
29
5
48
-48
-1
-7
-11
7
-38
-23
30
28
-38
0
3
35
-49
-3
-14
40
5
-7
-1
-68
-28
7
-14
-9
-76
52
-30
31
15
-44
1
28
-16
2
16
3
21
52
30
10
8
22
-7
43
-12
21
19
-44
-16
17
-21
22
-34
-13
-7
32
-48
-18
-21
38
-37
0
8
-10
-62
-11
24
22
2
-11
28
-25
-9
-6
-28
-49
47
-10
-21
-58
54
0
-54
-50
3
-6
26
2
-45
-28
-26
-6
-16
28
9
7
-20
33
-3
26
-7
-14
-32
-25
56
2
5
-2
-8
24
-84
16
-41
17
14
-29
5
-27
19
-25
-24
-13
-8
-11
13
-9
-39
-4
-14
-20
0
-20
40
-59
29
5
22
36
-51
18
-26
49
-53
-55
-16
0
-27
-17
50
-32
27
-8
-27
-50
49
3
14
-10
-40
-4
-30
49
27
14
1
-24
11
12
-4
37
-25
-40
-10
-6
91
-14
3
-42
15
42
-21
7
-9
4
0
-11
4
-25
1
-27
-1
-29
-1
18
-11
33
19
-26
-26
64
-4
49
16
17
-8
-27
27
30
35
-8
15
-44
25
-18
-1
-49
10
-21
-39
22
-7
-16
-12
7
-19
-25
1
-26
0
25
-56
-6
-12
-28
13
-18
4
6
-26
5
-7
-46
36
-41
-4
12
18
-37
-1
-27
-4
-18
27
-21
-10
-45
-1
32
62
10
-15
-11
-27
22
-24
24
30
-8
-4
-47
-27
11
13
-11
-28
-8
3
-7
3
16
31
-44
62
-37
-39
-16
22
7
52
16
-24
3
-25
-13
-40
-7
-20
-50
16
-58
-16
-29
15
-9
14
6
33
22
-40
-24
41
-18
-39
-32
-5
-15
-24
-31
37
29
32
-16
-17
9
7
-42
-4
-8
65
35
9
-45
-4
47
-22
-21
-12
-29
36
5
-25
8
-17
-22
-27
-3
-25
-13
-25
-39
13
-3
2
-17
-55
5
-21
-2
-23
-4
-6
-25
-45
12
8
12
-15
-20
-36
-48
11
-1
-18
19
22
1
-15
18
-24
41
-59
-34
-11
-7
11
-28
11
1
-27
-36
11
27
-28
36
-40
-28
-29
3
6
43
-27
47
0
30
2
-13
0
-12
23
-10
-20
-2
49
-17
-3
-18
-8
13
16
34
29
-3
-23
-17
62
28
-15
49
-8
10
-34
-28
-41
-9
30
-38
24
-34
20
12
-4
-23
-62
-6
10
-18
-18
13
-9
-36
-23
25
-14
-62
0
2
-14
21
-4
1
-7
-4
20
18
48
38
14
-21
-50
29
-3
-21
52
1
17
-62
-1
-22
32
-27
-16
-30
-8
-11
13
12
-10
59
-23
50
30
-42
4
38
15
-10
-1
23
25
-19
35
4
-1
-34
-8
-14
7
0
-19
-23
-6
-22
1
47
22
50
10
1
-11
15
19
2
-38
-22
1
68
-4
-22
-24
-47
11
-23
-48
1
-59
12
-11
12
-27
-7
-12
1
0
-48
14
42
19
62
0
-24
-39
-38
28
32
32
-91
-12
13
11
-7
-3
-3
-12
-6
-15
-7
-24
-32
-33
40
25
22
0
25
-34
60
34
6
6
-36
9
-13
-5
-1
22
11
5
17
5
12
52
-14
41
5
39
-21
18
-9
3
-10
-5
65
-36
3
9
29
6
-39
9
1
-18
12
36
35
26
41
63
-42
4
-10
-1
16
-27
28
-16
-2
-9
-54
-2
-8
-25
4
4
-16
-25
-21
-11
-31
-10
-53
-12
-24
44
2
7
-13
-10
9
-33
23
13
-11
-11
-8
12
-53
-11
-27
5
16
-34
9
-54
25
-8
-6
24
-10
3
9
-37
-23
25
-60
13
35
34
-20
6
10
7
-4
-26
-14
-2
-17
-31
23
19
-5
7
-3
3
-38
-26
51
-6
19
-27
-34
38
-28
-33
-51
4
6
-23
2
-21
3
12
-25
62
7
21
-56
12
36
-51
-37
-14
-6
-29
-30
-14
18
-40
39
-50
42
-25
10
-2
28
38
-70
48
-23
16
15
-42
-27
6
-32
-31
-76
13
23
-73
-21
-19
43
35
-23
-37
5
9
-24
-29
-11
-5
44
-11
-7
-14
11
11
6
-20
12
-25
13
-32
-17
44
-4
-41
-6
38
-51
26
-6
-34
28
-21
-15
26
-27
17
-10
-35
-31
17
1
3
0
-49
10
-19
10
12
-7
9
-32
-7
-23
8
25
-3
12
23
-36
27
13
42
-6
-12
-17
-44
6
51
61
-14
17
-4
-23
5
48
-27
-23
-1
-48
-29
16
18
5
9
27
-10
-1
3
67
1
-20
31
-37
16
-51
21
-1
4
9
-6
3
-4
7
3
43
5
10
36
-66
-20
-58
20
18
-7
-8
-25
22
-5
0
25
-2
-46
-4
6
-12
-16
-40
-25
45
-27
-51
43
3
-7
-16
-38
-42
-7
-6
5
-19
-1
-19
28
-52
-50
-34
6
2
-26
16
1
9
-2
-23
11
-15
-20
16
-3
-16
-13
-9
32
-36
8
-54
-27
33
-15
2
0
-5
7
12
-90
-51
-21
23
25
24
23
-38
18
-43
1
-13
34
-4
47
-6
-39
-8
11
-55
13
-26
4
1
-8
-42
59
-4
39
37
47
-17
14
-27
2
27
28
-15
-15
7
-7
-48
-42
0
16
7
-17
26
45
-8
4
-64
35
-2
-50
8
10
-4
-8
-23
-7
-44
13
-35
23
-23
14
-63
14
-49
49
-12
-37
-18
2
5
-12
-4
-12
-21
-12
-16
0
-5
35
38
-1
-5
-10
29
-21
-21
-11
-22
43
-12
-2
-14
-13
-1
18
38
-13
17
-4
28
12
-3
13
52
-18
55
-10
-41
-25
-13
14
49
-22
-66
-10
-38
-27
59
37
-28
-1
-33
-56
4
22
-21
-28
-20
18
-21
1
37
-52
-40
11
-2
1
14
-5
-50
-27
-28
0
-18
7
35
-11
42
-15
-29
16
48
-1
9
33
-29
-13
3
-7
54
12
6
40
13
-5
-16
-42
2
23
-12
2
26
19
6
-10
-33
14
30
19
-5
39
2
6
12
22
10
11
50
-45
49
-38
3
11
-30
-6
37
12
-12
3
12
2
-13
-6
26
-5
49
1
10
3
-31
-10
74
18
47
-7
25
3
5
41
46
13
25
12
-9
3
-23
34
-19
31
22
2
20
4
-22
-35
-12
32
-48
14
24
-23
16
9
-20
-36
26
-28
-34
-32
-11
35
-40
8
-5
-2
32
-23
38
-15
-9
-12
45
18
22
15
29
41
-53
1
8
-5
0
1
23
-10
-13
32
19
8
-40
-12
0
28
-4
-5
19
-37
41
-25
-7
21
-13
-39
13
-4
-23
-1
-40
-23
-44
35
-4
7
-59
-6
37
6
22
-18
23
0
38
-12
1
-44
17
27
0
-34
17
-7
8
4
-19
-55
-38
3
-3
-19
14
-14
-3
9
17
22
-8
35
24
-21
-39
-14
-8
-29
-36
-5
25
-25
-29
-32
-17
-7
0
-27
-33
-42
-81
27
4
-40
-16
-1
-50
-25
11
21
-6
-2
4
-18
-40
36
5
19
-41
36
-1
0
14
14
4
-5
-20
-6
-24
-50
-20
-34
-8
16
-31
-34
-18
6
-22
-36
-35
-32
8
24
-19
-9
-13
19
36
-69
-21
39
16
-36
-19
-13
43
15
-12
18
43
-20
-42
24
-16
-10
6
-16
-8
-21
-2
-6
-3
5
-5
-24
-11
20
15
7
-10
27
-31
-21
-13
-15
-6
-25
24
-5
-37
-17
-11
8
-12
51
15
14
6
40
7
7
18
18
29
-74
17
-51
21
9
-31
-3
-15
-32
5
13
-44
-20
-15
-7
8
0
-3
43
10
-50
-24
-69
-32
4
27
-37
-25
38
-49
43
2
10
-7
-9
16
-41
-21
-16
-26
41
38
14
9
1
-40
40
10
-46
-11
-5
-31
3
32
-41
5
36
20
-14
32
-30
7
-16
27
-15
-57
-9
-32
-20
31
20
-26
9
-11
16
-30
-13
-10
-5
9
-5
-20
-28
28
7
50
-25
-10
-82
15
2
-33
-7
-16
-24
-30
21
15
52
-54
9
-23
-90
0
23
33
-13
-10
-30
-40
-30
28
-23
-23
14
12
-24
3
19
12
-36
-10
-17
-39
9
3
9
-5
-26
-18
-43
14
23
-7
-28
9
-2
38
-58
-29
-29
-23
19
32
-7
-35
-42
-9
-3
11
33
-5
11
-23
-20
39
18
15
-18
-14
-28
-59
-8
-23
-36
12
9
-17
-8
24
22
-20
63
23
-4
-43
29
-6
38
12
-36
0
-1
10
-14
-8
-36
-66
25
-24
-18
3
-29
54
50
11
17
21
-30
22
-3
-24
21
27
-5
20
-4
23
-41
-29
-22
14
12
-15
-14
-8
-23
25
-86
-7
-36
41
-36
-12
11
-5
8
20
-3
57
36
-38
-17
-18
-14
11
15
28
29
26
37
-6
-14
22
-16
-11
-32
2
-12
-37
-51
-4
10
-17
18
-2
-19
-39
65
4
-13
-38
24
-50
-10
21
-9
-23
-6
14
22
13
-55
14
11
-26
-56
8
-2
43
4
-20
14
36
-12
9
-41
-5
-32
35
-17
17
21
19
-51
28
-24
25
-6
60
-56
-30
14
-38
43
-40
-28
-33
-16
-59
-16
-32
-76
37
20
11
-14
22
11
-37
-23
28
-37
4
-49
-9
-22
39
29
-18
-31
49
-23
-5
-12
-2
-18
-24
32
61
-17
-40
-16
-8
-5
35
-2
25
-29
-37
-14
57
25
20
-44
3
-63
-4
-43
33
-5
21
15
-9
-17
45
-6
-21
19
-22
-35
-30
-6
-32
-7
-10
-52
0
-38
-26
-16
-4
-2
37
-28
27
2
-15
25
-23
0
19
-7
-36
-17
2
-17
8
-33
36
-3
26
41
2
48
-12
-12
-1
25
5
17
-19
21
-9
-13
-17
20
39
12
-6
-21
-3
24
17
-90
21
9
-10
-33
-17
20
-5
17
-43
8
13
-21
-15
19
-59
-38
6
39
-25
-7
-22
12
-27
-21
-13
31
8
35
28
-26
-13
-26
-3
-7
53
36
1
20
7
19
62
32
0
18
-67
-6
-4
-25
40
-18
-59
-43
16
-62
37
-22
54
-14
-24
26
-67
-28
21
49
-13
-25
20
0
22
6
-12
24
35
-37
29
-35
-85
10
23
-14
-55
-1
0
21
33
-58
-12
1
-17
-6
-13
2
-33
-19
3
-12
25
-5
-23
25
10
12
0
56
-8
16
-21
-19
34
31
20
29
-7
-7
-14
36
23
54
-11
12
18
-24
66
27
-33
8
8
39
-11
-8
65
5
18
-9
-2
3
-34
3
22
-27
3
-7
-6
4
1
13
-23
-4
-70
9
-5
34
-12
-40
38
-45
31
-8
-47
19
22
-12
10
4
36
-44
0
-13
43
-3
6
-12
-5
30
-18
6
-40
-9
3
8
12
-21
50
-59
20
-4
17
-37
-6
-2
-36
48
75
-37
-28
-31
2
0
32
-5
-14
12
38
19
6
17
-33
15
20
-66
-29
-9
-34
15
-64
-21
-11
30
-11
14
6
29
-12
29
-10
4
16
-78
-23
-35
14
-32
-26
-6
-2
-42
10
-21
26
-5
-1
-4
-51
-1
44
-26
-11
-14
11
9
10
3
20
28
43
-37
-59
-8
-2
20
-24
-15
-5
-60
-37
-37
-18
-23
31
-20
-37
-21
-6
26
-5
44
3
-39
11
-46
3
-21
-24
-6
-9
-43
-23
18
-17
14
9
0
-3
5
-9
0
26
17
-37
20
9
15
-65
33
25
-3
-27
9
4
25
21
36
25
6
8
-3
-25
-4
-6
-23
-23
41
-26
-20
51
14
8
19
19
21
6
-17
-17
-47
37
13
43
-17
11
34
-13
12
-13
15
24
26
62
-8
-11
-12
-21
11
-24
50
2
4
-3
-7
35
9
2
-23
-26
-19
-6
7
-17
-1
18
-20
11
-13
-4
-15
-8
-19
26
20
14
-49
36
8
-10
3
2
-11
-19
-31
-42
6
37
2
-18
0
-28
21
1
30
14
-32
-11
-5
2
-12
28
-8
23
25
14
-31
-27
9
-31
31
-16
-21
-11
-59
-70
-5
48
38
-52
-24
-12
-15
-13
27
55
-50
9
14
4
16
-18
43
-32
19
3
18
-15
5
-7
9
-11
-20
-28
-32
16
-80
-34
-34
0
18
-18
-27
-31
-5
-4
34
-5
2
-23
11
23
-88
17
-30
12
-3
-29
2
-32
3
15
-51
21
34
8
-8
4
26
1
12
10
-23
0
10
-5
34
-10
-21
63
-39
-26
-30
0
-28
-55
6
6
8
15
2
-33
-19
-42
-4
-23
-40
17
0
50
-11
-20
-21
11
-4
-8
41
13
-31
-9
23
-8
6
-36
-37
-3
-9
-54
-2
-10
2
-74
14
-15
11
-56
15
35
13
-1
-12
-25
-53
-40
8
-25
27
-17
9
-39
-38
13
-4
-3
41
24
2
-7
-20
-9
-7
15
5
0
11
-15
7
-35
44
-25
-2
-5
1
23
-12
-4
-16
46
-38
41
-16
-3
14
-14
-10
30
-3
-3
8
-15
-15
-1
7
47
-13
-45
26
29
-1
25
-9
13
-42
-24
20
2
-9
-31
57
4
2
-14
-30
-46
25
11
-16
-2
44
-6
20
-49
8
23
34
5
27
15
-9
13
13
-11
7
14
-10
40
-4
8
-34
2
29
5
15
-25
-5
23
36
-7
-26
-35
-31
-21
-47
-19
-3
-3
13
11
7
-10
0
3
3
-30
41
0
14
26
28
38
20
-42
-7
-30
22
-9
42
-44
-11
45
-12
-17
16
5
10
-20
14
28
14
-11
-21
-32
-37
-16
11
-6
-4
17
11
30
2
-14
26
-1
30
8
-13
-7
-6
22
1
21
-1
-38
-22
-25
-22
-24
2
-7
-38
-13
-15
2
14
-5
-16
-1
-32
-7
-21
0
19
-16
-28
28
7
-39
7
43
-12
12
5
3
0
-19
-7
31
-27
-8
-12
4
-4
10
1
-12
11
18
10
-31
-37
-28
-5
-33
-38
-54
1
24
-10
-34
-24
-3
-8
24
1
-1
-14
8
3
-12
10
26
13
25
18
25
-8
41
39
-82
-49
21
-20
-83
-43
-9
3
-7
-3
7
-16
5
0
10
14
28
0
3
-11
5
14
-43
37
-55
8
4
20
2
-4
27
-25
29
1
11
29
-14
-25
-11
11
-15
15
-20
41
-28
-20
-19
7
26
-24
53
-14
-21
-5
22
-25
-12
-36
-9
30
-70
-38
-10
-34
14
-21
-25
-22
0
32
-21
-16
-43
-24
4
-11
-17
13
39
15
-49
-20
-64
11
13
-42
-2
-27
-49
-8
-40
3
-56
53
35
-4
60
31
-33
-26
-30
6
-6
-14
20
-34
-13
16
-40
-15
-7
-18
24
3
7
20
16
-30
3
28
-22
-30
-16
-8
-7
27
0
0
8
17
-37
0
-8
-20
2
20
3
-17
-8
-19
-20
-49
-21
20
15
7
22
-27
-27
-22
-5
-11
-46
6
-17
-31
38
38
26
-25
36
-24
-90
-3
-12
11
-5
-9
13
-41
35
-10
-31
6
42
-14
-18
81
-73
-28
50
-26
20
-7
34
33
-25
-76
-18
13
-13
-21
23
24
28
30
1
-29
-24
-22
-11
15
-17
13
21
-11
-8
-5
-23
2
33
-8
-10
-29
66
-6
-3
7
21
-16
-35
17
-14
5
-15
11
0
-36
-5
37
-8
-8
-19
23
40
4
-7
16
4
-29
56
20
-18
9
27
-71
10
5
-18
-8
2
-71
12
-28
42
8
5
-20
19
29
19
66
-70
-23
-21
11
-16
-12
9
-33
-9
-25
-17
-24
-11
-18
-33
-11
9
-12
14
-41
-17
7
-6
-71
21
-22
-5
21
-49
-18
-10
-18
-16
14
-9
26
-18
3
23
8
6
20
-6
-55
-16
12
-4
-5
-20
2
14
11
14
49
-12
22
4
-3
-40
10
-55
-23
-17
-16
50
-9
22
20
-5
-37
12
-26
-37
42
8
-20
10
-9
-37
46
-3
-1
-51
28
-15
36
2
24
37
63
-3
-14
-47
-41
9
-6
-6
-16
-25
-42
-27
-26
-5
-13
-6
42
0
9
74
19
-19
-22
-12
-37
0
-68
-13
18
27
27
-8
-14
-34
11
-34
-26
4
-12
12
-30
-27
-21
-24
21
-8
-26
-35
2
26
-73
-36
-29
9
-25
17
5
-7
28
-21
14
-15
-13
5
13
-35
31
17
-7
24
5
67
-35
0
-19
-29
1
35
16
41
-19
27
-42
8
-21
-23
-39
-15
7
-54
21
-11
-22
-2
-37
26
31
-3
19
-2
33
-7
-18
-33
-9
27
62
-3
-3
26
-29
0
-15
28
9
19
20
-4
-10
3
-5
-8
16
27
-13
1
-3
-23
13
-23
14
38
-8
-32
11
1
62
3
4
-35
-9
-42
-9
25
2
5
-56
3
-42
-27
18
-45
-36
-9
3
-10
-23
-10
-10
-26
51
33
-21
-7
-18
-7
-25
-16
-28
23
-22
-3
11
10
53
-24
13
0
21
-16
-23
-23
28
31
1
-22
1
-18
-39
-4
16
-34
-31
8
-40
25
-59
11
-22
11
0
21
7
-20
-16
-15
-7
10
-2
20
60
8
-18
43
-27
49
-23
-1
19
8
6
-23
33
43
-10
-10
-32
-14
10
2
17
-19
11
16
-25
2
-16
-37
-28
13
16
41
6
19
54
26
22
15
-36
33
19
23
-10
-23
-5
-7
64
9
-22
-20
-35
-25
3
16
-33
27
-20
5
81
27
9
-9
15
-16
10
12
-14
-23
-17
-18
25
12
-1
4
-17
16
-25
-8
9
18
-3
20
-61
10
-19
18
21
10
-18
-6
-38
-17
15
14
12
-28
-5
-2
28
42
0
-42
-1
-10
-32
-30
37
-42
-66
0
-30
3
-35
6
-3
-19
17
-14
-30
3
-4
7
-57
39
26
-18
-11
-76
-6
1
11
-23
30
-15
32
-42
-1
-1
6
-5
-34
-26
-7
18
13
20
-7
19
24
11
-40
-24
-11
-5
9
5
8
21
-1
-18
-22
-17
53
20
21
11
8
48
-36
-6
10
-18
3
-23
-50
-53
26
-13
-56
-40
33
-49
-9
-20
-9
8
-16
-20
-11
22
40
-49
15
-60
6
23
30
-23
24
45
27
-6
-41
-21
10
61
19
-10
9
-19
-11
-12
9
9
16
-46
-12
15
12
13
-22
11
13
-2
0
-31
-1
49
11
-9
-5
-18
-8
-20
0
-14
11
-21
-24
34
3
-20
22
17
49
-28
6
17
-9
-3
-7
33
52
-32
-10
-29
4
24
-20
47
-1
-10
26
36
-17
-24
-39
-10
2
-24
-50
16
25
13
7
-32
-12
-40
3
26
-8
-3
-56
-3
-27
5
11
9
-33
-3
-71
-48
1
45
-17
23
2
-12
24
-21
1
-12
-47
14
12
-10
49
-5
-40
8
-31
59
-33
8
3
29
-18
60
-5
0
7
21
21
15
7
-21
-9
-54
15
80
27
-27
-24
-24
-9
-5
9
-1
-14
35
23
-45
-31
-1
-15
37
22
3
43
-77
-21
27
-77
-51
-11
26
-8
-1
-30
-16
-7
-56
11
-49
-21
-16
-4
-38
21
-37
16
-25
-20
-12
17
11
-55
-37
43
42
15
-38
-47
3
13
2
-73
-9
-45
3
-20
-58
1
-33
-40
-25
-51
14
19
-23
7
13
-18
-64
-21
35
10
9
-16
29
-6
41
7
5
-24
1
-13
5
32
-17
-10
23
12
-22
-38
9
-14
-27
16
48
-29
48
-13
-11
6
-3
-4
3
-12
47
15
-24
-7
2
4
21
2
23
-18
29
-38
-8
-10
1
-63
55
-17
-9
20
11
65
-7
-55
30
-76
-17
-36
31
-26
6
-36
-9
40
-3
15
12
-1
-11
27
20
27
-14
-22
-9
8
-31
-29
-13
31
-31
-36
19
-7
14
20
-2
37
44
15
13
3
-2
-10
-69
-6
23
4
-67
25
-45
-5
27
-13
1
35
6
-25
-7
-34
56
-22
-24
-3
33
-4
-1
-26
-8
58
4
19
20
-12
-27
-19
-28
-11
-7
-16
-75
18
12
8
-25
-13
1
23
-28
-40
18
0
8
14
7
-26
-23
3
-18
21
0
48
26
-16
2
21
13
17
-20
-32
13
-15
-2
-12
17
18
-7
-47
-29
3
-7
1
-15
-90
58
23
-5
18
-13
2
-7
47
-34
-3
-15
25
-56
-49
15
1
-1
-3
-24
1
-33
-33
-20
-27
40
1
-17
21
21
-25
15
1
-15
-23
13
-50
5
-14
18
-13
-28
48
14
17
9
7
9
-42
-12
15
33
4
14
9
11
23
-28
-47
-3
-19
9
0
24
-19
51
-40
47
-50
-20
-3
-18
-53
10
12
-28
9
-24
-18
-26
-9
-6
24
-1
39
-25
-12
-27
4
45
-12
-29
-13
38
23
4
-23
-19
-15
-10
-23
-12
-21
20
6
-3
48
33
24
3
-17
30
-42
5
-19
29
-2
-42
-34
-47
-13
35
-1
-27
35
-19
-17
-41
5
13
11
40
-1
-3
-40
-26
-20
-14
-17
-25
29
-31
-44
-10
2
31
28
62
13
-26
0
-38
-24
6
31
6
-7
20
-34
-17
-38
8
15
-38
-39
22
-20
-11
17
11
8
1
54
-6
13
41
-16
-64
27
37
4
38
-55
-25
3
-21
-73
36
-24
-17
18
-23
13
-19
-14
16
-23
0
-20
23
20
29
26
-41
-14
4
-6
12
11
0
1
16
-33
0
-58
-3
1
-5
-14
9
-22
10
31
17
-17
3
-60
-52
-16
-3
-25
1
-7
-1
27
20
14
14
5
12
44
1
-5
12
-2
-50
12
8
20
-77
18
10
-9
1
21
-19
-2
-14
-3
6
-4
13
-42
9
25
-41
-8
2
-11
-31
-6
-24
-8
-84
-8
43
4
-36
-51
-11
-31
-37
-26
-5
3
14
3
-19
-14
-26
16
16
-18
5
-20
14
26
-35
44
33
-42
-35
43
-23
40
-26
59
-3
4
23
23
11
-19
-6
-19
7
3
-50
15
-5
34
-23
-19
-26
4
-39
-45
-66
-30
2
46
48
-7
-2
61
-1
6
36
5
-18
11
11
-7
-15
-25
20
-47
-47
-16
-5
-19
9
-10
13
33
-2
4
29
4
15
14
33
-9
-9
48
-9
-18
-24
36
-3
10
7
-10
36
1
39
-8
4
7
-21
24
-15
-10
36
9
8
-13
11
-13
-29
44
-46
-41
-48
8
14
4
-1
21
-8
-27
-9
-48
48
1
10
30
-16
36
14
-30
8
37
20
25
-15
31
38
-4
-13
37
-8
13
-25
-53
6
-18
-4
5
-8
6
45
45
-33
-1
-1
-1
-5
20
5
21
-19
-10
-10
-17
-14
44
-13
-6
-8
9
48
-55
-33
-9
-2
7
-88
-62
27
29
-31
-13
-80
-7
64
12
26
-5
-21
3
-4
8
-26
-4
-40
-42
-14
19
-21
51
1
-7
-2
-17
15
-28
-19
-23
-65
8
-34
-5
-3
53
-9
37
31
63
29
-10
-63
-9
-29
1
-33
-35
21
-50
-11
-18
-23
-10
5
-28
41
2
10
1
7
47
17
60
-27
-24
-7
-25
8
21
-20
-11
-15
-34
38
-8
-12
22
-49
14
20
-11
-3
-28
-32
33
59
-7
-24
21
61
-34
-2
6
-35
9
1
5
4
-39
-1
38
-4
0
1
13
22
16
-37
-41
-2
45
-64
-18
-31
7
-17
-13
-16
38
-16
-22
-71
-16
-33
-15
-46
-4
31
5
-10
9
10
-10
-19
53
-10
8
29
23
-57
16
-20
19
38
13
8
2
23
13
-6
14
0
-2
-55
25
27
4
-24
-8
46
-40
38
9
-1
-17
44
-19
-40
-64
60
17
12
-8
12
-4
-25
-5
26
10
9
-34
4
-43
15
-5
-20
-15
31
-72
-31
61
-4
-14
-14
-29
-11
-1
-30
