-4
5
-30
-30
-28
11
42
24
34
40
-12
0
-54
-7
-19
59
55
-2
7
14
-7
89
-14
-51
-5
-55
-75
109
81
10
61
4
-8
28
37
-24
-32
11
9
21
15
-1
-7
19
-22
12
-46
-25
87
19
-19
-58
35
-25
36
-17
14
16
86
-31
17
-72
21
-18
44
75
-8
-6
-30
-61
44
-5
-27
-25
48
-41
-3
-56
28
-43
11
97
7
69
13
43
33
-75
32
35
44
-64
-33
11
-4
46
73
32
1
-45
-10
-7
3
36
-40
29
-58
-71
43
9
-23
17
-12
45
-42
-4
-38
-41
-3
-41
29
31
-29
36
26
24
68
-45
77
1
17
45
-26
2
33
-172
-50
-41
22
-5
3
-25
17
15
-11
45
-31
-15
-19
-40
19
-45
50
1
54
-36
56
-18
2
-15
-120
20
-35
14
23
58
70
-1
3
-64
29
28
52
9
-13
0
41
-202
14
19
20
-41
7
-36
-11
-129
-26
38
12
76
-28
-17
-52
93
43
9
-8
-46
82
-14
80
-57
-17
-42
24
24
56
-14
-60
-1
73
-43
-23
3
44
-101
-11
-64
32
6
25
28
-2
14
-6
-27
14
40
18
3
45
38
-16
40
0
-8
3
16
23
-2
34
18
43
-33
-47
-44
4
-32
80
30
7
48
-62
-64
-52
-3
-20
24
33
-11
6
-36
10
-56
29
6
16
2
66
46
-1
37
-3
-1
-75
58
88
11
54
4
4
64
-32
-20
-19
-4
-20
-14
-6
50
7
14
-38
3
-35
5
-1
43
-6
14
-22
71
-37
35
16
-11
51
-18
28
20
2
2
-17
-80
57
-5
-40
-2
41
12
-34
14
55
-9
42
-74
-8
37
37
46
31
-27
4
45
28
28
26
-9
-71
37
-26
-45
63
-23
81
-40
-27
-59
2
13
-31
-25
22
-9
-61
44
-40
-4
37
-34
42
-9
-37
34
3
107
6
18
2
-9
-16
-31
49
-41
-53
-28
-30
27
-12
-30
-39
0
27
58
-54
18
-21
13
-15
67
55
-26
-32
10
-28
-44
-38
-3
-8
20
20
63
2
-22
58
30
6
-6
42
25
2
3
-9
18
41
-22
-37
-43
-16
-12
31
16
48
-4
-3
-26
-23
-30
-70
1
-12
-18
-37
42
36
51
-53
-31
2
-35
-13
10
60
25
-43
-9
-2
3
29
-67
14
34
33
53
11
-11
38
-20
13
50
-9
51
-58
29
37
79
15
35
5
-16
-42
-13
8
-31
-30
-24
79
-27
-33
0
-28
103
89
-65
40
4
-17
-35
44
-16
-63
49
-28
-5
15
-47
8
-47
-10
15
-115
-6
23
16
-15
-49
-10
-77
89
6
-28
-14
33
-38
-4
-20
-9
-39
38
17
76
8
15
-12
43
-39
100
-27
-16
-23
-45
63
-64
-40
39
27
-54
2
-23
7
34
10
-59
-17
-30
-54
5
-66
-11
53
-36
-102
-42
-52
27
19
62
33
28
-35
-18
2
29
22
41
68
25
42
-53
42
-21
-47
2
-14
-27
20
44
-57
-38
3
39
-14
16
-2
-16
-110
-58
-32
-12
-12
44
22
-3
7
-34
11
-4
7
20
41
89
-45
-29
-15
-9
-1
-56
-1
-7
-71
-6
73
-31
-26
40
38
39
12
7
26
7
58
-38
-25
2
42
-27
-22
-3
28
-8
-108
-28
-27
-25
15
-55
-58
-54
-40
77
-53
-8
-8
-5
7
-85
-43
51
-27
-18
0
-78
-8
-8
139
10
26
-51
-12
14
-52
27
-3
85
-53
-25
45
-94
-4
4
-14
-49
22
-40
-35
22
-71
16
0
42
-42
70
-38
24
23
36
18
-44
80
10
-50
-57
55
-63
-74
-30
-22
35
32
6
-29
15
-6
-25
-18
-23
22
40
-41
-54
-16
35
33
51
-77
74
-36
75
-59
-9
-12
-61
17
-19
-12
-22
-68
28
-67
-25
-44
15
29
14
-63
-32
71
-16
66
-51
86
33
53
-25
45
32
-8
15
17
98
51
-18
-36
-8
-56
3
69
7
-17
1
-53
15
-151
29
-6
-1
16
-46
-76
17
36
27
-32
119
25
3
0
-77
-28
-37
-59
-25
-59
44
-2
-23
-28
48
37
49
37
40
-20
45
65
18
3
-11
-27
-1
27
51
-28
-26
0
-79
-28
-17
12
-56
14
-39
29
-52
80
-27
125
12
34
-15
-24
-26
32
-66
14
50
-39
9
-72
39
15
69
-20
-47
-13
37
-73
17
-14
67
44
-50
-62
55
35
10
-29
-14
-1
114
-1
-71
43
53
49
-54
-27
-28
-5
-10
-52
-17
39
73
-56
44
-27
-92
-1
-38
38
-7
-24
-20
-19
30
9
-99
43
89
-39
67
-32
10
-34
23
-31
13
78
-1
-29
-18
-92
78
-34
33
5
68
19
36
121
-4
43
-44
49
-7
17
-57
-23
-1
-32
72
-53
52
16
48
10
109
19
87
2
-78
-42
-7
17
-10
-1
-3
-1
34
38
-24
3
-36
3
-3
-38
-4
-71
-33
-25
93
-1
-36
17
-12
-24
-51
28
31
35
12
26
14
-56
-19
78
22
-62
-202
53
13
20
-41
125
-7
-2
51
-25
4
4
44
38
-11
-43
62
79
-7
28
-48
-19
57
-62
-5
32
8
27
-53
0
-9
9
-51
-2
-2
-10
-13
84
-62
100
-63
-97
21
-1
24
63
7
-14
-13
90
5
9
22
-176
86
-21
39
-11
-52
-50
-26
-7
-28
-75
39
-49
-34
-48
-14
2
-40
33
10
-2
-45
-2
-37
-31
-55
-22
-18
44
-15
-68
-27
67
-141
14
9
7
-7
103
-25
-21
46
14
-8
-44
14
83
11
-17
19
-108
-36
-38
5
-31
-3
-68
-64
-55
-10
20
-37
44
33
-20
1
2
49
14
0
-20
-23
-33
-36
44
-39
8
-4
-36
14
6
-3
86
-57
-47
23
30
3
23
-39
46
15
99
28
15
-20
22
-10
-6
51
-16
-23
-30
1
30
47
-65
21
-49
-41
1
27
27
-56
-3
57
-54
44
-2
46
-71
39
17
-83
-20
-2
45
48
78
-58
-9
-37
28
93
-26
-18
-50
-10
65
-1
37
-91
-11
-7
10
7
-78
-7
-8
-31
-23
-36
-67
-38
30
55
-10
-17
-23
25
-153
-45
37
-37
-18
27
34
4
-1
-1
-59
-15
4
-9
-104
21
18
-135
-70
34
-28
-15
-64
28
-12
14
73
45
28
10
-16
-46
-7
-43
-11
7
92
41
-17
-21
5
75
7
79
-8
56
93
7
50
-26
-38
-7
39
-1
-33
19
-16
-41
-47
-25
0
0
87
-50
17
-31
12
5
-53
27
-28
-11
28
-30
66
7
-28
-25
-45
4
-12
61
-59
-8
80
47
-20
-17
8
-52
50
40
42
61
31
57
-31
-28
-95
19
34
16
21
-27
-37
-26
59
-31
-21
51
20
-32
35
-19
3
-46
24
30
18
3
-58
13
-17
-182
-40
-62
-41
-17
61
16
-2
-92
88
-44
-58
34
-1
-44
-18
111
-26
37
12
77
-6
-2
1
-64
-34
-30
93
68
2
23
0
64
-24
-28
-17
24
-2
30
3
68
20
5
-5
31
17
9
-27
59
52
1
-16
29
-37
-25
-23
-1
-12
-30
30
-25
19
10
-69
-59
-1
7
-37
-87
16
12
-34
-76
16
-32
-10
48
-25
4
16
-21
-32
-20
-4
-18
-20
34
-53
13
-68
-1
-33
18
-19
15
-7
-58
42
53
53
62
-28
-3
11
13
-2
69
-6
7
-41
8
-56
-31
13
-31
-12
-21
-40
-9
-15
-66
-62
-4
33
8
-10
72
-56
3
-65
20
12
32
-31
30
-3
41
-46
27
54
-1
19
-4
13
-23
3
-42
-4
-3
38
34
53
-64
-17
20
-16
-41
-40
-51
25
26
-33
-23
-11
-24
72
23
-20
-38
62
32
42
-37
44
-31
-54
-29
-35
11
-49
-13
34
-9
55
27
66
-49
14
11
37
40
-23
14
7
-29
-29
12
34
-37
97
-68
44
17
-16
14
30
73
-30
3
81
-15
57
8
10
59
20
62
74
31
13
-31
14
-73
4
-27
7
6
38
-56
-24
-52
71
-63
61
-43
29
-28
-41
58
-13
0
58
107
-9
-20
1
41
-63
30
22
6
8
-4
81
-51
16
43
92
-22
3
-17
37
73
7
48
19
28
-36
-29
-1
-42
74
58
28
3
-47
-53
59
23
-36
56
115
-34
2
-72
-17
140
-12
74
-12
-77
-9
2
-7
49
-11
-8
-51
-44
-25
-17
80
-31
-28
54
-34
22
-21
-11
-44
86
21
-63
-53
66
23
19
-67
-54
8
69
-28
-32
-49
-7
92
-135
-48
-42
-25
-55
-52
53
79
-36
10
27
36
15
13
-41
-62
2
42
-38
-11
-65
-16
21
-57
5
44
-22
40
-3
59
-104
-60
77
-7
-25
-37
-49
40
65
-36
2
-15
-17
34
18
-29
-5
3
61
-49
43
-49
-17
0
-9
82
-1
-50
28
33
-3
30
-18
29
-11
-2
-5
-42
-29
9
15
35
27
29
3
33
88
93
65
-66
39
16
-51
36
46
62
48
-40
-45
32
-12
-55
-61
30
20
32
-25
11
-12
-80
15
-1
-13
-26
54
23
81
16
-43
13
-31
-16
31
-13
-11
-19
-43
-15
-33
70
-43
2
1
-35
-49
26
40
45
-2
8
-38
13
11
0
53
-63
14
69
-4
80
27
56
6
-11
-28
-93
57
-34
23
-14
-27
-22
39
34
-47
2
-41
1
-20
-4
74
-7
35
-19
25
25
-12
-42
32
-27
40
-25
-5
-1
59
-71
-64
-26
-34
32
46
-3
1
-37
55
-5
24
-23
-28
-2
-2
-37
91
67
-44
62
-27
1
-102
-25
42
29
-7
-3
-3
2
-8
-24
54
-97
19
2
15
72
24
-15
29
57
-25
-24
-55
-49
35
27
31
29
39
34
-55
62
82
-1
49
56
49
-5
13
74
-20
-27
-44
-21
23
134
27
-18
-85
3
35
31
35
-36
37
13
-11
-38
68
71
-6
99
12
84
-2
27
-23
-57
33
15
10
53
-77
87
-44
29
-18
-27
13
-15
-79
35
-9
-7
-41
-37
-41
-10
29
32
25
-58
-44
-11
-20
44
-25
11
-11
-59
-31
45
14
11
62
-8
-34
27
-4
-7
-42
-1
111
5
87
8
20
-4
-39
35
2
-71
-45
27
-38
-25
35
-66
32
11
19
-48
6
130
-27
33
-2
-20
-98
-30
-11
18
41
34
-6
83
55
-97
2
6
-23
-49
-33
7
9
-32
-30
7
-12
-10
-1
-12
-1
-38
15
-77
-33
-46
-21
24
18
39
5
9
36
-26
-8
17
-6
-6
-14
21
-9
-21
-18
32
-7
8
21
-24
-19
40
18
14
-25
-13
12
-38
-15
56
-28
-74
6
13
77
-74
-33
-2
6
-31
23
-13
36
63
37
-75
25
12
-53
89
-43
-35
61
-66
-20
-90
51
40
9
14
67
-83
-16
-27
56
-3
4
31
81
51
-37
24
31
-16
65
0
-48
35
3
-3
-1
31
0
101
35
-24
3
-6
12
56
57
-38
-23
-29
67
9
2
-59
15
-19
36
-21
-26
-44
89
-44
51
-88
-75
-33
13
7
-20
-12
1
-2
-4
-66
1
7
-8
-42
85
-31
-51
-70
-19
1
47
30
-14
-71
-11
-64
17
160
-60
22
2
-1
1
61
42
-8
-23
-14
24
-12
51
-25
68
15
-51
62
-37
-75
37
1
-13
20
103
130
-2
-7
56
42
20
-6
-70
-42
-25
-45
32
27
-16
-13
-48
33
10
-2
0
32
19
32
-50
35
-53
33
11
68
-36
-40
-18
-13
36
-59
-27
-16
-31
13
4
-7
-13
119
52
15
30
-44
5
-7
13
15
-28
29
-12
97
20
53
89
67
-63
-23
-21
18
-52
57
-20
-26
-18
-16
10
-2
-94
-41
28
-53
-9
-21
8
81
51
28
-12
4
-44
0
12
-9
-58
28
-28
-9
15
-2
-26
-17
7
-13
-12
-56
-47
54
-59
-16
-8
-9
-34
-3
-22
-37
-21
12
10
38
28
-27
-80
51
-28
12
-82
6
-7
99
-40
58
-41
-60
-103
-1
3
32
38
-58
34
-32
3
-53
18
-18
-16
-35
-33
-44
2
-18
-17
6
35
98
-25
36
-50
32
-69
18
2
41
-18
11
-19
-24
-87
29
-26
-5
-88
76
72
-45
-17
17
-43
-78
23
-66
21
38
-73
13
57
-20
46
-35
-49
-30
74
-15
-5
-32
-1
12
19
14
-20
-38
5
-3
-31
-55
20
32
-58
-87
0
9
28
34
17
-12
-18
48
-58
45
63
14
-17
17
20
29
93
13
46
22
-13
-6
-40
50
-14
-10
-14
69
-3
34
-23
21
39
-5
-9
18
35
9
79
46
-20
-44
-7
-28
11
-18
-29
-17
-1
-21
27
-36
37
32
76
-1
-39
-3
-65
-20
-12
-9
-16
-3
48
-45
43
18
20
-1
23
-43
-30
-36
42
-1
-103
30
23
-46
56
-37
3
53
-8
86
-6
85
15
-58
-29
-32
-32
32
32
20
21
-47
11
10
29
27
33
19
34
3
-40
-35
31
-15
29
-53
-25
-22
-44
22
-12
62
12
-36
82
55
47
-36
33
79
52
-26
-17
-17
44
-55
1
11
-53
-6
5
-32
-8
24
3
-38
2
35
-28
-38
-39
-49
-54
-17
18
16
96
25
-42
7
-45
68
16
4
-37
-2
19
22
-73
-28
-41
-35
68
6
55
-13
60
-24
-18
34
-13
-44
39
-13
27
-49
36
-14
-68
-11
47
10
14
70
11
34
9
46
2
-9
81
4
-9
43
82
7
67
-16
-44
-66
7
55
64
-88
-2
-7
14
6
-69
64
-176
-55
10
-12
16
72
68
1
-40
22
6
57
21
-20
35
-8
-66
9
-38
46
-77
107
79
43
72
-1
-65
-66
27
-21
-28
-30
-17
-7
20
7
20
-25
102
10
12
-11
48
23
62
40
1
8
-17
-43
-30
12
-40
-44
46
20
-68
33
-26
-65
-39
9
-1
-33
21
-39
11
82
57
87
32
-38
83
-58
7
-29
-29
-1
-28
-9
27
-7
-62
22
85
66
-16
-29
6
-12
-49
39
40
23
14
23
56
8
-18
0
-72
10
33
27
-59
-13
1
-3
3
-63
32
130
29
-17
57
62
-27
-19
-53
107
-18
-37
-63
32
-25
86
-41
14
4
11
-11
40
-71
-27
-20
-30
39
-6
-155
-32
28
-153
24
8
-46
53
-19
19
5
12
-8
-40
-3
41
51
-28
29
-31
-44
-72
10
-23
55
30
-35
29
-50
-53
7
-115
-44
-15
18
11
28
8
-24
-16
-55
-19
123
-5
-41
-10
-2
9
60
3
-25
-22
109
64
-22
-92
-12
8
-17
-2
-2
90
35
-76
54
-44
-25
3
-23
14
-17
-23
-61
-8
45
-12
-69
-7
59
14
58
3
-5
-65
-12
-33
-40
44
-28
-19
-17
-1
35
6
-68
4
-37
39
-32
5
-11
-3
65
36
-4
-11
41
106
32
-91
-38
-43
-16
-8
-71
-33
-24
-32
-3
-82
27
9
9
-23
-16
53
-46
-47
-40
-31
-72
-31
111
-7
-15
114
44
31
-64
55
-18
41
5
109
17
-23
-2
4
-15
-21
-49
6
2
36
-41
43
-27
-33
28
7
-19
0
-49
57
-27
-34
-24
8
12
-29
48
32
46
26
9
18
29
-50
7
17
27
-11
-30
10
71
35
11
62
-91
33
22
45
-71
31
72
59
14
-39
-26
0
-22
-115
15
25
15
40
5
-24
48
-13
-8
-56
37
-56
49
53
-30
-25
-32
-70
1
74
-38
-3
-44
19
-23
-47
11
11
-1
54
56
-67
30
-40
45
-16
28
1
-45
21
3
-56
-6
-61
29
18
-60
6
29
20
-49
-15
22
7
-23
3
-6
41
2
31
15
18
-48
0
-38
4
-98
-15
9
-37
74
-69
13
49
-55
34
9
45
-45
32
22
-16
-12
-1
28
-30
-27
-43
16
-41
-31
-19
43
-9
82
28
75
0
-11
-25
-1
17
-18
-32
-67
67
22
46
-52
-59
1
21
-63
14
56
-23
6
8
-3
74
47
60
-59
-29
-59
-57
31
70
-27
122
-25
27
-22
32
-38
51
-31
30
23
11
23
-11
5
-11
-49
-31
-15
52
78
-7
14
18
-1
-153
67
5
-19
5
-42
72
-7
17
-40
37
26
9
-7
0
2
45
37
19
-56
-42
-40
-79
-141
-1
-11
-97
54
2
-40
-170
17
41
-1
33
-6
-65
-63
-14
-65
59
18
-7
-67
38
5
-3
-32
48
-95
-43
21
19
-33
-41
57
1
-79
-17
-41
-11
-63
36
11
1
46
19
-79
-57
28
-4
-46
22
61
12
-26
3
-40
19
10
-19
-14
19
-11
56
-42
48
45
85
97
9
59
-1
-43
31
8
0
-37
-29
-28
-33
-67
57
61
-39
0
17
18
-30
-53
-21
-34
-10
48
-65
60
-1
4
21
97
6
13
-6
30
-26
6
-39
18
-1
-63
-46
123
49
-39
80
26
5
89
-1
25
32
-61
-51
6
-41
56
-29
-58
29
-28
-1
14
-57
17
0
7
-48
-44
-15
-87
-29
11
-56
-6
-31
-21
53
13
-40
8
-24
26
21
2
82
-202
93
33
-13
-6
-37
-44
8
28
-2
-73
-14
6
14
76
17
-18
7
17
55
15
38
-1
36
-16
49
20
-47
70
89
80
11
0
14
-70
22
-37
-7
16
-16
4
1
-27
-32
-11
-40
50
-37
-88
-29
41
12
36
16
-35
74
-74
-53
-11
-9
30
-12
-101
-53
-34
1
-15
-38
-11
6
-30
20
19
-64
-41
13
23
40
-4
38
-69
72
-5
-33
-1
42
-43
23
30
-15
-16
-53
97
25
-77
3
-23
-2
-37
-15
51
1
-12
-18
-38
23
-16
-52
45
30
-10
-29
-56
8
3
29
-45
48
91
7
-65
59
-14
-34
-39
4
-8
7
35
-10
30
-20
63
-18
26
39
87
-34
-45
11
-1
-66
-35
-6
32
8
26
19
55
-51
-4
17
-8
-7
40
14
-25
6
6
-7
109
21
37
11
-18
3
6
-53
-21
55
9
-14
50
49
38
60
19
60
28
-48
-13
-55
-22
20
-68
2
-2
35
-22
-7
-36
11
-59
5
-9
-27
-64
-10
12
67
62
-45
8
4
57
55
-61
-31
14
77
-23
-24
43
8
-33
18
-30
-4
-70
41
-20
4
-58
-56
-52
-34
51
31
59
-12
28
-81
-26
-51
36
32
-6
-54
46
-29
35
50
30
2
57
-26
-28
-7
-5
-63
15
133
153
17
68
71
-7
-13
51
7
8
-25
-24
-13
63
-34
-22
22
-24
-38
69
129
90
13
78
13
59
63
-92
-34
28
44
-21
-10
-38
43
33
58
35
47
56
-33
61
28
3
-12
18
-12
-1
75
87
10
64
-63
82
-19
-28
-13
20
22
4
13
68
56
-22
-2
-39
-18
-37
-25
6
13
-44
-49
20
-14
-15
-17
43
-18
-30
-9
-50
14
40
33
14
-6
-74
-24
-16
-56
-19
-96
2
45
20
-62
14
12
-8
15
-18
21
26
-11
25
0
9
0
-131
50
-47
34
-50
41
27
-20
29
-46
51
-20
-27
27
-59
-60
17
79
-20
-49
-53
68
21
27
-22
-14
-57
-27
0
45
-59
-77
56
9
-15
-58
3
-9
30
-4
42
-34
-31
7
34
-12
-66
-28
-28
58
-27
-26
109
30
-72
-25
-19
27
21
67
-15
33
68
33
-1
3
-4
65
-31
-28
-25
44
61
21
-50
-4
61
-98
32
7
25
51
-18
-60
-74
-78
-12
-34
6
34
-27
-33
-91
-60
91
-2
37
27
14
50
35
45
26
8
-68
-3
19
-13
49
91
-40
-12
-13
7
5
-7
62
34
-34
34
7
-29
-40
-38
67
-67
-29
-61
25
27
147
-5
64
-51
-46
47
18
-1
34
17
-19
45
18
-11
-18
-39
-31
-42
-31
67
-64
31
80
-41
-10
5
-62
45
-87
-28
1
21
55
-29
-20
-59
-33
-33
1
41
-14
10
33
35
20
-26
22
-39
-46
93
96
-24
10
-26
5
-34
-40
-27
13
71
92
27
14
-80
91
-10
4
-10
-1
-20
29
27
48
17
47
23
7
-66
-21
1
66
15
21
-12
-83
59
48
17
66
-36
17
-67
15
-19
24
6
-39
134
-65
-74
46
34
38
-5
-9
-7
20
37
13
85
-20
-29
43
-7
39
-35
-1
0
19
-20
35
17
1
-35
-21
35
65
-15
3
39
7
-45
57
-18
15
44
-30
77
-44
50
3
-13
8
-47
33
21
7
-2
-29
7
35
33
38
-2
36
-9
-41
27
-16
21
-5
35
8
-4
-46
11
-1
-111
42
-49
-11
14
-8
-18
18
36
-28
49
2
34
14
48
29
-38
-28
52
19
-1
52
-51
-58
13
103
24
28
-12
18
-40
-4
-44
37
-31
-28
-33
-12
-45
13
35
50
17
29
23
-17
-58
9
12
12
-10
-74
9
20
-27
-18
-33
77
25
-8
-17
42
43
92
17
8
-45
9
-27
-20
-37
-10
-8
-22
64
49
64
-50
45
15
19
-35
59
17
18
-56
87
30
-71
60
26
-6
-9
-5
-1
21
13
49
124
15
-22
-15
-52
-42
-68
-40
-45
-47
57
31
61
1
-3
-26
-12
26
32
-5
34
17
-1
-57
-58
33
-1
37
14
49
48
16
-49
-29
-18
-127
-22
-1
70
-78
62
10
43
62
-20
-26
79
28
-30
4
13
-6
17
-42
67
25
3
-27
-19
42
-23
67
-57
-40
-5
24
36
29
30
67
-50
-14
-12
1
-35
-48
-86
-31
10
-48
31
-1
17
31
-7
17
94
15
-75
-30
-10
40
-29
72
4
23
-22
-41
1
80
41
-48
43
-27
80
49
2
-27
2
-22
15
5
36
-50
-3
-43
-12
15
-62
-13
1
-3
-44
-32
57
10
20
-24
10
43
-38
2
-18
-92
-15
-28
-63
6
11
-35
-43
-6
28
30
102
-1
29
58
-12
29
-50
-8
30
-37
98
25
35
36
-31
-7
-3
-38
61
11
-38
-36
20
30
15
-20
56
3
22
31
22
-40
28
-32
38
19
-11
-14
-10
-27
-2
37
56
-7
47
-17
-12
-11
88
-28
-52
9
-7
41
45
-23
49
-1
24
26
-66
1
14
31
39
52
-12
16
-58
57
-1
-10
-40
37
26
59
58
-36
1
12
-8
-71
133
-25
81
-18
51
-80
30
-15
4
-19
0
26
78
0
25
-22
-18
69
-14
-30
-69
-11
33
-12
-12
4
-66
49
7
-41
-22
98
-37
0
23
-14
-26
72
-32
73
90
28
-29
-14
64
-29
13
82
-35
33
-10
55
69
-41
29
-17
16
22
28
10
15
37
64
-30
-55
7
-18
-62
69
-58
4
57
-4
10
0
15
-14
-5
12
-47
-72
-23
2
-151
93
-6
3
-24
12
19
63
27
61
-28
-24
-92
45
49
16
-51
4
8
-46
-6
62
11
-2
-42
6
-5
-30
-3
15
16
-36
-59
-28
-59
49
31
-22
11
33
5
-26
54
7
-36
-25
-47
15
-6
-50
74
-50
13
-21
43
29
29
26
25
11
11
9
32
55
28
-8
-20
-56
-40
23
93
56
44
32
-49
62
13
25
-7
64
-18
-65
-40
44
-51
-45
-9
-16
15
12
58
13
27
0
-28
55
-17
0
-10
-95
61
18
92
-49
92
-170
33
-64
-14
-46
-105
-16
40
-42
-72
-3
-7
84
-4
71
-68
-42
43
2
-10
11
-30
-27
16
-70
50
-28
14
-6
-37
13
-33
-1
-38
-30
-56
-58
43
81
4
-8
20
78
12
48
48
-19
-11
10
-27
-50
-28
-95
148
-43
11
9
-22
-1
-26
55
-6
36
16
-31
8
10
-33
-17
39
-9
32
-57
52
-21
51
-9
28
-40
-22
-56
-23
-10
-23
-1
43
-97
1
14
6
-42
2
88
32
56
27
46
60
22
61
-7
-75
-60
52
38
-29
11
-41
9
11
-62
-13
7
9
32
-16
22
-49
46
4
-42
-22
-53
1
84
-26
99
32
20
72
-39
-42
-81
21
-30
-52
-13
30
35
59
-18
40
-17
-32
-64
0
-49
-17
-8
39
23
-8
58
-39
-25
-7
13
-17
-67
20
-16
4
-47
53
25
-79
18
8
48
26
11
123
-5
-40
-9
-27
20
-37
2
2
-1
-49
-4
-15
20
34
-19
57
-23
50
-16
17
-12
24
-7
-1
-26
35
35
-53
5
-29
13
2
0
-21
-1
-6
36
73
-16
-29
-4
56
-4
-29
-95
36
33
7
38
5
-38
28
60
2
30
-26
18
8
98
-31
12
41
20
-21
48
13
66
20
-1
-20
-24
-59
45
-46
34
62
-8
-35
5
-16
-97
-30
6
-67
29
20
-3
19
54
71
1
20
38
-63
-16
28
-5
-19
74
-64
-35
1
50
-19
15
-40
17
-13
-80
-3
-18
40
-7
37
-21
-48
-11
-17
34
-33
2
34
-31
53
-54
-45
44
-43
23
35
13
68
37
-115
-1
-71
-9
-43
-44
-55
-38
49
38
59
-11
-2
-39
-42
-4
-39
28
-7
8
-16
-29
-34
-20
-38
-20
-28
3
77
-47
-99
-10
51
89
45
-48
19
14
-19
15
-4
-2
-39
78
93
10
20
-25
-20
-43
87
-61
2
-40
47
52
4
-19
16
-12
-25
14
17
-25
4
37
15
2
18
79
19
43
-20
-9
-32
-29
-22
-8
46
18
-72
-11
84
78
-12
68
-19
155
-202
8
4
-14
15
76
-31
-45
-78
-43
20
0
-53
36
27
-30
-18
-50
48
-53
-27
-46
73
-3
7
-60
-74
14
33
4
13
3
-35
-6
-9
15
-56
23
-7
25
25
-88
26
-182
-62
102
-22
-18
-39
2
18
-22
-8
-44
1
-31
10
-48
7
-57
58
-155
14
-127
75
-74
43
14
-8
23
-8
-56
16
-23
28
-12
-2
-28
72
-2
71
12
4
45
-75
-19
34
32
53
23
42
38
-2
-80
-41
134
-4
34
66
-1
-7
73
77
18
2
20
43
60
-13
-57
-11
-37
-59
7
4
75
-43
-37
55
-79
-35
-56
-34
-16
49
-6
1
-26
-22
-3
28
59
7
48
-36
50
-27
17
-33
-17
3
25
85
98
39
-26
-36
-14
-19
-7
-7
8
4
-39
-1
-8
24
-6
11
-59
0
-64
103
-22
-16
20
9
23
14
-66
29
0
-28
28
-37
21
32
14
0
9
-29
-14
-16
3
109
-32
-56
14
-35
-2
29
59
-21
11
-32
-43
-11
-37
-24
14
-35
-40
-9
16
9
6
-27
50
86
3
39
-11
55
-31
-9
-54
17
17
22
-30
-9
63
-56
27
147
14
-57
11
-40
-27
-17
17
33
-48
32
75
-51
-55
-52
153
13
-65
-54
14
75
20
1
-31
-20
-17
45
12
-39
-11
-40
-28
-42
-35
-12
-4
34
-23
12
-16
6
-97
-131
-63
26
-29
-2
53
-13
34
-33
-27
23
-15
31
-13
-12
27
58
14
-93
11
-17
-47
-36
3
38
82
10
9
10
17
-20
14
-13
-38
57
51
13
54
17
11
-41
0
23
-24
-33
-17
63
63
-63
7
-28
7
68
-23
-61
46
-59
10
15
0
41
-16
62
-28
47
3
-41
2
-7
-48
29
-28
-45
14
23
22
14
71
-1
30
-172
-14
-22
124
-68
64
-49
38
-4
91
35
58
-16
63
7
114
77
-4
-32
-29
-1
8
-56
29
14
37
10
-22
9
-27
2
41
24
-19
-10
-43
17
-74
-98
-19
28
54
27
65
-5
-2
14
55
62
-31
21
-38
-6
33
18
13
-17
57
23
-26
21
-39
-11
5
57
-16
-7
37
5
-27
19
46
26
21
-22
-6
7
32
-4
3
-3
-25
-65
-24
28
22
-43
-29
35
22
-10
-50
-4
23
-64
3
-29
-23
12
67
25
-67
-32
24
-9
11
18
-6
-77
-28
-12
-23
-73
63
102
26
0
46
37
-70
26
0
33
-10
29
65
61
8
-19
47
45
3
34
-79
-1
7
15
-11
-59
-40
-11
22
26
56
5
10
-7
18
29
97
-23
27
-7
54
6
-16
-15
-61
-58
-27
-9
63
-18
24
18
4
-5
20
-59
-34
27
7
14
-68
-25
0
4
85
2
52
-23
22
-22
-5
-12
-8
91
-47
24
111
4
25
14
-12
22
54
-53
-5
-50
1
-31
26
-38
-23
10
6
-49
-31
57
25
-55
1
-58
-29
3
-7
43
-53
21
41
-14
88
62
7
29
-22
22
37
-61
19
-23
50
21
-33
33
-8
-17
-66
31
14
-1
2
-42
68
-9
73
-1
-11
6
14
61
1
56
-26
-43
-7
23
3
-45
19
1
-24
-61
39
-57
-23
44
-27
-46
8
-24
22
45
22
-2
42
-66
-75
-39
74
12
32
0
62
-31
26
63
-24
-3
-41
21
-44
-18
71
35
-38
40
-77
-57
68
-47
19
-39
-23
-6
-7
-35
-64
-45
56
-9
22
-36
51
-26
16
13
34
20
-93
-7
22
-11
17
-40
86
-22
-50
-36
65
-5
16
47
-16
-49
-28
-31
-28
-16
-83
-53
-43
-36
-20
41
-22
34
51
35
0
-10
-16
-29
-50
23
76
-45
37
-13
-26
-7
20
-16
-29
-56
-11
39
-24
75
-13
-35
16
-15
39
-3
14
11
-35
65
16
-16
30
32
16
24
4
23
-33
-2
-68
-7
23
44
4
-38
56
-25
-27
71
-3
-3
-11
9
-63
40
28
-25
45
-26
77
52
6
0
-3
3
-47
30
-54
-11
69
-34
24
2
19
-45
63
-69
-3
23
53
28
-2
-3
23
-10
16
-8
49
-25
-17
-1
122
39
42
-28
18
-43
-47
48
59
44
4
-9
-19
-9
-8
-19
-12
15
-83
58
-69
2
25
39
-9
-47
-28
-45
-83
-50
-7
-25
65
-47
76
15
-16
2
57
6
89
88
-73
-153
17
-39
-46
-71
-33
-54
11
30
17
14
3
7
3
-41
-78
129
41
-44
123
-71
166
9
4
-19
-8
-13
5
-1
-53
16
47
51
56
-9
-7
0
-31
67
26
-8
2
15
-59
-21
-59
-10
-45
49
28
4
24
0
-48
27
-22
65
36
5
50
-77
23
3
-9
-29
89
-35
-23
4
2
20
-25
2
14
-38
27
77
-47
24
39
-65
168
39
-81
-29
-3
-51
-72
61
-27
41
19
55
64
7
78
-13
0
-45
-7
-34
-49
-39
-71
-19
66
-40
-58
61
-43
10
-22
-31
-15
-34
39
37
28
42
-14
-32
0
-23
-55
-21
12
6
-49
-62
-79
-33
34
17
37
17
21
8
-41
-3
51
-35
24
15
11
29
-7
59
40
-4
0
-28
12
-62
34
84
-22
8
11
-36
-1
70
-21
-65
48
-51
0
6
-33
-10
26
-2
-8
2
-28
6
-35
28
4
-26
93
-36
36
55
26
125
-34
91
28
-66
7
-60
10
-3
21
14
55
27
-34
36
-23
-15
1
72
-32
13
-28
-12
-52
-65
69
-51
29
42
5
52
26
-29
55
4
17
33
-63
11
-29
-9
-8
9
3
-44
-33
-4
27
-36
4
19
-6
71
22
-49
-13
-7
-11
-94
8
2
57
-25
-78
20
44
-44
-85
26
-28
37
77
-7
72
-11
-56
-12
-42
-12
46
-96
-15
72
29
-12
49
-18
2
38
19
-10
-19
-1
-38
49
8
28
-15
-29
31
21
17
-41
13
-38
15
-8
0
-26
29
-21
-14
35
-51
-37
1
-20
14
15
8
-15
-27
72
2
-47
-27
-23
55
-13
39
-23
-6
28
-16
23
20
-25
25
75
-3
5
46
-8
0
-20
58
72
-23
29
39
66
15
-19
32
-23
-76
9
15
64
27
-51
-9
-44
-53
21
-9
9
-49
53
-9
-3
36
15
-40
10
-26
-43
42
72
62
-78
-8
5
26
50
29
-37
23
51
54
59
34
2
-54
-3
16
-20
16
-10
-17
25
-25
88
24
-11
-28
-71
65
73
81
-11
-14
-42
-56
72
-17
-28
-7
18
-5
50
-23
-1
-26
-15
-8
-43
-41
-29
35
89
-10
8
-42
-53
15
22
-45
-18
9
4
42
-23
1
-34
3
-1
32
67
-13
-21
38
-95
107
25
39
14
82
-9
-64
103
30
33
-13
19
17
13
-10
-48
6
71
-49
67
39
-2
-44
63
-23
-26
66
-1
-3
14
56
140
60
29
-46
27
91
-43
52
38
-4
32
-34
-1
50
17
4
50
69
23
-26
41
-19
-71
-87
-28
54
29
30
20
50
-11
18
2
-29
-21
13
42
-15
32
22
44
23
-10
-36
30
-5
13
-37
-60
44
-46
64
-19
10
51
20
33
32
54
-30
13
-31
-84
-34
97
16
-38
-33
30
100
34
3
-62
-34
-2
-72
49
25
-32
-79
-34
13
-74
5
18
22
9
17
-20
0
16
-46
5
7
-7
39
-6
-51
-49
