-4
82
-49
-231
-56
445
-177
446
-77
114
172
145
-43
-68
-9
-175
149
63
29
-54
348
151
-52
-38
314
-206
-11
50
24
197
24
-93
123
-102
-3
-120
152
368
-170
131
215
234
19
-48
-220
-240
50
63
-124
384
2
-107
0
-252
126
-199
99
257
35
320
-80
-9
-37
456
-133
-85
60
442
-73
-141
63
301
-53
228
-43
-144
-349
422
-218
325
-93
-228
-26
24
65
-45
54
-360
-28
29
-160
-99
-159
29
425
-352
264
-102
-37
34
-30
-59
56
70
-290
-15
-340
-34
-220
-283
370
165
94
-114
-142
337
103
82
26
160
-16
332
-234
-277
-35
-173
-365
74
-4
-23
47
-268
98
-222
-312
54
-68
-320
130
-54
-299
-62
67
115
102
224
384
43
-47
-127
-221
-124
-73
395
99
365
-1
-277
325
230
-134
-40
24
-150
76
247
10
29
-20
230
-29
-225
-32
368
-31
-50
-165
-95
-18
65
-219
6
371
21
37
-92
-344
-331
-29
-194
-34
-85
38
-295
281
-73
-117
-76
-85
455
466
19
-141
485
-152
257
-232
158
-263
-252
-198
244
349
230
332
-306
39
-215
8
-202
-198
37
-75
-282
89
39
-336
-77
-24
-186
-20
374
-14
-37
-316
56
128
-61
-211
-117
-23
-41
168
-174
188
215
-191
334
439
346
361
150
-130
-212
-294
-295
-157
-237
411
-24
-100
-56
-246
-264
-223
-305
127
41
-180
457
-198
-65
-259
-317
-119
33
-51
-264
-107
122
-128
102
101
43
221
139
94
67
-90
-198
-1
-167
-112
-108
-42
134
342
64
-116
-38
488
-177
53
-12
83
158
399
-70
44
20
-78
17
-19
-246
-208
-8
456
205
-26
446
4
-3
-65
12
-323
-6
-107
-109
93
-184
281
-160
-73
-16
-182
106
359
15
-26
432
120
57
-32
-20
5
-194
-326
-73
-332
39
-89
-52
50
199
-252
-135
-86
-54
149
-15
-27
14
-57
-22
27
424
-276
-172
170
-180
-22
-93
-127
-36
319
29
-128
-2
-153
-50
-339
-98
-146
293
-259
177
-314
-36
-265
-392
-303
-15
-211
-284
-44
-77
14
-55
-117
-338
344
303
-91
39
-84
135
71
-338
-1
76
64
145
-293
-3
-235
96
-56
-146
360
28
104
131
70
-111
51
116
119
-5
344
285
-131
-19
-75
-203
-346
-296
-38
-39
-256
6
11
45
-297
-359
85
-370
9
12
59
12
-348
-92
-165
197
19
-267
-26
-299
291
291
-152
-216
-279
198
-56
344
-135
-2
-160
-32
-77
360
-23
-217
-54
-43
-214
111
-37
-83
-67
304
70
-143
-22
-49
458
270
-23
-316
-214
-98
379
-106
136
-67
95
-109
165
-214
328
-19
109
221
250
-270
-205
-33
432
75
-136
-158
-9
203
-62
-77
21
-208
257
339
-63
-175
-28
-52
-278
-32
-230
224
62
380
425
-5
109
-285
-4
154
-12
-40
-170
-70
-318
-359
-170
-42
-25
-42
-247
-234
54
136
-168
-325
281
-128
-127
116
516
-41
264
-231
-245
-76
-48
-220
68
290
-13
-51
17
-38
-52
28
204
-106
432
293
-21
63
-272
-189
30
69
-338
-309
-241
463
277
-235
178
-201
-228
-118
85
83
-154
-45
158
29
-334
-153
-65
-41
4
-272
47
-3
-124
-146
-77
10
-8
7
-330
-165
-152
-185
-185
406
-18
-53
57
-82
-44
7
-321
-110
232
-323
-311
229
74
-153
339
-303
-92
429
-49
66
289
-242
99
-11
19
259
317
-150
-137
-229
-68
-121
24
228
24
-103
-418
191
-55
423
29
14
450
-33
395
-350
211
-82
5
345
15
-141
-20
5
-92
78
408
-269
-20
328
-334
-58
-136
-28
-49
-214
-69
179
-207
-127
-10
-208
442
-279
-181
68
-51
-255
-120
-30
421
234
392
-309
445
-54
-48
480
159
-282
-178
81
57
-39
-137
69
-120
24
75
460
239
159
-24
-61
-144
-122
-314
-290
450
-262
266
-106
-348
98
-160
-27
-64
-122
-314
-11
16
-342
211
244
-84
12
281
376
236
60
46
-6
273
87
-83
-225
0
-352
131
-189
-354
-349
-298
-69
-147
185
-389
-32
-26
213
85
-222
-209
-251
7
-69
-292
-142
20
-45
-158
-241
-28
-13
-133
376
61
-44
194
-33
172
12
99
-84
-63
-187
58
-33
-31
40
115
-44
-263
6
-43
-155
-195
-81
-75
205
21
-244
101
-340
-288
-241
-21
-256
372
24
-246
-251
60
11
-198
-122
-32
-317
-50
22
-40
-311
-70
-67
-65
17
-57
222
35
-53
-167
5
15
-194
-47
-64
-303
-26
167
-115
180
149
257
-226
99
-240
-115
-130
338
-44
-9
144
335
-7
-40
-89
182
-44
-159
-124
316
-119
-52
-43
-47
-1
30
142
-156
-311
416
-169
200
-98
225
21
-310
-39
-229
-136
-53
62
124
-175
38
190
247
-8
-291
410
11
-166
113
24
-28
-24
16
436
-55
-33
198
-62
-13
146
-119
-153
392
19
121
299
5
-275
-296
-42
190
-252
-203
-180
-183
-63
-21
53
-180
-124
-41
-184
-203
430
-111
-277
36
53
79
-45
155
-219
-42
2
-190
66
220
-229
-35
-218
162
-319
81
156
344
-342
-40
-35
-14
96
82
-272
326
-232
182
-12
406
166
57
-140
97
-165
-245
-190
-54
-366
-197
458
205
-194
-129
269
-61
-139
-32
-152
-275
-27
-320
-69
-18
337
-285
353
75
73
-52
-197
259
-64
141
-70
76
212
-40
61
366
178
-53
68
-367
-238
-214
131
-31
121
-146
188
-64
-266
446
289
-105
-137
-211
-31
-64
-57
-360
18
128
54
171
-301
271
404
-67
271
-200
-25
1
-95
-347
-202
-289
-19
-89
406
-170
-32
368
-229
-356
46
235
181
-152
-48
88
45
-305
-70
-134
293
215
-41
-115
-77
-296
241
-146
335
261
399
-91
-160
-89
45
-45
-30
-120
-383
135
-30
-338
424
126
-119
150
-23
78
-254
-39
-219
-15
95
412
-100
-264
-98
-14
-198
-248
31
-199
-72
496
-39
61
-51
195
43
-48
442
-96
-93
-358
172
-268
-319
55
422
267
240
-327
-243
-215
89
-112
-114
-367
80
-290
48
375
-277
99
-117
-218
-260
11
-242
54
-253
231
-21
145
345
-43
-36
-26
-292
83
56
-82
144
-328
422
-107
-161
96
-150
33
-276
172
-183
-107
95
307
-215
-2
87
-115
433
125
188
-106
479
-139
70
-169
458
-327
-81
-30
108
-72
-220
-40
-207
-38
29
-122
-118
428
66
-313
350
-1
21
-116
131
185
132
-204
404
168
-82
52
358
75
8
-204
-122
4
-318
-21
-9
-79
-172
-92
-113
-65
-311
-168
463
218
-91
-162
35
55
-235
-54
257
-278
-84
-109
336
-255
463
-49
-339
102
90
18
106
-49
425
65
98
357
-22
-292
-69
-99
-30
410
311
-222
-23
15
-38
-187
48
245
-306
-333
-22
94
-90
-43
19
-325
2
217
-49
28
-299
-34
-51
-220
-5
47
-429
308
-170
235
-67
-96
-82
-351
-353
-113
62
-195
-122
-73
-37
187
-76
-369
-57
-234
354
116
15
42
113
220
-341
300
-106
-6
-3
-180
-105
49
-207
0
-33
109
60
383
28
-264
-8
162
-232
90
91
135
39
-128
1
67
-206
-82
-31
-308
-245
-204
-17
66
-188
264
153
-21
187
-9
-104
35
-178
-146
167
110
380
-100
331
60
-62
52
-28
103
-118
-152
-39
-311
75
-191
-28
-311
-27
-5
212
176
102
-234
-38
-187
432
248
-81
-235
-153
-353
154
-70
5
-33
11
-32
-210
-65
-203
189
108
-234
297
-303
-201
189
413
177
21
-58
-292
6
-22
-222
-26
-9
-93
-54
136
70
-12
-75
26
-221
-384
6
-146
-29
117
-60
20
35
220
-321
185
-32
-24
-152
288
-170
-6
198
-236
-32
362
32
-75
-279
-38
-18
-374
-266
4
103
111
-155
-235
247
237
-2
165
-80
39
-329
-185
282
-362
-166
-249
251
-119
-283
-15
-311
190
-49
-317
41
-73
52
-31
31
-316
162
-59
185
0
-275
-92
-34
-104
148
408
-212
-18
293
-75
287
48
25
-109
-251
-278
-180
-48
-128
-27
-315
297
198
117
-78
-324
-167
-32
37
94
-44
43
351
-23
-20
-55
-232
34
-116
22
-81
-26
-245
14
-61
0
21
15
-14
99
44
-84
-253
-69
14
-27
51
310
-84
61
-245
54
-53
-129
-230
187
1
-299
-250
-120
-75
197
-209
-251
-120
270
-31
-37
19
192
-33
-124
-257
-152
-18
-38
22
-14
97
-72
-197
-273
-274
71
-38
-301
-289
12
358
-178
42
152
-1
239
10
31
-67
346
-181
-273
-43
-8
137
429
-95
-325
-53
-149
361
-26
-72
-75
291
-342
-158
-244
-255
-80
433
15
435
386
-94
314
25
-287
3
-104
-27
129
-9
259
487
-259
54
-293
-1
39
-344
-295
-383
-74
-77
-85
296
-66
-48
220
-296
51
-284
-171
-275
-212
-314
73
28
83
-237
29
-159
-97
-8
254
142
43
-21
-82
-120
445
304
65
174
-80
-154
332
270
187
308
378
-45
-43
-47
87
-6
-238
-149
74
-111
-283
-273
-72
-333
196
187
-318
-364
296
-294
-98
19
101
28
-190
-229
-41
-6
28
-35
220
-21
87
-135
-48
461
68
224
-94
-221
-229
105
57
137
-7
299
-17
66
-22
-340
-115
189
292
293
-257
-52
-316
-47
-85
-157
71
231
11
-52
-315
472
-53
-56
-51
171
57
-212
-70
42
-84
-289
-168
39
-1
32
-69
-67
181
-232
-156
85
258
-119
-46
45
-106
68
-99
153
-6
-264
28
288
10
-197
-73
-177
53
-309
-15
86
-60
-341
-244
132
-34
-61
-315
-209
65
-74
51
70
6
63
-150
153
-80
393
14
173
6
247
-143
93
-51
37
-256
89
104
389
325
144
-331
181
223
361
-320
68
11
12
422
-36
-18
-99
-285
-49
-12
-5
40
294
91
223
48
188
-44
87
165
122
-195
-123
-53
-156
41
61
311
-121
-196
3
-26
60
205
10
-77
81
-245
-163
-50
-19
276
-104
-375
-144
-315
-86
56
-146
-64
15
-74
63
-254
-46
-96
-56
-298
-146
-211
198
-255
167
-212
-55
-80
-92
-333
99
270
-98
36
-92
50
250
-80
18
331
-305
-54
-105
29
555
253
-55
-39
-348
-140
-202
429
-10
179
-220
268
382
-20
-168
366
456
-366
344
113
-249
-126
-40
-195
14
-356
-9
16
301
-284
-77
65
-37
-48
-22
76
-312
-75
41
-204
-400
-76
-285
-43
-9
-282
126
264
17
218
-77
-1
-223
-264
72
161
-334
64
-47
-256
-364
-45
173
-108
-245
-83
-94
-164
294
-162
391
-344
-267
-383
50
51
54
-47
-332
315
31
241
164
-37
339
424
331
-285
-223
-84
-85
241
-170
386
-402
-2
90
-13
378
-25
-10
-20
-278
-276
394
-153
-10
-58
-53
412
225
164
-267
274
-337
-65
413
-373
29
-165
-89
-103
-54
-1
153
53
-208
-15
8
-230
57
103
52
30
69
314
162
17
227
56
-331
-150
-52
132
185
439
-9
168
-313
-130
-73
-48
-211
-177
22
-212
-40
69
-84
-263
-73
14
-27
4
-281
74
107
57
-21
-107
129
110
50
436
-54
306
-273
267
-244
77
-260
423
-52
-185
-143
132
-122
-292
-143
-324
153
187
-92
149
60
-223
182
384
-19
-300
-44
-349
5
157
-228
131
-83
-176
62
294
-355
-351
250
-103
14
-46
-36
29
178
-182
-199
371
-329
-247
-39
60
-163
-10
-266
185
-29
-384
-64
26
-262
269
-30
-24
-99
-342
256
-81
30
-43
-148
171
-99
-309
46
69
339
-43
-105
-20
-147
-110
368
50
404
1
479
215
299
-282
-105
44
-17
31
-309
-258
170
-27
28
2
260
210
478
243
198
299
-18
-323
554
-304
-72
-269
-324
128
-68
116
83
144
52
-332
-156
-117
131
119
-315
-29
4
-370
254
-134
239
-23
-255
-74
-30
-373
533
308
-48
-202
-337
57
-66
-149
-33
359
72
425
-118
-118
-164
-312
55
-153
-41
-23
-102
-45
-315
158
50
62
-27
-148
-157
85
-8
31
-29
78
-1
309
242
-12
29
488
26
-198
-56
327
-116
-301
-153
-74
15
-212
20
-33
-102
186
-38
211
161
-196
145
-308
472
298
63
-327
-228
-172
-14
315
380
-155
-311
-61
-125
-266
-345
-38
61
-81
65
57
-125
72
4
-368
-15
-265
-198
-127
-261
-352
-143
-182
63
-4
-158
91
-19
-249
-47
-234
86
-91
50
117
3
480
-23
57
57
12
-137
-285
-192
-226
-105
-289
60
-79
-14
-91
69
-27
48
-270
-207
-20
-257
336
-3
-297
58
-282
-46
-68
-69
384
-122
87
96
28
-242
56
2
156
-58
190
334
19
283
-128
-320
1
-331
151
374
-102
83
324
100
-306
-248
-32
12
210
-43
-158
104
121
-177
-41
-113
262
-12
-72
66
-91
-283
-284
-10
-329
-108
-39
207
-188
93
-206
-277
-173
-12
-37
72
72
160
-285
-103
163
-318
-137
0
198
-252
-90
-211
-310
40
-25
-23
-36
-190
-21
-98
-42
-14
-25
-347
92
-63
-80
84
109
86
-199
428
-195
49
-159
-153
458
141
-181
114
-24
-87
430
-54
42
136
25
-195
-45
-230
33
27
318
155
-39
0
60
-13
208
-176
-289
54
112
508
-65
52
-234
-91
-93
-160
23
-283
-80
-136
-11
9
-194
-66
-283
-24
-22
-266
-134
-159
-24
106
347
3
31
-115
-87
141
-86
132
-165
145
-199
-188
-82
217
174
33
-66
347
-26
458
-301
-290
-61
-83
-26
-71
51
-51
59
239
-182
-45
-158
-109
7
-55
3
152
202
-66
-16
370
77
185
98
-181
-289
-31
-230
201
247
-155
26
-326
-37
-62
-40
61
21
-248
-183
-300
-109
-18
-72
-37
-306
-111
-25
70
-79
-196
-11
-25
-182
308
9
-78
-81
28
272
95
-160
16
-341
-186
-115
-46
239
267
86
-10
-304
136
-213
-21
-23
-21
-21
456
-321
-215
-162
-19
-61
-336
-155
-292
72
-149
20
-122
33
-74
-222
-108
37
-222
-92
-384
-304
77
-229
-49
15
348
-216
44
-167
46
308
78
-256
58
-69
536
251
-287
-103
-161
-253
-188
-13
125
-28
-202
375
-130
-363
-402
412
141
-84
7
189
66
-87
462
-238
-156
-257
139
-112
-70
19
-112
-69
-305
50
291
3
40
-241
28
-303
-82
36
-209
-328
43
10
-95
-248
-264
-38
-73
-145
101
15
-80
86
-53
-82
70
167
-84
-229
11
-40
-23
209
-95
-38
-30
5
-66
82
-182
6
-17
-62
-8
-344
-252
-74
-47
15
-41
-76
239
-60
92
-145
-62
-366
-20
-297
13
44
-4
70
-89
51
-345
-215
122
-251
367
-192
144
-222
2
-181
264
382
-221
-11
-86
97
-123
331
14
-22
-307
132
-199
-115
-179
303
-61
-301
-92
-116
-123
-19
-45
-136
475
-210
-298
205
177
-2
-40
-39
330
248
140
472
206
102
-152
89
-21
-18
-124
-338
140
-178
-311
8
-342
399
-11
45
380
183
-81
-195
-9
156
-62
-245
-98
-331
-113
-177
42
-232
-88
-20
173
36
-242
53
-33
-64
-216
256
332
131
132
-211
210
-381
-59
361
-249
325
50
-210
-82
21
144
-210
213
59
461
153
120
86
-302
344
-15
178
-168
-35
83
-23
215
248
463
51
181
87
-265
-158
-344
-264
-231
-233
-279
-108
57
-90
35
-163
70
-79
-338
145
60
14
325
-99
26
405
276
236
310
24
77
59
-133
-9
69
-311
148
338
65
23
337
88
89
-49
5
-53
54
-133
-27
-268
-7
-246
48
-15
5
198
-241
-18
-140
-91
-269
-190
-328
-376
-301
-27
-318
-234
-199
-44
-303
348
-11
193
-28
4
-254
-251
128
446
447
-70
-79
160
-31
178
-228
328
-132
-45
-165
116
-58
189
100
340
-186
-269
-22
-11
-46
-229
-87
-210
12
-146
126
92
-97
27
384
-61
-324
84
-113
46
250
-96
36
197
-83
226
-100
428
127
-282
-1
-75
74
-7
-202
-223
282
61
-87
-141
-250
102
-94
-98
-29
-243
-277
-292
-177
261
95
79
-314
-243
-278
29
-70
160
-52
47
-198
-320
-268
411
-366
-260
-96
-187
496
43
-262
247
-102
21
-161
38
91
262
-88
61
-90
86
-113
-110
-56
410
-211
-43
58
421
-266
44
404
0
-144
63
-156
250
-197
39
88
-44
-87
-64
191
-123
-36
180
464
-89
-4
0
-63
-24
-37
341
-268
-85
-211
-129
53
-289
439
151
-75
101
289
-55
281
21
10
-9
456
-208
59
-206
87
27
46
5
332
128
-196
382
-180
-45
78
244
-160
0
-55
23
54
77
99
-104
-146
83
-108
-309
-98
-115
94
-124
-236
-74
-95
258
36
-201
-138
177
-127
110
294
-37
-167
54
52
-169
20
-200
94
-99
-213
340
-64
109
39
-15
-42
-44
-331
83
-36
-317
106
-9
55
-178
89
-321
37
-37
-7
-85
-378
-82
-330
63
-42
-243
170
164
-118
-4
282
-35
51
441
282
-100
193
-79
-179
211
7
34
19
-162
167
336
-64
315
-138
-100
-145
84
91
-277
-6
437
-1
74
508
-134
456
-68
-197
-142
383
72
320
37
-225
-196
-96
361
-17
-109
-39
-351
52
137
221
-91
133
-20
33
193
-294
-229
-93
-187
28
-64
-87
75
-95
-37
171
-159
-345
23
-18
-374
196
-64
-48
433
87
-266
-198
122
-39
-168
-255
50
-222
191
106
48
-52
285
-273
439
-214
-255
-2
170
371
-40
-37
444
-208
-55
-2
5
-122
12
-218
-60
129
96
-333
-51
-323
458
-112
82
-117
85
-35
-190
-238
198
83
-28
-199
32
-23
-162
-6
-300
-33
-261
-85
-16
-51
-57
-38
45
-96
166
-45
86
5
75
172
-34
46
-304
112
-27
-42
112
-145
30
-203
96
-101
280
14
111
-74
-60
1
285
27
-27
63
-3
44
-115
56
252
159
-98
86
38
114
-14
28
13
75
-107
-208
-256
39
417
-317
-263
-59
36
69
52
-70
-303
6
-15
-53
17
-285
83
402
-119
-294
43
34
-107
-155
-192
366
-61
194
68
-208
-110
-2
38
-51
487
135
-15
-303
-37
-34
233
445
141
-266
242
-80
-133
-42
-270
-17
-81
105
-100
-124
41
-47
-213
-240
-32
-118
-202
-145
375
-113
-264
-79
33
5
-383
236
-106
157
81
-250
134
-204
-218
-313
33
78
-25
242
326
284
28
180
-75
-159
-53
-282
186
228
87
-88
-323
-362
-311
99
380
-182
-44
197
438
163
-40
87
-115
-197
294
-39
-122
151
-317
-20
9
11
413
-178
81
-38
83
-230
-334
-87
-131
14
-43
329
85
-23
-26
290
-283
239
0
46
15
-22
-7
-277
-71
-38
-209
-168
-248
239
-133
104
125
-295
-319
-191
70
-61
151
-79
-90
101
17
91
-253
14
-156
-298
-254
109
236
376
-69
149
146
45
-1
-285
-2
-22
-96
-301
-91
-215
91
-278
-281
317
-305
-122
423
-285
40
2
198
336
-102
5
-153
291
-57
-3
-94
-133
-47
290
-181
285
59
-202
-256
-87
163
82
-234
-44
-107
116
-100
274
228
4
-266
-106
358
-4
-203
-2
282
49
56
-87
-253
-120
-67
-365
28
253
-172
78
454
-122
20
-47
26
-45
195
-35
-21
195
-35
-268
253
-42
81
-214
55
239
253
241
-238
193
-147
-145
-75
-270
-79
-221
382
-183
-9
317
-298
-342
156
-119
29
322
96
47
-12
180
-56
59
-105
96
-226
-114
21
-298
-134
-144
276
-289
-54
128
-19
-9
-202
-279
-152
-58
-65
-141
-33
-255
-136
-88
-41
46
-37
382
-277
-76
280
-208
-282
292
-211
-98
-318
-323
133
-226
3
8
-283
4
-267
229
-28
45
-34
70
198
-146
-18
110
-46
-352
-336
-21
53
-28
65
-39
74
56
45
-262
-9
-217
82
85
-313
-335
148
-91
-111
273
-93
-260
114
6
-108
54
-48
101
-321
-35
-38
-97
-262
-131
227
318
-98
-140
-21
-258
-180
136
281
-263
-215
-136
253
317
77
-275
27
-68
-85
25
-29
95
-216
-78
-133
123
65
-10
28
54
-206
-70
-102
-23
44
-214
-70
-77
77
-36
14
297
-41
-283
-8
-78
324
35
237
99
-232
-152
-175
-56
-136
148
63
-94
98
247
428
-69
272
-380
57
42
-90
-37
-62
-176
-170
430
145
-175
-112
-287
-32
288
-170
-98
-33
-48
35
-98
-325
-37
-203
44
185
-172
336
-43
-294
-15
-154
-205
-88
383
-160
485
227
-245
-62
-323
29
-319
435
-168
187
374
-15
-96
-93
152
-139
-112
-154
51
6
-73
-170
-14
-40
341
-150
97
21
-117
-55
304
-53
-309
-104
-38
-161
-77
-307
336
-226
1
-106
39
-241
-1
177
250
-237
439
-24
-218
-119
406
93
-75
144
-42
-132
-10
-191
-2
-10
370
-258
14
-184
-77
-7
510
-104
11
-190
68
-196
-96
-13
-268
-91
276
-32
36
1
-87
-215
314
285
-321
-19
-336
89
125
-11
276
-289
-168
-303
-197
-332
-70
-212
-215
200
43
-129
-32
-152
-203
368
-205
-302
-19
-97
39
22
-38
-24
89
253
-8
68
317
-52
-49
259
-30
-291
230
90
243
65
-8
35
-348
87
-108
367
132
-294
-61
-23
19
162
-44
-18
141
201
-36
-42
24
69
-65
-272
-29
-299
18
19
-81
12
103
54
-9
-185
-135
-4
-226
-236
-195
-109
-26
-121
137
-47
-107
-186
-25
177
-59
-151
-109
-36
27
-140
-203
235
315
-23
-131
85
-84
9
43
-38
153
23
177
-320
-320
95
-52
74
47
126
26
-156
441
-19
-235
-120
-176
-79
297
-65
26
-87
-9
-70
-25
-149
-91
63
-29
149
-205
16
53
11
112
-63
261
-280
45
68
14
-59
21
65
149
-51
-137
-20
-143
43
271
-45
4
-170
-89
428
-26
177
-83
-149
50
-113
217
-18
458
401
-71
197
-85
421
-128
39
-247
-215
-191
-134
-87
-11
-14
-67
52
-148
-16
-55
-53
-32
-62
-206
-258
401
-5
-40
13
-346
50
61
-237
-355
12
339
-46
-32
172
264
-158
-283
131
-344
-57
81
-49
132
-153
153
-303
-40
192
-30
216
-73
-106
-270
128
-30
258
277
-5
-37
95
-128
-49
-12
357
404
-315
-61
-4
12
-44
-272
40
36
21
211
9
384
-208
121
-233
89
94
-257
-112
91
74
-332
23
-1
56
-29
-27
-305
-23
-137
233
156
-23
109
-41
366
-176
-42
-355
2
-344
-47
18
9
18
-106
-237
-143
265
-156
3
-262
-246
149
371
-355
24
-34
-87
-334
181
-128
-205
-233
-35
-104
-80
-139
-23
57
-33
-141
-200
56
51
128
78
-76
-155
18
46
-320
510
-60
-136
9
-57
-313
430
-10
-124
85
80
-285
-329
51
100
-47
370
-25
-79
-29
-65
-169
64
-118
-31
-79
-12
-32
111
129
-143
260
-7
-68
-298
33
-95
-230
116
-93
-106
-4
93
-21
-86
-20
-79
400
-79
-165
-56
-93
-126
362
351
-83
266
41
286
-172
-128
243
111
-212
-30
99
-96
98
-23
139
-38
457
-336
-122
328
-83
-257
-145
257
-135
56
338
-39
-323
-239
-43
-100
-208
-64
390
235
57
-207
-16
36
66
146
22
35
171
-107
56
133
11
128
-73
-150
123
66
-211
-120
-216
-86
10
-344
-75
-368
-25
-78
222
212
-75
15
46
-33
-285
311
-43
336
375
103
-7
54
-184
167
-175
-352
294
314
-148
-78
103
-166
61
-185
-48
-81
-128
259
-262
63
147
41
-38
498
185
32
-105
332
-109
127
327
-278
110
373
285
325
-224
-29
-110
-2
-160
-240
-69
-107
-75
225
114
-126
-185
-283
-30
150
-186
-366
210
96
-134
164
41
-290
4
-212
-254
-77
-10
181
168
47
-123
311
-211
42
-113
-58
338
-37
-331
408
90
17
189
-44
-128
-330
-172
127
-181
-121
372
-165
228
60
-83
-18
10
-1
-320
-136
66
-149
-74
24
-45
282
428
103
-229
4
-303
-175
-72
-91
-206
-27
-25
-209
62
-73
-93
-122
423
263
68
-154
-54
-43
95
-61
82
-350
-113
-240
-253
-305
-185
50
-257
-222
-115
358
-65
-348
157
334
186
-13
40
-39
24
-46
-108
110
-52
61
310
-348
378
21
411
-77
-48
40
-106
322
-270
-6
-93
-189
-80
42
190
-221
-34
-38
-161
-14
1
-276
-161
11
-282
402
29
-45
82
67
411
-218
36
-252
181
-175
208
-123
77
-369
-209
-45
75
-191
-48
205
2
-136
-294
-19
204
-327
65
-66
-76
242
-323
229
-65
-78
-87
331
39
258
342
-109
58
-31
435
236
-95
-86
-370
-115
41
7
449
-73
-78
-11
-152
419
-186
-62
-9
306
-188
62
21
-319
-22
-261
446
-359
74
296
99
490
236
352
-176
-79
340
-192
24
-277
75
-392
422
286
357
4
-168
-276
-34
-112
42
136
-35
267
247
9
-346
9
126
128
1
252
-13
132
-67
-38
7
300
217
-39
-105
210
-40
-211
-178
-238
376
3
-303
10
-38
143
-119
-46
-45
76
421
482
-104
359
-80
259
433
50
250
54
57
-205
-10
-85
-355
-191
-59
-70
71
212
-86
-340
-60
123
-20
-124
-366
245
33
-175
-116
231
189
-75
-170
153
-170
-231
-22
-356
-108
58
482
-323
417
-157
11
-25
-120
-44
23
113
-208
-52
-254
-36
9
-78
-240
331
287
-62
-316
-85
31
-9
-150
-285
445
-252
-338
-118
-22
80
67
-122
109
88
-190
-222
-141
115
-46
-63
-318
-229
337
314
13
-6
-91
-50
-111
430
-315
-21
156
-145
-9
-3
-298
-238
-172
9
119
-218
-337
-43
4
-278
-62
282
87
-9
-26
68
-210
-307
-108
31
48
67
53
410
-43
70
396
-85
287
-120
-272
248
34
70
-107
85
49
-287
99
23
-238
71
133
-83
73
-92
-53
-76
-80
39
-86
-100
193
275
425
-95
202
-71
59
112
31
-313
97
-258
-38
-241
-373
112
-85
-29
-23
-64
350
-63
24
-362
336
294
449
-345
-56
-340
385
12
-60
389
-91
-311
205
-44
377
-73
24
-33
53
-144
-69
-194
19
-16
78
-44
402
62
-64
254
-46
11
-34
265
-141
-165
19
-384
101
42
-245
-92
-25
133
-50
218
-128
42
-244
421
101
164
-359
-368
-64
-296
127
-331
166
-77
536
-195
201
90
-58
96
-41
-47
170
-81
-253
18
106
-88
-56
-122
98
-108
-40
-159
-37
104
488
-239
-5
-133
-218
26
-301
30
-183
247
-270
-197
-204
301
37
80
-402
35
-45
-258
-211
357
-218
4
50
-315
48
2
-269
-222
187
-271
-146
-49
-48
-92
51
23
102
-109
276
-119
418
43
144
-156
66
80
-110
-118
-150
-299
3
60
-100
0
-95
-53
41
-73
-35
85
-67
-55
-185
7
250
25
-67
-363
-144
458
-61
53
-154
57
-285
-29
94
-2
367
55
-135
-19
-54
429
208
-67
-217
3
-36
-11
-293
-40
119
-90
-264
-294
18
291
-115
-40
-179
89
-37
-94
-170
-146
64
-15
97
-22
261
230
173
-315
33
-227
309
-338
68
-91
191
-259
-87
-42
-58
-112
-69
10
415
456
-314
-65
-364
-87
-336
145
-33
-89
-31
-116
45
-98
-299
-71
-231
-351
51
-389
14
365
11
144
56
-6
-188
-37
-102
337
36
-84
142
-80
22
104
350
-348
253
207
-271
-80
-16
40
87
-353
-218
89
-91
179
-183
276
-133
141
85
205
-161
-198
145
-241
-264
132
-238
-28
57
-21
447
25
-91
301
-86
137
-30
69
14
419
29
444
-319
44
-258
401
-301
-107
-336
-274
-86
-74
360
-135
174
-147
176
50
-92
-37
334
-52
-252
-159
300
121
126
-236
-314
-257
249
-342
-353
432
-48
-40
104
179
29
-301
-315
349
-340
-74
-195
-217
58
0
70
-123
-271
48
-202
198
-86
128
-24
29
-22
35
182
208
-227
-18
-232
117
-237
-186
131
182
-289
61
-312
-179
-71
-62
180
-140
-291
59
-322
67
29
-250
132
54
-176
-68
197
145
-103
245
43
-18
-31
423
-55
385
-196
170
276
17
456
34
259
-167
-159
-110
-344
367
-39
-187
55
-275
-107
77
198
-254
181
-178
-317
42
-330
-74
-9
72
-85
-18
-199
-315
-58
441
-234
231
74
-57
98
87
26
4
-39
-263
-89
-18
33
149
-49
13
-332
29
-211
17
260
-18
184
-145
-89
-81
-187
-83
-34
66
-50
123
166
105
194
-164
-114
-115
-39
96
-160
-73
-48
-48
-81
-185
102
4
-261
-56
201
-33
-180
-161
-235
-291
7
-176
262
-225
50
50
-14
-235
-119
54
108
-331
-126
-130
-181
-262
-58
56
-334
-45
388
-194
31
24
306
101
-103
19
117
-138
227
-186
-106
-279
328
-294
-211
264
205
231
-228
-200
-332
-73
-38
-142
-305
57
-37
457
23
92
-2
257
-290
-127
74
232
-113
-155
-305
-83
-324
339
-21
-400
-114
-72
-56
32
-55
-43
-374
-201
148
-59
-159
-206
-75
-66
119
-199
199
-249
-234
-283
-130
310
-218
299
131
-94
-41
-12
-112
-265
-332
-70
-49
-287
-26
106
300
-55
-161
-54
40
-154
271
-143
198
320
78
-188
-356
-13
-8
44
-16
-11
125
-103
-200
101
92
-21
-44
-141
38
-29
-35
-107
-92
-11
-52
59
-22
193
172
131
-125
104
-32
94
-48
173
216
27
-24
-195
39
-18
-98
76
339
-129
393
-36
83
-89
135
-17
60
-33
257
-16
-210
-22
-128
-122
-375
-63
-67
-285
-168
38
-305
-292
144
-300
-128
2
-175
-356
-7
-279
-219
326
45
-253
9
-168
126
-277
456
-86
345
-125
-56
-28
124
53
-152
-114
-152
-94
-40
69
32
-96
57
-234
-154
229
-21
-359
-5
200
-106
-43
13
-88
-168
184
42
388
-117
-53
-68
310
71
-213
-237
-195
150
-329
-91
-298
-228
-72
29
-49
259
247
95
-16
265
-78
61
28
208
-189
332
-314
123
-48
79
127
-28
31
407
-145
-19
-214
8
-40
-158
386
184
138
-29
-46
-2
-328
-245
-275
95
75
-178
-34
59
-25
437
25
-171
-75
95
-70
200
87
-184
144
-119
10
-236
46
-39
-70
-230
18
-128
-16
116
-100
50
-137
-25
-27
-226
-60
52
-75
-90
-77
-57
-14
181
-51
4
-40
87
-1
196
-277
-185
-46
300
140
412
442
32
-71
266
-168
-25
-186
-161
-20
384
127
-178
-275
-31
83
60
-42
215
263
-98
-207
-123
-58
-18
-175
421
379
-283
19
-148
-298
-41
-168
-87
-216
339
-180
11
249
-52
-299
-8
-41
157
-31
-202
19
-15
-41
-187
200
135
345
-246
-292
44
-4
-305
-330
-309
51
-59
-331
-258
-36
217
282
390
-289
-157
-289
-81
-171
-39
-128
-162
-239
37
8
300
-87
-178
2
-93
350
-173
328
74
26
-383
-77
-18
-381
449
-268
-78
-258
-5
-285
-293
-186
93
-58
-24
-43
360
157
-359
-192
-21
56
51
156
298
-283
57
-64
4
197
-230
-116
243
358
13
-183
204
-112
-96
-8
-255
43
117
-143
-51
200
-299
-211
-178
-291
-41
-11
-283
54
102
-27
-43
-42
41
492
99
-316
-348
6
-29
-63
-326
-87
-319
7
-247
-279
33
26
-112
-92
-128
-31
-35
-26
23
-127
-144
-8
69
151
403
197
78
-191
-249
-177
-27
-135
-217
-24
-211
21
-44
507
5
-23
210
-205
90
-55
-120
302
30
-173
-82
-92
57
-121
455
429
-26
36
147
-184
21
-80
-18
53
40
121
148
-77
319
-52
191
-168
254
-314
57
-199
-137
-263
-54
94
-63
-217
126
113
-95
-11
-291
-185
-81
55
224
131
-338
-73
126
-290
-28
-340
-1
386
-299
334
-333
-117
193
224
360
164
-159
425
6
-237
201
163
46
-24
-275
-200
-175
-184
-241
68
94
-259
-232
-170
-112
-83
57
382
-322
86
84
-142
-38
132
25
206
157
170
93
334
149
149
33
273
134
-21
-61
-179
-116
249
-17
-47
212
-246
-232
-305
194
40
13
77
-19
-238
4
-135
-108
82
-45
-264
-366
-104
200
-33
94
101
182
335
-348
16
-96
-251
53
379
-146
-142
62
331
174
72
72
279
435
-83
359
35
-279
-87
213
194
247
284
-170
-220
0
-35
260
-103
-44
-50
-79
150
-330
64
63
248
-185
-4
-210
-319
38
56
-3
-266
-58
158
59
-371
59
24
-4
437
-48
-91
211
-318
116
107
-43
294
-146
-262
-297
-289
291
-158
-291
-8
-88
160
202
-85
55
-40
369
-184
11
472
-55
81
483
-241
-21
127
90
-103
-55
-342
173
-82
-255
1
73
332
-33
128
-36
-380
-63
-10
75
57
-12
-103
5
-346
60
-57
-276
-206
-326
-110
36
-60
-220
-53
10
37
-72
160
-80
17
-176
324
-154
380
-123
269
-81
-116
-158
-293
-191
-58
342
-2
-152
191
-330
249
-13
-33
210
-75
-159
-46
-255
136
-172
231
136
-19
-233
-4
202
9
72
29
-19
-297
-339
-129
-28
94
-39
-221
-26
316
304
-70
-17
450
-28
416
109
-397
180
20
59
-28
392
5
-21
-285
289
-180
-45
376
-55
-99
-70
-75
-34
87
109
-309
114
-203
71
-126
-148
-349
1
171
-209
-261
147
-90
-72
78
-277
360
143
-326
-98
103
-305
-161
44
-197
-37
-133
19
-307
289
-91
-64
197
-89
-339
-261
401
-199
-108
367
0
-313
308
371
189
173
-23
