40
4
-139
-15
-16
37
-12
-8
-7
31
-12
-5
32
108
8
63
-39
83
26
-90
42
-23
-4
-6
-43
-56
10
-16
-5
80
0
-65
-43
-15
-11
-203
-31
31
-96
69
-35
-50
98
23
-44
26
-18
136
87
46
-48
-24
49
81
9
-4
-18
63
-9
18
-23
-24
-24
-1
37
-40
-91
-10
3
20
-12
4
81
-76
-6
36
-53
-45
-25
40
3
29
75
-30
-54
-75
-19
53
111
30
16
58
32
-30
-60
-32
25
-17
-33
21
-42
-22
23
-30
-6
-66
15
98
-17
-58
108
-38
19
-66
41
-77
-46
-7
-24
74
-51
24
35
23
-37
-25
-33
-72
14
-1
-23
-4
-16
-1
-58
18
-16
7
32
-15
46
-38
28
-7
5
48
0
-42
10
78
-6
10
25
13
-75
-24
25
-21
92
30
17
-11
-8
-76
-18
24
-32
17
17
84
8
1
4
4
-16
-83
-17
130
-92
-18
37
62
25
-55
19
56
-33
17
-19
24
21
-11
-97
77
119
34
-28
-43
58
-42
-50
-65
32
10
-8
-5
-10
-61
-56
-22
-28
45
51
10
-20
9
13
-9
-43
29
57
-35
-13
-13
3
2
63
20
-14
-102
75
-58
11
-8
60
57
62
-14
112
-6
40
-158
18
39
30
-14
14
107
-35
41
-6
8
0
68
-11
105
-13
-74
-13
2
14
3
106
-36
9
24
-29
21
19
20
-10
38
-23
1
-32
-26
3
57
6
58
-17
28
5
-7
-101
10
46
-74
-50
23
25
-3
48
36
-99
-16
12
119
8
-25
-96
21
-69
-37
72
-43
-35
72
27
-30
51
-49
-26
-97
26
-29
-24
31
27
-29
-4
-48
-31
14
4
-1
1
-2
4
-1
19
67
-56
-16
27
57
-51
-7
18
-22
-22
-44
17
27
5
50
-22
-32
-36
29
-22
6
-40
138
73
-41
-16
-6
-29
-5
-16
-30
-29
9
-8
27
67
81
-18
14
55
51
-5
8
1
8
-24
90
35
52
-54
-21
-15
61
42
-99
9
-7
-17
114
35
18
-10
-9
22
13
52
27
-19
1
85
24
64
-5
30
32
13
-4
-16
-5
7
63
-77
39
39
76
61
72
62
-1
-12
-90
-28
65
2
37
-22
14
33
14
-16
29
8
-16
-99
-74
-21
121
-15
-6
-7
-26
10
41
20
-34
-7
-58
28
-41
112
1
26
9
6
-11
-38
-11
4
-8
8
-59
-65
114
35
44
-88
-50
-77
-24
43
12
-3
34
80
-24
-47
-68
33
48
26
-7
-11
29
-90
-48
-36
11
-54
-18
51
24
-45
-22
50
-45
40
152
-22
-12
-29
34
83
-50
-25
21
-30
-30
0
-83
58
-3
27
-49
9
-15
79
79
-49
-56
44
98
29
-62
65
-28
-57
32
-75
13
-7
-110
92
-18
3
-39
-75
-7
4
-68
6
21
-9
83
51
-47
-99
4
-10
39
36
-10
9
10
-107
56
-73
-68
-3
33
2
-87
26
69
-2
44
8
-25
-39
-46
-35
13
-23
41
-36
-94
37
-29
16
0
17
4
-41
6
-53
-39
8
-55
-26
-71
-9
-12
-8
-27
78
102
37
41
10
60
-8
-6
46
-99
59
-4
5
-4
-7
-61
-43
97
-67
121
60
12
57
-77
36
-62
15
37
37
-6
-5
-44
20
19
-24
-31
17
26
41
36
-2
-16
20
55
46
1
-41
-16
-17
-7
-107
-196
-14
86
53
-5
31
-11
-16
-76
-43
-14
-115
55
-48
75
108
86
46
83
10
99
3
60
-12
41
22
65
-4
65
-20
78
-45
32
36
84
3
-8
63
20
-25
6
21
-40
50
-6
30
-29
63
60
-33
52
108
-25
12
-29
-88
41
5
-94
36
42
5
-42
32
-10
96
84
41
3
-2
50
23
9
10
17
-7
93
17
26
3
20
-11
40
52
-38
34
27
32
18
-31
-29
34
29
13
-35
4
-17
-21
39
28
-15
28
62
12
-86
-12
-19
-41
-34
-89
19
-32
1
-80
-91
-83
-63
-22
-41
-50
-51
-17
13
59
84
10
-29
38
-30
-57
6
44
92
140
-35
7
-42
23
17
3
-30
-12
34
74
-29
9
59
56
18
5
51
-10
42
-10
61
1
-46
-7
23
20
-3
54
-10
20
60
50
45
-22
-13
29
39
3
-63
27
-18
42
81
21
-17
3
-24
17
54
-20
-59
-57
-74
17
-69
-75
-22
9
-41
37
49
-20
20
20
-112
-75
98
5
11
-64
4
-25
-6
43
0
-46
27
-27
-34
-7
51
4
19
28
57
-54
0
-22
59
13
-87
39
5
35
-13
28
-12
25
49
55
-30
9
37
10
69
36
17
-37
27
-26
34
31
91
-81
17
-84
21
34
23
-55
-36
0
6
38
43
18
-64
83
34
-24
13
-11
-38
-37
-51
17
-32
92
-80
24
68
-25
39
68
22
25
36
11
18
-77
-33
35
54
21
-5
-44
22
-51
98
11
22
10
65
-12
9
-3
17
15
50
52
3
-30
-10
102
98
7
17
63
27
-32
-20
42
-43
7
64
49
9
-114
-2
-12
-5
-27
4
-15
19
10
-51
14
-7
-46
-10
-27
35
51
87
-6
14
106
19
14
-9
33
-11
0
-75
21
-16
-56
-64
-10
10
25
21
3
17
108
-18
-15
39
-2
25
-75
-35
6
-20
64
-33
27
49
91
73
41
-10
83
119
44
1
-40
-74
84
-3
37
-36
0
-3
-77
-44
37
-12
-31
54
17
75
27
-31
67
-64
86
1
-83
44
19
-56
-25
-48
-34
-73
98
-39
95
24
-12
-63
5
-8
136
-14
-21
-30
-12
41
101
20
16
41
-31
59
84
-94
33
-50
-47
65
0
-30
-13
9
-17
-23
2
8
62
39
-10
-49
-5
121
-47
53
4
-33
-2
-74
41
-12
-50
-28
36
21
80
63
-78
47
33
-2
128
-53
19
65
116
-67
5
-13
-97
74
-98
60
-7
3
-75
-7
82
-11
-60
6
20
85
-15
91
-27
14
-67
31
22
-12
8
-63
-16
49
55
33
-35
-80
75
10
35
58
27
84
-85
12
3
-61
-17
-26
-22
21
33
13
-83
41
21
71
-10
-64
22
118
-12
-16
44
102
23
-69
-27
14
-44
-100
25
26
76
46
73
45
50
-85
25
-57
16
46
95
42
96
99
13
-197
-94
-78
25
65
5
41
-9
-34
-15
-74
-47
96
-18
-6
8
-17
-46
103
51
-23
-8
75
79
-19
1
69
17
31
42
-1
-72
-50
75
11
-12
-63
6
-48
10
-7
63
-53
7
-35
8
47
33
48
36
107
35
-63
17
-4
-6
23
14
-28
1
-33
-17
37
-49
-12
41
-53
-33
140
-87
14
29
17
-20
51
85
91
2
59
-26
49
-15
40
-2
66
24
38
-42
-10
113
-5
20
-12
118
4
64
108
40
-5
3
-20
-45
-41
-18
41
-66
-53
-25
0
22
106
90
-8
-21
-63
12
-41
5
16
47
-35
18
37
9
29
35
-37
-87
16
83
-4
52
-30
-36
-123
16
31
38
89
-11
-54
-48
1
12
-16
42
17
-3
-47
-19
68
59
-54
-7
-75
-19
18
52
-64
87
-36
-1
-34
-19
-39
-18
-12
69
-17
20
-20
-13
82
67
31
83
-9
61
-3
-79
13
24
-25
-30
21
95
49
44
13
43
-52
-41
29
46
5
55
59
-22
30
20
84
-11
82
-31
-24
41
28
-31
56
72
71
50
-8
-29
-14
18
-41
22
31
4
-26
-3
-34
-19
12
2
-113
-11
-34
-6
-61
11
-19
39
-63
14
-45
-76
-77
-19
93
-93
62
8
90
-71
95
-47
-8
55
-39
71
25
4
-22
47
21
-48
-84
60
32
-21
-125
-21
47
69
-11
-54
-48
-87
40
84
-18
-22
-56
-31
17
-39
63
81
-38
-36
-65
5
-90
77
34
-10
-22
64
9
19
-100
12
-9
-43
-13
54
33
-58
61
-23
119
82
43
92
-25
8
27
40
-17
2
36
-11
37
-85
34
26
-21
53
-10
30
76
-50
-1
2
-27
24
-39
25
59
35
-12
96
-5
86
40
19
-16
-94
-9
-74
43
19
43
-22
21
23
19
74
-22
101
59
52
7
-123
-31
-8
9
-85
17
-55
-22
10
-20
-35
8
-44
-14
54
-56
104
-221
0
-55
-61
-34
50
-57
16
75
81
46
17
-72
108
33
107
-18
95
59
62
3
62
-2
-22
36
-29
21
-55
30
-19
51
-36
-9
-9
-18
-2
-25
75
62
51
33
-12
46
27
84
142
41
27
17
73
1
56
-36
96
3
21
-64
39
-29
-9
21
50
72
-35
8
62
-5
33
-1
-50
-86
8
51
-54
38
45
33
35
-34
-60
-19
-24
-74
34
10
120
-24
-60
-2
-45
53
35
-94
-65
52
1
-28
-94
-29
-1
0
91
3
-80
49
45
-209
-65
69
44
-63
-50
29
6
22
12
-8
46
-90
20
9
-73
-62
-32
7
59
5
-30
20
-40
17
-56
-40
28
-30
70
-61
-28
30
71
80
20
-40
-194
4
24
-33
-29
3
12
54
-37
21
1
5
-67
78
1
24
32
56
20
15
-12
-11
-20
-49
-6
83
-29
32
4
-83
25
82
-22
61
-44
32
-37
40
-34
84
-39
-30
-56
10
-41
-32
45
-13
-5
-139
55
23
-24
5
-10
42
3
68
21
-115
-32
-46
-73
4
69
16
-80
56
78
88
15
44
1
3
23
65
-93
79
132
34
29
84
-94
-13
25
80
-62
1
67
105
94
-39
0
26
32
-196
-18
71
-13
-23
55
135
-59
21
35
17
-2
-29
-22
20
82
-26
77
21
49
19
47
60
47
80
17
99
-45
29
-59
10
-7
-9
-107
142
33
24
-22
-9
7
40
27
108
9
19
-39
-11
69
-89
51
-11
-28
24
-28
42
-27
-20
27
-86
-35
105
50
13
-1
-72
-20
119
65
17
-99
24
19
-16
86
82
29
33
-7
39
35
-69
18
13
21
14
46
-98
11
8
-42
-59
-17
3
5
3
16
29
120
33
-8
68
13
-32
-50
-8
-54
80
86
-44
-25
-24
-17
103
46
-7
33
44
22
-23
-23
-17
8
-70
15
40
-37
65
43
-19
78
83
24
98
-17
17
-52
1
-57
8
20
-35
-14
-24
-35
51
3
79
29
-8
-54
47
-8
40
97
11
68
-29
-26
29
-23
26
-97
26
30
3
4
103
-38
-41
-67
45
10
-86
-24
-21
80
-73
4
-30
-11
-36
-47
39
-31
44
72
44
57
1
-13
-58
-69
13
-25
55
4
-33
-89
-102
-31
2
-64
126
12
-144
28
24
-23
-108
80
33
8
-5
31
22
-82
129
5
-67
-99
28
15
41
74
-24
51
-5
24
-69
8
11
-83
1
-97
6
-98
-9
-38
17
49
-5
-54
21
-54
-22
-39
-8
-2
-7
72
-32
50
43
22
-37
-71
-42
26
28
-12
108
-32
59
4
-5
-51
20
-64
29
-61
-29
8
15
50
5
-47
44
31
59
-11
48
84
-21
-52
56
77
67
70
56
-34
-49
4
-78
-47
-14
102
-36
6
47
-38
83
18
-29
30
6
-33
2
3
25
29
45
-59
92
-27
-16
-41
-9
102
-5
35
27
38
24
6
-33
-25
-14
40
-89
-26
40
-46
-47
-35
92
-16
-104
-67
74
14
18
32
-104
-18
44
10
78
-1
29
46
-23
-42
-10
34
-16
37
44
11
7
-97
11
105
-22
-23
51
-13
35
25
-89
-17
101
37
31
-16
70
26
-22
-70
84
-43
37
26
-29
-42
10
22
-2
-223
7
7
-15
-95
-12
-20
49
43
34
-24
-116
-89
6
-3
-53
88
14
-76
60
-25
50
-38
39
33
-20
-46
28
-116
-59
48
-1
38
37
42
56
25
-81
-33
-20
86
29
-37
-71
16
50
86
-49
12
-57
33
-41
50
-11
26
-29
57
5
17
-116
17
23
-48
21
0
18
-3
9
-6
16
23
69
-107
46
-15
8
28
7
32
65
27
24
-97
5
-38
45
19
26
53
21
-13
-48
113
-54
15
54
7
48
-12
-7
-11
-9
7
33
91
7
21
-65
125
-36
-124
-32
-3
62
12
-53
-59
-87
3
-19
53
-22
35
49
-35
47
-4
-76
85
49
78
-30
-10
-83
19
19
43
57
-41
-3
-9
-67
65
-37
-28
-9
-22
-33
85
-18
64
119
-102
32
9
-22
34
2
-4
-26
17
5
-46
4
-1
-25
-24
14
-3
-39
61
37
-69
-41
-18
-55
-30
-17
44
19
-22
-67
-28
-31
40
95
51
-116
16
-54
-68
-12
-12
59
-13
-47
-30
67
97
-22
-58
41
22
33
-20
-35
-63
4
11
-5
62
-2
-30
45
-32
-12
84
94
29
3
24
22
-50
-41
42
70
-16
-41
87
-14
39
38
5
-41
13
51
-15
23
55
39
-38
-14
0
-34
-32
-19
-31
-82
52
8
18
51
-74
12
-34
-197
6
117
24
74
3
23
8
32
-61
-69
-82
21
-26
-27
95
13
-20
-56
1
-8
-36
70
-17
-28
-33
9
-12
-13
15
11
-62
-44
-12
-13
96
-145
-221
17
-21
-15
45
11
4
11
33
-23
35
29
4
-7
-43
-101
-57
65
148
-70
-11
38
43
-61
89
-11
54
-27
-18
-34
38
-31
26
-54
31
31
-42
15
96
-29
14
-11
-71
42
-44
6
-30
8
48
11
-58
-34
24
-33
-1
4
-57
-18
98
-42
-59
62
-23
-37
57
9
13
37
-29
-24
37
0
-91
-38
-15
21
18
94
-30
-38
-73
29
-67
-12
-108
-38
-9
-5
-42
-2
-83
-26
-33
88
-8
47
-27
-28
56
-2
15
23
79
32
51
-52
-61
-29
-11
14
15
-5
57
39
-19
-32
84
45
-29
108
55
60
-30
106
-36
-19
-15
-29
25
21
76
-21
23
65
-9
-1
-37
18
17
9
-51
117
-41
-68
37
28
-179
-18
9
-10
-12
-42
31
-11
34
16
-8
62
-45
-31
-60
24
-28
-41
-11
22
31
-31
16
41
7
-21
98
-14
4
-12
48
-76
-29
-31
-17
32
-21
-5
18
-1
13
-51
29
32
54
34
2
31
11
-27
-8
13
75
55
-19
22
14
45
4
-3
-23
-51
39
91
-30
-116
71
71
-21
48
-66
-10
35
54
-3
-32
-29
46
-40
24
-42
-7
-50
10
-29
44
6
-42
-22
-15
45
-52
-53
0
-43
14
-62
55
11
45
52
-66
-35
-44
-75
30
-25
-73
-49
95
-38
-168
89
21
-14
-7
10
-48
43
-22
72
28
1
0
-1
-3
21
-65
-76
-29
-12
-46
113
43
-63
9
15
8
51
-40
23
-78
-52
12
-36
30
32
60
-14
64
58
-24
36
128
-56
11
91
10
17
76
20
59
4
-6
49
-63
-42
16
30
102
3
-43
-41
36
58
38
-35
28
7
35
-106
-11
-3
-72
-54
-154
-22
23
-15
31
98
-57
27
17
65
-41
17
65
74
35
49
22
-15
-59
25
-36
-13
46
12
21
100
3
49
12
-21
12
10
74
3
-55
0
-63
37
-76
12
67
11
8
-32
-30
7
-44
-89
9
11
77
5
59
-68
13
86
47
-223
-39
98
-69
38
58
7
-54
14
-19
-9
29
56
-55
88
-2
-52
39
-42
31
30
99
-17
-1
-2
33
45
83
56
4
-20
16
21
-18
-24
15
10
26
22
-11
64
-5
30
49
68
70
-7
-8
-56
-36
86
96
-26
-17
-65
113
40
5
107
84
36
-27
-24
37
25
-24
1
22
-58
22
49
-89
41
-16
-49
49
0
-57
33
-25
81
-24
36
-22
-17
-17
107
24
-65
-14
-38
-85
78
46
69
15
-11
58
79
-3
1
-179
115
-4
-113
4
-17
77
36
17
4
-69
-120
84
-77
-46
19
-38
-44
0
-46
-50
-26
61
58
38
55
-31
0
35
25
-13
-23
134
65
20
-29
-1
1
43
-158
63
113
-9
22
-20
-8
120
25
10
65
-9
-28
37
58
-28
93
-66
9
44
-35
11
-40
-24
-6
17
41
6
-19
-47
-41
-16
30
-43
108
83
91
-62
-45
-26
79
-9
-26
34
-3
-60
10
0
29
-30
-26
-59
109
-30
-81
14
14
63
4
4
9
-50
-13
-42
2
-49
54
117
14
120
67
27
57
-48
-82
101
27
4
102
57
13
-13
34
-43
44
-22
50
18
-10
25
9
-43
36
-38
5
18
22
-2
61
39
-25
60
-58
20
46
94
57
45
-90
38
53
-27
-2
75
42
-39
39
-43
6
69
5
1
49
55
41
33
65
-33
-53
-26
41
2
-23
42
86
89
-5
-40
42
-5
4
65
-78
50
40
32
58
58
-86
-13
9
-45
-37
27
-27
-56
-25
28
29
43
62
110
42
-13
-131
23
-12
95
-17
20
-61
64
67
41
-22
-50
-56
77
15
80
0
-33
-31
-52
44
-5
-24
-56
-47
54
40
-65
-7
17
69
-5
-52
15
69
21
-64
-22
54
-83
-75
-57
-21
-48
-28
89
22
26
-62
9
-21
-14
73
-85
-17
41
16
-15
26
28
-59
-2
33
48
-4
40
128
17
32
-22
25
58
-21
41
-28
69
-32
-11
-4
84
-85
26
10
-147
51
77
-2
-61
26
34
20
30
40
79
20
-3
-23
54
5
91
-25
45
100
31
-43
-40
49
40
-80
141
-47
68
64
16
-15
57
-50
-42
-37
-7
-18
-62
-34
51
64
32
-59
-19
134
18
48
-10
0
64
75
-62
69
31
-45
37
-43
26
-47
40
130
5
-65
-64
22
60
141
5
27
-123
-22
-68
30
53
39
42
32
80
17
25
4
-34
44
45
45
-46
24
-38
-31
-17
-32
34
-11
51
69
47
-5
-17
-7
76
39
-62
3
-83
3
-12
52
101
89
-210
16
-16
92
25
62
4
-51
30
40
29
-36
-44
8
76
1
-11
31
49
42
85
-69
-54
-1
8
97
-70
-70
59
-20
5
24
9
-54
-22
-77
27
64
-8
22
21
11
-41
13
-52
-62
7
-26
-21
25
55
132
7
-84
18
35
-9
-47
70
-74
-34
26
-61
18
23
-46
54
26
-1
-71
107
35
-59
93
-46
-4
16
-120
58
27
-5
-89
104
40
-102
39
-24
25
-34
34
13
28
-10
-11
-55
-12
-108
19
3
-28
-45
-68
14
8
-18
-37
-40
92
57
17
-62
35
-38
21
28
6
-29
0
-15
-34
24
-43
-35
-2
-15
-37
-36
105
-58
26
51
-56
29
-41
-53
-9
72
-94
7
-47
107
-16
-34
-25
104
27
119
9
21
-28
83
-13
20
-2
30
74
49
63
96
3
26
-179
26
53
-26
-39
105
-120
-11
-5
7
-5
-24
-17
27
55
31
-11
-78
5
-13
14
4
3
17
37
17
30
57
-70
-53
-2
19
78
17
-38
10
13
-52
17
-17
9
27
57
17
31
43
-69
-40
-7
7
-87
-61
-35
31
-8
-47
-97
1
71
-20
32
8
16
93
37
-26
29
72
48
99
107
-8
13
81
-1
20
64
86
19
34
15
-28
48
26
10
45
22
-32
58
20
0
-47
4
44
-90
-66
21
55
76
-80
55
-30
89
33
125
29
-59
-32
-32
44
-3
41
3
86
-50
-5
88
-51
95
36
-11
18
4
-98
-50
8
58
13
-22
-79
-32
31
-4
18
24
20
-26
-99
12
6
-45
-20
14
98
72
-54
-31
26
34
78
42
-73
-61
-136
55
41
-62
-41
153
-4
17
-8
47
5
10
102
3
-66
73
87
63
37
19
-8
-29
-9
76
-22
32
30
-27
2
-66
10
27
17
-27
69
42
19
-22
-100
-27
45
23
15
-3
-83
26
-40
10
55
54
34
22
-34
-59
69
-32
42
24
-12
-183
-20
74
21
22
14
-8
15
-12
-16
-8
40
55
-45
91
24
-87
52
-3
7
129
27
33
37
10
3
-79
31
-51
-25
13
68
41
-85
9
-48
20
24
30
19
-2
35
14
39
48
-42
-1
101
-58
-1
-46
-18
-14
-68
17
-35
-104
-7
-26
57
15
11
-52
-63
-16
91
57
9
-20
-13
68
49
87
-31
36
-37
-1
-43
-65
-76
25
23
1
7
-63
26
14
-53
88
-51
28
36
32
-15
68
23
10
21
83
12
1
70
37
-29
56
44
33
4
-13
0
-16
6
3
11
-20
29
-34
35
-63
63
-12
-54
18
57
46
-65
42
-64
9
0
37
-21
-20
19
43
40
69
61
28
84
12
15
104
-33
0
41
-43
-18
2
-15
22
26
-54
15
-26
11
55
-23
25
30
62
14
-37
23
-57
-2
-57
14
-57
34
-43
-58
-27
-11
-2
91
18
-2
18
-205
24
49
4
18
-61
-61
1
-31
-21
23
4
-29
20
7
8
-18
4
2
-10
138
60
7
48
36
10
46
24
-39
-56
-4
96
13
-107
-44
-30
-30
-56
18
-3
-51
29
-14
-9
-31
86
-14
-34
35
-12
-78
-21
21
26
39
25
64
89
41
-59
-43
-21
-108
101
-146
22
-21
-38
11
9
113
-8
-79
-20
-15
69
-11
6
61
121
-55
86
-5
-8
57
-21
57
116
-25
58
70
0
92
10
20
19
-36
8
139
-62
5
32
-22
16
124
-73
-38
-14
-24
18
123
69
-15
85
-7
82
-36
85
-9
32
61
-18
-33
-24
-47
-29
31
-36
56
-67
107
-5
42
47
-50
-4
27
-49
-10
55
15
107
31
19
15
92
-5
-9
18
-62
77
16
-37
39
46
26
-20
24
-88
6
106
-69
-55
-20
22
13
-31
-15
25
-5
-56
5
69
1
6
21
-40
-21
69
-17
-1
-8
-56
-52
-84
9
18
-37
60
-16
-3
-94
54
-57
102
10
69
-22
-7
-2
110
-45
-94
1
87
-42
27
84
53
-71
-48
63
31
61
-41
-35
-71
58
-12
47
53
22
72
-38
-90
21
10
33
-30
7
73
20
11
30
108
9
-28
-23
83
-16
-35
23
-12
-86
-20
26
39
44
-117
60
-45
-8
-177
18
7
78
104
19
123
-27
-21
-12
-34
86
29
154
-42
76
-34
15
57
-8
63
49
-8
0
-53
-1
-21
-89
18
-21
6
14
-12
65
-5
-22
-48
-14
26
-5
-25
28
-2
49
34
38
91
-42
-20
51
11
-107
-17
-28
31
10
-7
-51
-30
20
23
-48
5
-11
22
-3
-16
5
45
61
-47
-47
-49
-70
-1
42
61
-6
88
31
91
-43
89
-12
14
1
29
103
21
50
-7
36
49
20
59
86
-20
-30
-36
-10
32
87
12
-35
-4
10
72
-24
93
-71
-8
3
50
-7
17
-37
113
22
40
-66
-67
-3
-38
-31
69
-36
16
-41
15
58
-52
-16
52
48
-48
-4
57
-5
15
-84
35
82
-64
11
0
-46
-39
86
82
-56
-21
126
17
-25
12
-74
85
53
52
-37
-4
68
2
-7
12
46
-13
-21
-17
-43
-20
22
-13
39
104
-47
-34
24
4
-179
-69
28
-20
33
-20
-38
-27
-5
-63
-79
112
-2
13
50
-6
35
77
22
54
-41
8
25
117
4
-50
-28
27
56
-26
103
-43
21
89
26
27
3
-28
0
-16
-134
-17
68
13
-34
22
-18
43
46
-50
-17
-40
-30
1
-68
-26
-16
45
40
33
18
-33
49
0
-41
81
-21
24
13
44
48
13
2
-34
51
-41
-57
24
6
-9
-25
-55
-66
5
45
-64
-85
-6
-67
21
-94
8
-65
-56
-61
-74
22
-47
-34
-29
101
19
65
86
53
53
-65
-9
19
37
-11
21
-1
30
17
-17
9
-2
-2
-11
-19
39
15
-26
8
-20
-44
-13
72
116
45
-67
54
-5
-13
46
42
-77
46
-18
11
-68
32
-30
35
74
44
-21
-106
30
5
-90
145
57
1
28
-20
63
-9
-12
12
-7
97
2
20
35
-29
9
56
62
86
88
34
-47
-1
4
21
-144
34
-43
20
44
-46
65
-20
20
-36
10
-47
-4
37
-13
31
-1
59
-34
51
32
-25
114
59
61
52
46
-5
-6
113
41
81
-29
59
3
18
102
20
-11
79
-29
12
113
14
9
25
2
29
101
41
-86
-25
-68
23
40
158
19
61
50
-23
104
18
-20
-17
-21
6
-34
-8
-47
1
21
-15
-13
-37
-48
-11
65
0
0
130
58
6
51
65
-38
-1
49
32
24
22
93
117
63
-3
-11
-10
92
-19
22
-56
110
63
6
6
99
-9
13
8
40
-1
48
-13
-4
92
58
-56
82
-8
-27
82
42
-56
-33
18
154
-33
35
116
-13
25
-47
-13
29
-7
20
-89
80
-38
21
-33
-25
29
84
39
13
-25
65
28
-20
60
-43
-48
-33
30
36
6
61
-49
-7
3
38
61
-28
-3
-59
-26
117
19
51
-36
-14
85
-40
27
41
65
76
-11
31
-1
12
24
-58
78
30
-15
7
-19
-102
67
-90
-15
-5
-20
7
63
-3
-8
-13
32
26
50
-6
-29
-23
-5
-82
-4
-67
16
34
67
-31
80
34
-31
-27
0
-40
-7
-20
46
-66
27
35
-43
22
69
22
-9
-69
-25
-54
-4
-56
-157
-46
2
-56
-37
8
33
50
-121
-37
10
-9
-33
72
18
39
-17
-9
40
-7
-59
35
30
-9
57
30
-14
2
23
31
-15
91
4
9
-8
20
44
13
-53
-15
-34
25
-13
-115
-70
-35
25
58
29
28
14
-3
-46
35
36
-152
43
101
36
-34
18
-39
14
-4
-13
26
26
76
-45
17
6
5
10
-31
-7
43
59
-34
-19
9
-203
30
7
33
-97
-65
7
-4
-60
5
-79
-38
72
0
104
129
-8
-3
-25
-41
-19
-4
13
36
31
-34
37
-1
-12
50
-80
21
35
-53
-7
-67
-63
-11
-35
-2
58
7
-22
-45
46
-13
53
-67
-12
-61
-3
-47
30
-26
21
-56
50
42
14
-41
29
14
23
-62
18
85
89
6
16
-77
-39
-25
-10
85
-34
43
30
-21
-47
92
-14
3
91
62
-69
3
56
-105
29
40
-13
8
11
22
-19
47
40
-45
18
113
92
0
-42
-69
33
-24
-43
65
-54
11
-15
88
-34
107
16
-34
12
24
99
17
45
-16
18
8
16
-69
-8
-16
35
10
-22
-12
38
8
52
28
91
2
44
42
31
18
130
25
-28
22
44
2
-12
-18
126
-10
35
7
-48
45
63
-9
-89
4
18
33
56
68
4
99
39
5
-39
-1
30
-26
-12
-80
-37
9
11
10
52
7
-1
5
42
50
65
9
7
-48
-26
-2
45
-43
-87
-9
7
50
-67
-67
34
33
52
0
44
-48
38
-47
-80
-11
11
24
-134
-22
-30
-9
8
94
96
54
-12
14
-37
-26
-66
33
39
-53
-9
62
-82
-1
-12
-5
66
-28
4
96
-5
58
-40
42
3
6
-49
98
54
14
3
18
16
28
-24
-18
-15
-16
36
-27
-5
-24
-41
-5
-7
35
-39
-34
134
-28
22
-73
80
21
5
-28
75
78
-8
57
28
-23
-22
-69
98
30
-62
8
-20
-43
136
10
10
-50
33
-22
-36
33
-12
-53
-21
-30
7
26
-22
61
63
35
-3
-58
122
21
17
19
-17
-7
53
-210
10
-24
56
0
28
57
68
-3
-28
44
108
-40
-22
-28
-5
-26
36
2
-34
21
41
9
50
4
8
-25
-26
-31
60
-62
35
-74
45
13
-15
-31
37
23
-28
-48
25
-38
-2
52
60
22
-5
-2
21
7
-83
-93
-68
-25
-5
-32
-71
-29
19
-43
-108
98
15
32
6
-66
21
-106
-23
-18
9
16
30
-40
41
51
-11
-66
39
17
58
5
-27
100
65
3
-69
18
40
0
82
-76
-22
-19
95
-26
7
62
82
17
-35
4
-14
-19
14
-50
26
44
-79
-7
-9
27
-31
18
-57
-8
-3
52
-59
98
11
54
6
-100
29
1
44
-44
85
-57
-8
17
35
41
16
-74
39
-41
13
35
36
5
16
-16
12
5
-7
-21
-123
53
-6
-15
-44
-42
-24
29
92
51
-7
71
-10
23
78
55
-63
26
18
9
-43
4
64
-58
10
57
-80
72
80
-18
-102
10
-12
-66
6
99
-41
25
54
32
64
58
17
-68
23
15
10
-3
-51
6
-83
-69
29
25
-19
-59
-27
-46
8
-7
-47
44
-87
-30
16
-56
34
-12
31
32
36
-71
10
12
19
20
-108
3
10
16
-24
46
91
55
55
113
24
-17
-8
17
80
-2
20
51
38
0
-32
-26
-78
-49
-102
83
-33
21
32
-52
-11
-46
19
52
-73
-8
-9
-10
17
-53
18
25
-12
-6
-73
-132
54
40
-42
66
6
-36
24
3
15
-10
26
-7
41
-20
59
-13
-61
26
-67
11
-65
15
-39
-46
-73
-65
27
54
-62
-15
-45
5
-4
6
-31
-23
30
-5
16
6
65
0
28
-29
58
-25
-21
48
28
-12
35
-24
-77
41
-59
31
49
50
-22
8
-67
28
-20
22
6
67
-38
-38
-15
19
41
65
-2
-17
32
25
-22
5
-5
-33
-2
-51
25
63
-104
-26
16
69
65
-75
7
50
-26
50
-63
-14
17
-38
53
9
6
-54
0
0
89
-31
39
49
-2
-37
88
-39
91
39
-10
117
83
15
-22
25
-13
17
22
-57
22
-27
-32
-18
-25
28
75
-17
-23
34
-27
31
-56
8
26
3
-12
-45
37
53
-22
-94
-17
-92
33
6
27
-16
-28
21
-58
-58
-51
1
-146
56
-53
82
13
88
68
-4
25
-99
-2
35
59
59
63
16
-13
-16
51
12
-3
22
53
49
-2
17
-47
-24
17
-53
-26
-49
31
89
39
-5
7
10
-40
57
-106
23
-18
-93
15
71
-82
-19
2
-29
27
36
131
11
-79
-38
66
4
-31
-5
-31
21
-11
8
18
2
96
23
22
-67
104
-81
-21
65
16
14
17
38
111
-29
31
64
24
95
9
9
40
-77
-47
-26
49
-115
-114
18
14
37
115
-33
19
64
-49
-84
-57
-14
58
6
-47
-95
-21
-47
-18
87
13
90
-25
-14
-36
-15
-16
10
39
-44
-77
-7
-98
-2
27
-15
-48
24
20
-120
102
-9
28
-26
-4
-3
78
80
17
-30
13
38
68
0
-33
-60
-27
-25
-58
-33
-48
-75
-44
82
3
-59
-64
87
-44
129
-79
-6
33
27
-45
-19
15
68
-48
24
14
-101
125
38
29
112
28
-20
59
-70
27
5
32
22
-30
-89
-86
-65
-46
61
-43
-18
139
5
31
6
-46
-18
-26
-74
44
59
25
13
7
3
44
22
-32
49
10
-30
-5
-46
31
-43
29
45
35
-13
-12
-10
-84
-24
71
-27
19
-43
2
-12
39
31
38
-14
53
-25
-28
-21
-15
-8
2
-6
99
-55
-32
-52
-61
39
65
8
-19
30
27
-3
80
27
-7
-15
59
8
-1
4
18
69
40
64
4
-1
41
-41
58
-72
-11
-45
-100
-24
-67
59
10
58
18
81
64
-14
-40
-8
-49
122
112
32
57
4
5
7
22
-20
-3
-29
-2
92
4
36
24
-21
37
-37
-13
-29
-79
-9
61
14
11
42
31
-46
110
105
-96
-26
29
87
-25
20
134
49
0
77
-45
-44
-41
25
83
23
20
-70
-11
-195
72
46
-5
47
-7
-115
-4
15
-30
93
3
-14
-26
-40
112
14
63
-20
21
136
119
-77
40
48
-42
-22
-57
-66
9
16
33
57
12
81
-31
-19
87
-14
91
-21
44
-38
21
-3
-33
-29
23
9
36
22
-24
57
-32
-39
20
-30
-3
-10
26
-7
-7
15
-6
-29
-1
10
63
71
46
-50
17
82
47
-11
-34
-40
65
41
-19
-29
31
36
24
-29
-6
41
-15
33
-48
-42
-104
119
2
-23
1
63
68
-29
108
69
33
43
28
-17
116
23
-25
9
-52
3
4
-27
-31
30
23
0
-11
-28
35
-57
36
-19
52
-80
14
55
102
21
153
-108
-2
30
43
12
10
21
-63
66
98
39
-1
-4
29
-13
-34
-6
-3
-66
-55
92
-35
-8
32
-42
-61
-30
-24
-30
-31
4
-45
8
19
32
1
7
5
8
-2
-30
-81
31
22
49
-74
1
-12
-65
-10
48
-30
68
25
3
0
89
14
-7
-13
-3
-7
69
6
12
28
-33
-10
-27
-43
11
14
-40
-17
100
42
-57
-58
87
6
21
57
-75
60
-7
-5
-32
-79
-119
-178
-27
-7
37
25
-61
-37
-29
6
-35
14
59
-21
-1
35
-89
-11
107
-26
33
1
-48
-46
87
54
-63
39
-110
60
87
-16
-44
4
23
-4
5
82
12
-80
-35
-23
15
-24
5
20
