-261
-227
13
82
515
134
-81
137
-18
-112
458
324
417
115
18
-267
-316
425
115
-238
-302
-316
172
92
434
307
391
2
-244
-74
265
8
-442
254
267
214
30
-84
409
-139
384
-10
41
111
114
-377
-254
-14
66
-341
-361
148
80
-193
43
-357
36
-16
-4
-111
363
-363
-6
67
-356
-63
40
-185
-449
-1
-25
417
86
179
-175
11
-72
-20
-238
32
256
-45
-205
-181
31
-162
-35
34
-434
-289
370
174
-356
412
-434
126
-58
-364
293
-39
-165
-315
265
-271
207
491
16
-67
-344
190
291
181
287
-58
366
331
78
188
341
99
-80
436
-59
-35
48
92
410
119
-338
339
-444
-185
-375
232
133
48
-396
-446
463
452
-64
-447
-392
-78
-30
282
107
383
392
-52
266
219
419
144
316
-35
291
138
-8
116
-225
-337
-116
114
-55
170
-11
-42
-246
-47
270
-20
78
98
-56
-298
322
124
70
-35
410
-340
139
-402
173
-405
-199
59
284
-259
-219
-161
-6
-123
57
153
-174
88
136
369
-105
-74
279
-375
280
47
0
78
82
-335
60
-70
0
285
-514
-357
181
361
216
26
-380
-15
257
310
-47
132
-235
-12
291
372
505
57
142
214
-230
33
121
59
117
179
-245
201
53
-103
299
-263
125
-77
-419
13
-153
-327
64
-494
354
156
111
302
106
-305
53
-81
-27
-160
284
125
-213
390
-354
-337
166
149
138
-28
270
54
329
-259
-215
-454
386
35
141
-161
280
-78
-127
277
189
73
-6
87
4
376
-83
279
134
-39
-67
-6
98
357
-180
160
262
34
-79
-15
184
78
133
-370
34
-356
269
189
272
282
277
51
-5
109
101
412
-355
452
-321
27
5
-409
154
270
-271
-147
148
10
478
136
323
-23
-227
-294
-350
-52
-364
-339
128
-245
-40
-462
131
93
-459
-27
-26
361
87
-182
179
410
123
102
188
294
165
-24
78
141
128
-213
-188
-105
97
292
-34
-157
-206
200
35
-422
492
-321
-70
-120
-55
-302
179
186
-308
141
-100
217
-14
76
20
-414
164
76
120
-313
-44
426
-262
139
114
121
-331
-84
-174
-7
486
20
120
198
347
324
176
-393
-96
98
41
177
-34
-29
316
301
-68
281
-458
225
54
217
117
-251
318
236
346
-185
263
29
-2
-302
-356
-8
-9
88
-264
272
-21
-204
120
423
246
101
154
-121
-69
-110
291
105
14
-235
-107
328
139
131
188
114
157
273
-62
225
0
-274
-15
62
150
160
-106
-41
105
143
173
130
406
-348
-71
441
-297
245
354
288
143
507
280
-110
229
-38
-134
106
-248
58
-79
173
247
-196
174
-65
-213
301
186
55
380
500
-11
-34
109
241
284
464
492
-39
334
-175
-350
-369
332
-254
186
390
-297
198
86
-159
16
36
-96
-278
314
78
-53
-38
-87
86
-125
161
-309
245
59
-310
119
-16
-24
132
63
-10
9
396
271
-149
-19
-281
-235
-304
-196
140
10
-383
-101
-5
-67
-58
-245
48
-80
-183
-89
-240
-246
95
-22
126
120
-186
219
97
-30
-343
172
192
-210
134
115
96
62
537
-282
-52
108
184
462
88
494
-92
-109
-389
-39
-388
-21
22
287
-40
-240
-7
-52
442
-185
390
-19
105
17
-36
-36
108
390
-370
-291
120
98
-64
41
-15
-82
470
-299
-34
73
217
-151
-413
460
53
-314
87
-257
-4
-350
-77
-416
413
67
136
322
-259
-285
-102
-233
292
-128
221
-75
-318
-200
-356
138
263
12
95
-38
30
-327
419
368
396
236
-177
302
-306
138
-39
322
476
-90
-446
-223
278
-234
-19
153
-416
293
-84
-339
-59
-27
-251
-108
87
-449
98
74
-65
-73
360
53
203
25
-2
284
76
424
9
44
5
-23
-230
-16
-196
-36
286
257
-237
478
329
-51
406
-10
286
-149
-115
53
-26
30
-76
93
408
173
-385
3
302
-95
56
-241
-314
-273
79
-8
-75
106
-161
114
413
73
-418
-292
1
-54
-191
165
-63
1
309
269
96
-316
-30
-431
-17
335
-147
416
77
56
158
331
-370
-53
-484
322
-66
-57
30
29
-2
-48
144
126
-87
-405
478
201
-218
294
-250
437
-10
157
-265
242
222
313
160
-103
15
-132
18
-29
-442
331
-409
63
-169
484
128
148
-251
104
316
321
0
107
-395
-302
-103
115
98
-215
150
-149
218
274
-176
136
146
282
-25
-194
-314
183
-160
-298
114
-2
-385
153
-334
97
-269
391
299
-279
438
182
128
-22
-459
159
101
154
435
-55
118
-317
144
-36
452
100
-22
120
-46
82
-325
242
66
177
-190
-233
53
19
-338
289
194
-34
268
-298
-464
34
-319
135
-101
88
69
14
-298
210
85
-264
429
-431
-432
43
-266
206
121
312
297
112
203
-392
106
151
111
488
86
-101
312
72
294
507
94
-68
-259
-154
15
267
-40
60
-224
370
68
-410
382
384
14
97
-366
-368
266
-412
178
-35
-19
98
317
383
-27
-97
152
437
138
354
-25
261
-24
-471
13
-17
105
-284
-63
-49
-144
474
315
-375
-83
88
108
136
12
-75
307
249
-50
-232
22
310
60
-33
542
428
-13
116
-99
-258
5
125
-283
-302
-59
-134
167
58
-31
106
-392
-10
-207
-56
153
289
-538
-51
467
241
-21
234
-393
-134
328
132
-26
255
51
-128
309
-160
-90
71
48
192
-324
131
-339
-24
434
354
-59
-28
25
153
127
121
349
464
56
124
-106
-335
122
121
150
-103
186
-309
-73
66
-271
370
460
-285
429
-141
183
296
-128
339
161
-291
15
131
59
-379
429
21
25
-85
-371
-362
138
28
58
43
61
-34
82
462
301
-21
-169
-280
-392
43
137
339
502
60
-239
236
326
-393
155
115
-252
-379
131
0
-4
8
171
426
180
301
-125
-216
-125
197
303
-192
-277
153
-79
-196
-72
-266
-99
430
338
-155
278
15
237
-54
-213
-249
38
-22
-131
111
227
32
29
482
-196
-88
-346
-370
-114
-59
72
-291
-10
-206
-91
-27
357
188
-123
152
326
-200
-386
-321
328
-367
-71
191
-3
-209
-104
129
72
-38
7
-175
352
75
226
9
308
146
105
184
40
-300
197
16
223
-401
-105
-18
438
356
204
-31
362
-342
-335
-64
156
458
115
-182
486
152
76
107
199
388
130
-44
308
31
91
387
-136
291
-238
134
-266
-77
46
43
-358
-83
129
-70
-237
-412
18
-31
193
16
-74
-313
-37
-97
-315
55
190
-71
-90
82
378
-62
-82
542
-134
89
-53
-232
-38
243
-228
-30
-87
-16
68
-44
-305
108
-64
-61
320
-447
162
-28
-54
47
67
-253
-17
57
281
87
162
-197
35
12
482
-97
192
-397
-24
-42
278
70
-195
-63
-41
133
299
10
-5
43
302
269
21
322
263
-120
272
438
-27
-115
274
-468
-328
56
-57
-366
109
-194
-12
-174
-69
149
279
-288
-52
-60
339
56
291
16
-310
29
-196
116
-124
-108
51
37
-141
370
238
9
-221
128
186
-22
102
91
117
149
195
21
235
87
456
-38
294
7
-136
57
18
470
391
68
328
30
-326
-72
376
200
-71
287
184
-99
75
-304
41
89
-342
-479
343
172
-165
429
197
302
20
-233
-80
150
38
268
-420
219
-375
-170
161
200
131
64
286
-97
84
361
502
283
236
257
121
-413
-208
159
265
36
-524
66
136
92
-91
256
-27
72
-1
-320
494
331
155
-315
163
-92
-538
348
-70
90
267
8
141
-70
-255
354
68
-420
-128
-335
186
256
20
9
76
-1
289
-370
-45
361
16
-57
-350
278
410
262
200
-72
16
181
-76
325
-162
120
-132
-52
166
97
-324
-224
231
-39
-208
136
284
-99
145
-145
57
-269
314
225
291
-25
1
-7
67
-411
183
-60
-74
63
-344
160
12
201
-380
-43
336
388
155
124
75
-63
462
-92
-139
50
397
-314
273
27
70
138
-203
326
115
-107
260
268
247
-363
-25
-23
177
-24
-203
-30
24
393
-1
-384
288
-156
95
-201
275
284
-28
313
-61
269
83
-208
350
166
203
-440
46
-19
435
134
-185
274
149
338
23
6
-50
-322
208
-101
-251
289
222
-18
-169
-210
177
-391
-159
125
100
365
63
137
-384
-365
272
45
230
376
-147
108
-3
-51
345
-132
99
-322
-78
136
-30
136
-334
285
-269
60
-76
335
189
-189
124
35
-111
-356
354
-138
333
243
74
-390
-478
-239
400
201
33
-127
77
124
338
2
203
55
-125
-231
72
-43
-509
-18
298
275
-221
-113
317
80
-37
-83
-84
-312
380
310
16
-22
-419
-449
-61
53
336
115
-1
-16
309
44
-353
-267
333
-411
-331
-233
-259
0
-120
-340
45
268
97
-102
282
11
19
-16
32
-11
144
73
250
222
-383
-47
-356
-39
-80
65
182
388
-340
-77
-140
-216
418
-160
-144
252
199
16
284
-147
196
38
-41
-71
148
-359
324
296
-394
-179
-75
372
-7
118
-78
489
-175
-103
15
-85
-68
-18
125
-447
303
17
186
-121
-24
97
354
-334
-50
-58
-100
271
-231
305
-43
-372
-55
148
151
99
-390
-154
63
344
-290
299
9
26
-327
-35
-429
-96
-20
-262
48
158
382
152
1
-121
353
-471
133
210
-201
-375
128
-449
309
-450
12
-298
271
-334
-378
84
68
310
157
-323
-246
126
260
181
320
-218
26
50
48
76
31
397
-159
40
-70
47
-449
452
318
-67
62
-514
-74
161
127
262
-297
239
-1
130
96
-388
160
-289
311
-88
431
186
97
-252
-81
189
-5
-361
1
63
164
-438
73
20
-141
47
-232
157
119
114
-113
-149
441
-1
-131
-70
300
-257
178
27
131
-300
-364
-461
56
188
-7
28
280
288
127
-40
25
-296
-192
141
111
60
136
537
354
212
229
292
139
-19
258
179
-300
48
-50
-360
-16
-100
-364
274
-220
-39
154
102
266
56
-34
-68
-449
30
-405
290
179
47
309
220
-217
378
-404
118
102
-96
2
-281
-21
223
-255
-207
173
145
159
286
-38
-27
157
79
445
-414
-44
-354
-50
104
274
422
-19
-83
-99
-78
-231
-200
153
81
-450
171
-340
4
328
-74
-291
165
40
-71
-394
505
282
87
70
162
319
23
-264
-30
321
-67
-50
-349
78
40
257
-234
132
89
-412
-298
275
-86
-432
437
2
280
-389
127
-410
361
44
-277
274
-7
-14
-3
60
-85
458
-342
118
-500
203
289
-291
86
-196
-356
67
180
-168
-10
-267
-119
-328
483
-18
452
334
279
60
-366
-95
45
5
-32
-198
8
-18
-96
131
-327
105
-264
115
87
100
-43
-131
-13
-122
82
186
-282
494
1
-162
-119
-70
-3
-44
453
-176
-81
29
260
-218
171
47
563
14
37
-102
-346
156
-10
6
-150
-123
-2
355
137
-369
80
355
-142
173
480
-239
255
-78
326
197
187
82
-39
322
314
-34
-391
-75
-99
108
-31
282
-51
111
-10
-56
280
-56
-401
157
-19
324
55
-161
-45
41
-228
-252
329
-374
164
-297
402
-92
-113
366
46
-414
108
-359
-90
156
-143
9
-1
-231
85
-413
274
-278
370
245
400
153
-53
-449
-262
-57
26
94
106
-13
79
-354
310
-104
25
-341
84
171
-60
-150
196
199
89
350
-93
123
20
-179
67
-17
75
-461
85
60
469
85
133
68
-336
7
-162
-163
394
-48
26
-5
-17
-6
52
43
-249
-15
-188
-278
3
250
146
-9
115
134
63
-75
-123
1
260
121
262
264
214
-154
237
331
96
267
56
136
-225
-37
56
-233
149
277
-213
-301
-337
-47
318
44
191
-261
148
-51
370
-244
237
-20
-116
133
-60
-231
223
-22
17
141
-89
416
-16
-350
56
-58
34
36
73
240
-468
92
34
-409
56
-393
-235
-38
437
-145
-52
-31
221
6
88
344
-57
250
137
21
134
-95
-7
-64
-137
117
419
208
-83
127
383
-226
45
-214
-320
300
-28
-52
452
-10
-467
3
58
-215
-3
-225
54
-2
-89
99
-27
-23
-58
437
278
-112
123
2
-73
-27
151
101
56
-478
170
-95
35
24
94
-397
71
114
-73
-398
-236
81
-77
-322
-2
-114
-254
-431
1
389
-128
-228
36
-17
-119
139
390
-137
118
-289
52
33
42
366
332
132
185
-61
69
127
-320
44
398
196
-16
468
144
-238
71
14
47
-41
341
-313
241
-391
-41
-2
264
-252
-7
-88
-20
-18
-8
-243
84
-49
-148
119
136
-102
164
33
29
143
497
-309
353
-213
-8
-314
221
462
-72
113
-118
-94
9
385
-117
-44
-493
84
12
187
162
313
188
111
108
313
317
86
86
-286
-370
-24
199
-385
-41
280
-46
-40
-37
-22
-467
-56
-399
41
478
98
389
-288
343
209
123
-185
162
237
-38
310
-395
192
165
-308
165
-335
-372
128
216
-5
461
219
-10
-272
6
149
260
-70
-338
-354
193
110
10
-366
-130
136
127
-50
-250
78
194
45
-87
-376
202
-83
-28
9
-375
85
-141
141
-78
314
-55
62
-137
-228
147
-176
-11
76
136
-39
64
-4
-158
-179
-280
-110
6
116
-123
-17
-419
196
-171
-316
121
436
-62
178
412
-340
73
317
87
443
426
96
342
-152
144
175
-7
360
116
-250
-29
131
165
332
-131
-487
96
-298
-334
-524
191
450
-374
348
299
-36
-430
-326
-31
462
363
-45
-352
97
-220
-75
76
3
221
-280
-245
-35
-24
202
345
-51
-336
-206
-94
-393
244
-51
311
345
412
-288
-251
150
-35
143
384
-35
-68
383
461
147
-393
-143
95
57
-259
-420
273
-43
-182
224
178
90
291
-380
-399
-13
102
19
-316
-370
467
128
-89
-275
143
-181
35
263
30
426
27
-227
-99
249
-13
296
-83
227
-494
-220
325
-288
82
-21
245
226
56
-418
-30
284
276
-335
424
175
378
-42
1
282
-231
216
-52
-238
90
354
-64
286
-14
88
-228
-413
-303
72
-235
-51
-34
206
-293
-281
86
-22
-521
262
-18
-68
-54
11
-74
-66
1
73
333
443
-399
-78
-90
-170
387
43
142
11
104
-20
-385
54
102
154
94
-199
-174
2
-144
-131
199
288
55
-3
-265
-435
419
171
-3
-37
250
105
-35
-423
0
-81
-2
93
461
-326
-3
8
218
144
-4
-329
-284
24
-54
108
-246
-61
293
1
76
82
-185
218
152
30
-243
-175
210
104
196
-219
82
53
-176
425
31
-7
423
221
-28
-17
-66
86
140
25
-57
-31
-240
226
161
-447
324
31
35
328
48
79
492
-44
452
32
-9
-330
-72
297
181
-449
15
-262
286
-276
-80
69
59
21
290
102
70
82
81
39
431
336
48
-64
443
-286
338
33
512
-65
-25
-241
133
175
25
166
-302
26
344
71
-42
-431
-482
-214
-14
290
-80
-35
-286
65
294
-2
-38
198
442
-139
11
92
497
97
106
-461
58
-29
227
294
49
-27
59
-31
-80
-359
370
-205
86
-294
14
130
147
-98
-268
-15
300
-5
-92
79
250
-169
435
144
-396
43
116
98
-249
491
-417
114
347
188
144
311
-114
-314
82
290
-383
-432
93
-249
59
-167
91
102
-385
93
-71
-316
175
390
391
159
-122
70
212
153
12
316
54
208
470
-271
264
301
119
82
394
32
-98
-435
-107
-328
-77
-59
-29
-93
-36
5
115
108
-49
-364
-380
-233
191
41
-13
93
5
93
491
-267
445
274
199
-153
271
-121
-105
-1
-231
-177
331
-84
-261
15
102
-70
84
-27
-120
108
-31
-280
229
276
-52
-387
381
81
-277
27
74
-128
0
-345
-279
77
250
84
111
393
447
250
-10
426
-134
-151
-13
457
252
-22
-256
-238
353
48
442
26
290
101
-26
-400
60
57
13
90
349
117
-210
-408
23
281
-190
7
-74
160
77
110
46
-10
-331
85
306
41
-340
-13
165
16
-467
-11
268
-287
249
-48
400
-58
252
40
-340
-355
103
33
0
117
498
59
95
491
423
59
-193
-144
-81
-461
68
314
331
419
-149
364
-248
-64
387
-363
-382
-39
-293
347
-17
93
-100
277
-328
73
111
417
-297
309
34
89
-309
20
59
283
-413
466
92
-262
-48
-18
94
5
103
488
83
-416
-1
48
-199
-8
279
88
134
-38
49
-59
-227
313
166
-111
76
393
39
145
-140
183
68
267
-15
267
-323
-8
266
-196
-259
311
116
474
76
291
2
144
240
-370
27
-59
102
265
-482
316
-370
-162
290
497
450
-313
-339
110
71
-69
-421
174
-367
320
316
417
193
107
102
143
155
-1
-62
-46
265
-51
167
-111
134
-40
-256
27
264
-158
-327
-169
-15
80
-35
-342
247
-235
34
21
137
321
-28
-329
-15
73
112
166
-397
65
-28
197
90
280
-6
286
-25
38
344
-60
-180
2
-102
-451
-347
251
395
-80
108
-80
81
-385
266
87
-228
88
-185
443
268
-26
396
-61
457
-342
346
16
173
106
263
-298
210
512
-56
-295
-90
51
44
-118
442
440
-40
97
7
60
426
-23
141
202
266
-50
-418
342
-11
-281
28
82
65
17
-205
-396
151
-174
-369
45
217
42
331
-76
96
-211
-52
419
-43
160
227
-41
433
311
346
-446
96
34
97
-47
412
1
-35
-44
-193
436
214
397
84
-353
349
17
310
-5
71
-196
14
-310
-371
-3
-321
34
223
-13
63
-310
-102
-449
433
-67
411
458
-43
16
-87
450
-483
-4
214
-447
-233
0
60
15
-141
133
16
201
87
-83
-156
101
-72
-358
143
-199
28
82
413
15
100
10
224
-380
-278
-41
396
32
160
-266
-29
60
312
-176
-26
-87
182
157
327
54
48
-408
84
428
-36
-185
-132
25
435
-2
63
-281
433
-177
41
125
118
-281
452
140
413
270
-278
263
84
-108
298
341
291
-56
-398
-83
-32
341
130
-18
195
370
-57
31
136
474
-58
-409
-17
310
111
-327
266
-277
-136
-404
486
-30
112
275
494
284
221
54
56
-38
218
320
44
-375
227
67
367
30
68
20
-45
186
60
24
14
-200
47
166
-194
51
222
-58
6
-81
-55
101
-138
87
391
253
252
297
-62
228
93
78
430
288
-2
462
366
-45
-125
342
195
116
431
76
-222
221
311
-228
-39
241
100
286
-184
224
483
310
256
-243
325
44
184
-115
12
113
341
-295
326
429
288
-3
178
-346
-70
9
181
321
-68
100
62
-418
137
-56
-312
-12
-315
-14
-10
-160
-389
121
457
-208
220
109
-27
86
-233
-334
-80
-219
153
207
153
244
157
343
-42
476
275
-214
434
171
21
-83
-110
63
128
446
-52
-318
34
16
0
478
-30
-217
-75
460
-9
102
92
413
-49
235
298
-174
127
200
-236
43
109
98
0
29
48
366
-206
-60
-538
-417
48
-21
-200
498
275
-97
-210
0
-21
194
49
-2
55
207
27
254
-240
361
-79
188
52
412
1
-50
-53
220
227
382
65
92
48
-142
-405
154
78
32
-29
-55
447
-135
120
-392
-54
144
-212
-14
-160
142
31
160
98
-47
183
195
452
305
59
442
-55
191
-351
419
-331
-15
87
47
-3
-164
-358
-523
-60
6
87
-318
-73
39
-70
177
-221
24
-11
24
-41
-162
109
-297
90
324
-6
226
289
363
-430
280
120
-2
289
-21
336
-25
336
-402
255
427
-273
40
350
-102
-150
9
95
364
40
108
-387
-255
111
-45
164
413
82
-81
279
314
138
-163
-288
-17
-252
-228
50
354
-392
-309
77
27
339
326
51
10
-314
-216
108
-387
-206
-302
54
98
482
-231
77
233
-59
-144
-184
28
26
263
4
354
-182
99
-6
125
-124
-39
-15
-75
81
58
-188
-261
-9
185
-32
-187
-41
486
-361
18
-75
210
349
15
124
-335
141
-57
-353
138
95
-85
193
280
362
-327
-301
144
150
90
-68
314
-82
-73
-106
29
101
182
-24
319
-47
53
13
-29
-115
-234
-32
170
136
303
-2
-41
-110
162
238
39
418
-62
-225
-252
-15
-397
335
-227
318
433
305
205
45
-216
-116
119
-343
-206
-320
-168
114
33
48
254
-433
-27
68
-231
-151
3
316
106
24
41
65
309
123
376
39
323
70
165
132
-314
292
188
98
83
-30
-33
-258
-88
12
-415
92
-349
52
282
109
389
29
199
-434
82
61
154
147
-3
386
47
301
219
308
-496
-150
377
107
-24
-85
96
83
-415
-400
-100
-1
-362
-42
294
499
391
-451
197
-414
211
18
-80
166
331
-161
-20
377
-248
31
34
258
-16
-91
89
118
45
-447
105
422
109
191
332
2
121
33
-293
302
293
428
408
-37
26
74
32
-1
48
35
-321
354
-31
389
-76
28
-298
290
-393
-192
-324
-5
467
161
-218
235
60
-10
112
456
183
58
-455
326
418
37
-144
-222
-53
-260
1
4
-144
-313
8
390
-28
-29
263
-271
-355
-287
243
1
-367
-43
72
299
-50
-73
-52
-357
256
368
-53
-106
-50
-77
42
190
418
-252
92
-30
63
47
290
348
78
-75
32
-476
-121
-20
-99
-89
343
-59
-8
303
-36
214
210
34
-60
117
-264
450
83
-258
-71
291
-39
-227
118
277
83
-272
-238
343
253
-89
-339
-115
89
153
335
280
446
-11
93
-298
59
82
418
33
318
-176
64
-111
-326
323
104
-168
109
64
-50
-312
30
-263
173
-157
-34
181
7
86
327
40
-132
-304
320
-153
-117
-69
307
-209
272
-139
141
285
-331
-53
54
-25
425
-61
-359
81
-35
-58
-70
-111
477
268
-39
-83
33
409
-57
-76
-302
74
114
-123
-257
-267
26
59
-354
-21
32
108
-24
10
451
249
43
96
-356
257
-218
-439
-209
-419
-521
22
82
-159
82
65
428
15
143
-100
486
-340
42
324
-30
-122
-15
-385
27
-93
235
102
-10
-34
-287
456
314
91
408
-347
40
-16
245
-213
94
-399
-58
-36
279
403
-60
-267
-2
250
141
-90
136
-184
-64
132
-43
-304
-195
-12
210
-76
325
48
312
-72
-14
229
-255
-323
137
-29
-68
-356
-27
-222
-52
68
-50
2
-134
-35
-408
279
-178
56
302
128
30
-482
227
87
-280
-59
-59
-375
-227
20
268
-5
291
85
158
-259
-357
400
209
-476
-5
-288
96
98
-2
-155
435
346
288
-351
354
-10
396
-14
-239
-100
111
50
-95
-288
-310
241
-10
163
-251
-324
129
280
-11
267
142
-358
-104
-257
-162
219
-19
-280
100
-461
-6
-285
-226
292
-428
138
378
-275
22
-176
195
-262
-68
-191
-98
-281
-23
-98
-178
245
277
416
-44
346
308
285
134
311
210
87
25
128
227
10
104
183
-17
237
60
14
-13
163
2
217
143
153
-59
127
-322
160
-212
-416
-1
159
105
320
-40
107
109
-387
37
124
-354
12
50
-245
125
25
-523
-261
188
171
-68
141
-120
150
-421
16
-164
180
-71
-275
241
115
511
348
-145
55
-78
-307
-121
-343
271
-44
-51
466
57
103
-18
-126
54
-108
141
-8
73
229
109
-51
-225
-53
-139
133
208
140
46
43
-66
41
319
18
-139
25
-251
-299
-1
77
102
63
-410
-76
-42
267
436
-461
94
-218
-431
-28
-80
-33
-89
143
-248
-145
-12
273
104
101
159
-43
381
-364
-38
10
210
425
226
-215
-13
-288
63
-255
-130
-26
239
257
-11
-108
436
369
498
350
-243
99
142
-124
-70
13
27
173
113
115
3
126
-68
242
63
41
23
-75
463
-68
160
-107
76
-405
-120
101
26
-431
135
264
-126
14
134
93
18
435
-74
-221
343
1
-102
-52
144
162
-74
-153
-325
256
-250
198
70
393
433
60
-459
-59
1
-145
79
18
290
-90
79
336
145
296
-247
366
-285
130
-106
193
-203
-61
-157
300
426
143
61
96
-260
150
427
-238
71
61
44
83
33
128
193
174
165
-192
-19
318
125
-194
11
-376
-187
-292
-68
-361
153
369
187
-399
-343
366
-283
138
125
-185
74
44
43
-36
427
20
71
-80
86
134
89
-61
45
-349
127
252
422
-275
-382
-9
79
-404
510
123
302
-51
214
296
124
118
48
381
136
-92
87
-45
114
336
-454
288
376
50
-122
294
-13
456
-216
-55
-400
-245
-74
161
17
56
-72
-1
484
-297
-134
77
-60
20
437
316
-128
71
169
-49
-431
486
-72
396
-113
272
-130
161
13
-199
24
-263
11
352
-98
-17
-99
400
-15
262
332
180
-52
-49
184
-29
-18
124
33
61
174
52
-334
188
-285
-381
-388
109
143
-52
12
105
64
-342
28
-145
111
-45
-65
-155
-252
-433
66
265
-9
-268
173
-216
-187
-22
498
326
-111
-185
111
348
202
-3
-361
-57
-304
-338
71
-3
-35
480
246
280
-109
346
89
-467
-341
-58
-196
68
443
77
117
218
171
189
371
-131
167
111
151
-28
-96
9
-17
24
-288
5
55
-287
-365
286
114
316
-288
466
-48
178
133
31
141
201
-90
-433
93
-20
-36
296
260
-93
-357
12
164
339
-85
272
-356
-132
-45
0
78
-1
340
118
92
58
-338
271
-369
-149
-13
202
8
42
410
-200
133
-359
-60
-449
378
-243
241
470
-69
-81
-52
218
398
-34
-70
-4
20
394
332
-355
-57
411
313
-83
209
-15
486
127
45
-58
197
14
-370
72
5
-31
360
-4
-83
-38
-30
157
-74
-49
296
-54
6
66
-278
-131
276
45
-21
6
-173
-333
54
-45
-9
41
315
84
235
-95
460
-94
24
-225
121
-296
-340
56
-220
-280
63
5
146
282
-90
436
68
-219
337
153
-12
-79
-247
268
105
281
222
13
-16
43
290
-32
-410
-130
-458
200
-26
-334
-84
225
64
-31
217
87
33
-312
109
208
-206
-96
-77
326
326
-7
-131
398
300
-25
56
-288
37
311
198
18
49
258
186
194
72
-349
-39
106
83
82
208
-22
-41
366
234
-22
-70
160
451
165
-265
-8
82
-356
118
102
482
299
385
-30
-32
-360
337
-306
419
386
7
-273
-70
-148
-350
186
-55
-142
322
-3
-258
-53
-68
171
220
-67
-256
133
284
-37
191
2
-148
260
136
4
73
-118
120
333
226
302
277
-141
-435
-5
310
201
303
388
58
272
252
315
-1
412
59
-291
167
144
-308
10
-34
59
182
-26
27
282
-10
35
243
-450
-170
-216
-42
-104
64
102
134
-294
93
83
405
89
-367
-35
-334
-16
19
-420
219
-222
-17
-1
348
-66
-403
332
-125
-154
5
118
169
310
-41
20
343
-53
4
-35
-264
-179
200
-11
-3
-253
246
-260
-305
-81
245
97
142
-144
177
-446
-370
-107
-35
143
-103
-144
62
-248
240
-180
-428
-67
-467
-81
-52
55
163
236
413
302
260
269
96
9
-449
43
-45
-16
34
363
88
123
-454
-57
11
424
495
-430
-22
-315
144
116
22
9
160
41
361
-6
-27
75
-209
71
70
-70
313
246
-20
-234
-484
155
80
193
316
443
-62
318
-75
461
-16
458
-58
369
125
292
243
2
436
280
262
426
324
450
84
153
-98
104
49
-405
-281
27
95
339
-127
35
-380
126
-28
-218
104
19
-426
12
-222
326
37
210
-229
-3
-298
-228
-19
161
52
93
12
-45
99
-357
-236
-26
-482
126
356
-3
389
363
393
376
159
205
101
-101
142
-356
256
-74
133
68
53
183
251
-145
18
56
113
-100
-53
-262
47
142
128
-39
285
-187
-229
182
-3
282
-41
115
-151
472
125
-9
3
6
120
151
130
-382
-34
-186
83
-15
-415
43
149
472
189
347
-240
-275
73
112
121
355
300
195
-99
359
112
-90
-131
32
111
-144
-23
43
-193
-10
341
-73
-102
118
-42
-378
-32
-22
-49
-162
103
20
26
212
-75
-31
-10
219
74
-380
-3
53
-367
93
-188
197
-13
-241
19
44
-90
101
-418
-65
265
217
83
-156
311
351
74
89
347
71
316
301
372
-367
-117
133
-300
-298
221
181
483
-47
-260
105
419
107
-369
107
-240
-386
-152
360
178
156
370
60
-159
10
64
24
305
104
272
-274
-13
150
20
-103
190
-447
-52
-80
173
-53
511
-288
-44
35
130
-250
386
40
-157
-159
-366
149
301
21
-469
12
-152
-96
-34
263
-76
150
-273
-160
245
353
94
127
-129
-46
51
-264
429
-57
125
38
-318
322
368
36
-493
397
313
-330
406
408
473
-348
383
96
149
-323
-154
363
-283
393
-293
-26
378
472
203
74
-538
410
-67
390
-266
-487
188
512
-70
2
-37
138
579
272
-63
-233
109
9
-63
332
515
-44
-72
-44
-224
-47
268
-35
-41
116
-179
-497
333
-242
-30
-65
284
456
-218
-66
-5
-111
194
128
394
392
413
-135
-42
18
68
-245
139
337
-178
-383
-214
219
333
-326
196
-145
-266
267
320
411
41
-140
35
-251
-426
-66
136
-28
436
-318
-75
-370
-174
108
-218
159
-82
-19
-113
37
225
89
-96
16
112
-41
137
-131
-95
271
-11
-287
-50
46
118
-366
86
-461
223
-106
-41
19
74
286
208
-115
141
450
240
29
107
28
79
-127
-114
48
-83
5
-232
-67
280
-283
159
75
386
-58
252
36
425
21
101
132
57
397
-147
-246
-93
408
32
437
-404
-40
262
305
-7
438
-326
243
-63
118
233
-221
-390
-63
-405
36
369
-143
361
-35
-71
121
-257
35
354
365
-38
162
179
-160
58
114
109
24
8
115
-43
-94
-151
-422
-351
-302
419
37
-277
301
75
203
-208
309
-461
-116
273
-1
-438
456
386
110
151
243
-3
-140
78
-65
-388
45
37
-35
-106
122
-23
290
104
255
263
58
231
-15
294
284
-54
-32
-104
141
412
189
486
127
24
-99
271
-392
118
-281
185
148
-122
190
-12
-432
8
-192
29
256
-176
-75
309
150
-28
67
-185
77
-419
-112
152
105
85
293
25
64
-16
-45
395
-420
-115
-256
-243
118
296
284
473
23
422
-251
-47
302
-367
-425
148
188
105
-231
149
-185
-11
137
437
299
-90
183
407
-415
468
60
214
160
3
-131
383
296
29
-390
126
-63
2
-2
-13
93
5
274
-38
367
211
221
-353
-5
-24
585
28
469
279
-408
142
-93
-196
121
309
-18
-47
64
17
-58
-43
365
318
-375
-21
-70
306
443
199
-170
267
-56
-17
14
-159
-13
-353
262
-144
291
4
461
-73
-292
8
173
-350
458
349
-102
15
64
236
-16
48
118
-459
194
73
457
-275
16
-285
146
-94
-417
-75
91
138
-110
278
-124
-16
377
-205
150
219
42
97
55
119
43
-28
-96
-440
149
-384
237
-80
129
-91
-55
32
-59
412
-65
28
-90
63
211
-159
47
-89
402
-244
157
-340
74
81
0
11
2
61
-264
-35
191
243
465
200
-12
345
-188
-155
313
128
112
-196
-334
-25
101
-73
478
87
271
-52
-99
-350
-241
187
232
-99
-256
-304
434
45
131
-108
160
-34
232
270
173
190
-16
492
66
-71
92
321
162
-254
181
148
36
-315
-2
-250
-226
71
-120
-89
289
-103
-55
97
277
173
-56
-49
-38
-222
400
-120
76
358
-439
397
43
-127
44
177
243
27
-17
-16
-341
56
-370
34
281
-15
469
-127
-77
-146
-152
-53
98
333
429
253
58
305
-151
145
33
257
159
-103
441
-454
125
413
-43
136
-137
78
160
331
-205
-49
-467
460
-271
-66
16
-93
34
-43
-340
-142
-11
-17
-478
94
153
81
21
-313
-53
-72
56
114
144
-158
155
-174
-53
364
-36
123
-431
458
-90
14
-258
161
441
-70
-21
210
71
-71
-18
-146
165
445
26
120
-447
-78
88
-52
76
227
446
207
-408
-72
-415
9
276
51
-248
83
-497
200
-64
-175
143
-261
-334
36
89
318
-9
31
149
133
-31
136
149
331
-282
451
-99
290
56
263
-112
422
-17
153
133
218
-221
314
-187
291
-42
-196
108
119
-367
-389
-279
-56
156
429
407
-240
11
260
-21
-389
-217
-16
274
-15
-13
-141
-343
68
-17
458
124
-48
12
71
62
177
-248
-201
281
56
357
495
216
-351
-91
-30
-408
-37
210
41
358
-178
-207
-293
305
43
-478
89
43
48
-151
117
-122
-206
-25
109
-132
-297
256
2
289
148
136
165
-97
390
87
154
-309
99
-287
-58
97
-356
71
119
248
-35
307
-9
310
23
299
83
117
-130
210
4
-429
318
62
339
-464
179
-88
-25
286
-469
-371
-50
-112
418
-23
396
-396
452
-431
-139
199
123
54
109
146
-90
-207
-142
300
337
-275
221
9
320
193
-58
104
-120
70
-178
11
165
275
451
43
270
360
-190
468
40
-137
65
-235
-206
96
53
-38
85
-40
-405
-124
274
6
-102
70
-309
203
44
-233
